PLASMA GEOMETRY
Vacuum Toroidal magnetic field at R=4.62m [Tesla]
    11.394092
Geometric Center Major radius [m]
    4.622889
Minor radius [m]
    1.180749
Avg. Elongation
    1.603534
Avg. Top/Bottom Triangularity
    0.395248
Main Contaminant Species
    LUMPED
Main Ion Species mass/proton mass
    2.500000
TRYING TO GET TO BETA(0)=0.0519 , Rmax=4.62

Rho(norml. sqrt. toroid. flux), q, Beam Ion Density(10^20 m^-3), Ion Density(10^20 m^-3), Elec Density(10^20 m^-3), Impurity Density(10^20 m^-3), Beam Ion Effective Temp(keV), Ion Temp(keV), Electron Temp(keV), Beam Pressure(kPa), Thermal Pressure(kPa), Equil.Pressure(kPa), Tor Rot(km/s), Pol Rot(km/s)
0.0000000000e+00 6.7224754000e-01 2.1630791000e-02 2.6060530000e+00 3.0453253000e+00 9.0269311000e-02 1.0925786000e+03 1.9691305000e+01 2.3843648000e+01 3.7864863636e+02 2.0140326978e+03 2.6827772000e+03 0.0000000000e+00 0.0000000000e+00
2.3240288000e-02 7.7467933000e-01 2.2641952000e-02 2.6039004000e+00 3.0446703000e+00 9.0162303000e-02 1.0929904000e+03 1.9669250000e+01 2.3810647000e+01 3.9649847288e+02 2.0105077907e+03 2.6953028000e+03 0.0000000000e+00 0.0000000000e+00
4.6480576000e-02 8.4136698000e-01 2.3590353000e-02 2.6006338000e+00 3.0427126000e+00 9.0038269000e-02 1.0828740000e+03 1.9603449000e+01 2.3712236000e+01 4.0928296791e+02 2.0010582831e+03 2.6357085000e+03 0.0000000000e+00 0.0000000000e+00
6.9720864000e-02 8.9421879000e-01 2.4204260000e-02 2.5966766000e+00 3.0394626000e+00 8.9923109000e-02 1.0709171000e+03 1.9494605000e+01 2.3549627000e+01 4.1529716731e+02 1.9859407326e+03 2.5669579000e+03 0.0000000000e+00 0.0000000000e+00
9.2961152000e-02 9.2389740000e-01 2.4323425000e-02 2.5922884000e+00 3.0349355000e+00 8.9831912000e-02 1.0633759000e+03 1.9343805000e+01 2.3324687000e+01 4.1440295899e+02 1.9654155615e+03 2.5370638000e+03 0.0000000000e+00 0.0000000000e+00
1.1620144000e-01 9.2817176000e-01 2.4014234000e-02 2.5873858000e+00 3.0291514000e+00 8.9759036000e-02 1.0586641000e+03 1.9152506000e+01 2.3039936000e+01 4.0732234036e+02 1.9396870184e+03 2.5288043000e+03 0.0000000000e+00 0.0000000000e+00
1.3944173000e-01 9.2950441000e-01 2.3483680000e-02 2.5816624000e+00 3.0221247000e+00 8.9686077000e-02 1.0504099000e+03 1.8922173000e+01 2.2697969000e+01 3.9521759065e+02 1.9088983076e+03 2.4847700000e+03 0.0000000000e+00 0.0000000000e+00
1.6268202000e-01 9.2884970000e-01 2.2838969000e-02 2.5749576000e+00 3.0138583000e+00 8.9602996000e-02 1.0391422000e+03 1.8654071000e+01 2.2301164000e+01 3.8024436189e+02 1.8732280126e+03 2.4038048000e+03 0.0000000000e+00 0.0000000000e+00
1.8592230000e-01 9.2843882000e-01 2.2082521000e-02 2.5672704000e+00 3.0043527000e+00 8.9509304000e-02 1.0309946000e+03 1.8349582000e+01 2.1852135000e+01 3.6476767821e+02 1.8329310557e+03 2.3064830000e+03 0.0000000000e+00 0.0000000000e+00
2.0916259000e-01 9.2882820000e-01 2.1192781000e-02 2.5586376000e+00 2.9936102000e+00 8.9406789000e-02 1.0274774000e+03 1.8010318000e+01 2.1353891000e+01 3.4887635359e+02 1.7883108171e+03 2.2022639000e+03 0.0000000000e+00 0.0000000000e+00
2.3240288000e-01 9.3004326000e-01 2.0152843000e-02 2.5491062000e+00 2.9816521000e+00 8.9297289000e-02 1.0263043000e+03 1.7638643000e+01 2.0810584000e+01 3.3137807915e+02 1.7397716731e+03 2.1063928000e+03 0.0000000000e+00 0.0000000000e+00
2.5564317000e-01 9.3214973000e-01 1.8950942000e-02 2.5387240000e+00 2.9685114000e+00 8.9183043000e-02 1.0230014000e+03 1.7237387000e+01 2.0227064000e+01 3.1061207627e+02 1.6877767993e+03 2.0239687000e+03 0.0000000000e+00 0.0000000000e+00
2.7888346000e-01 9.3477218000e-01 1.7591417000e-02 2.5275042000e+00 2.9542189000e+00 8.9066156000e-02 1.0121133000e+03 1.6809364000e+01 1.9608141000e+01 2.8526025204e+02 1.6327756183e+03 1.9419929000e+03 0.0000000000e+00 0.0000000000e+00
3.0212374000e-01 9.3753781000e-01 1.6111841000e-02 2.5154056000e+00 2.9388067000e+00 8.8947103000e-02 9.9276190000e+02 1.6357478000e+01 1.8958738000e+01 2.5627224598e+02 1.5752106371e+03 1.8539563000e+03 0.0000000000e+00 0.0000000000e+00
3.2536403000e-01 9.4069137000e-01 1.4699066000e-02 2.5022076000e+00 2.9222992000e+00 8.8804527000e-02 9.7708797000e+02 1.5884417000e+01 1.8283424000e+01 2.3010958666e+02 1.5154436210e+03 1.7670326000e+03 0.0000000000e+00 0.0000000000e+00
3.4660432000e-01 9.4403652000e-01 1.3632111000e-02 2.4889716000e+00 2.9062536000e+00 8.8635001000e-02 9.7376907000e+02 1.5435250000e+01 1.7646596000e+01 2.1268183352e+02 1.4591291254e+03 1.6924439000e+03 0.0000000000e+00 0.0000000000e+00
3.4760432000e-01 9.4420247000e-01 1.3584890000e-02 2.4883232000e+00 2.9054745000e+00 8.8626295000e-02 9.7379692000e+02 1.5413705000e+01 1.7616159000e+01 2.1195117519e+02 1.4564399406e+03 1.6889857000e+03 0.0000000000e+00 0.0000000000e+00
3.4860432000e-01 9.4436927000e-01 1.3537739000e-02 2.4876730000e+00 2.9046935000e+00 8.8617547000e-02 9.7383151000e+02 1.5392130000e+01 1.7585689000e+01 2.1122302879e+02 1.4537482056e+03 1.6855273000e+03 0.0000000000e+00 0.0000000000e+00
3.4960432000e-01 9.4453694000e-01 1.3490628000e-02 2.4870230000e+00 2.9039126000e+00 8.8608813000e-02 9.7387164000e+02 1.5370584000e+01 1.7555270000e+01 2.1049665169e+02 1.4510613391e+03 1.6820758000e+03 0.0000000000e+00 0.0000000000e+00
3.5060432000e-01 9.4470552000e-01 1.3443529000e-02 2.4863698000e+00 2.9031283000e+00 8.8600013000e-02 9.7391608000e+02 1.5348972000e+01 1.7524849000e+01 2.0977132959e+02 1.4483711149e+03 1.6786220000e+03 0.0000000000e+00 0.0000000000e+00
3.5741671000e-01 9.4588230000e-01 1.3120812000e-02 2.4818348000e+00 2.8976837000e+00 8.8538298000e-02 9.7423731000e+02 1.5199653000e+01 1.7317353000e+01 2.0480321811e+02 1.4299294790e+03 1.6549543000e+03 0.0000000000e+00 0.0000000000e+00
3.6622911000e-01 9.4752064000e-01 1.2689267000e-02 2.4757864000e+00 2.8904094000e+00 8.8455897000e-02 9.7421925000e+02 1.5002101000e+01 1.7048852000e+01 1.9806354527e+02 1.4058678327e+03 1.6238228000e+03 0.0000000000e+00 0.0000000000e+00
3.7504150000e-01 9.4934973000e-01 1.2231134000e-02 2.4695498000e+00 2.8828765000e+00 8.8371846000e-02 9.7303293000e+02 1.4799835000e+01 1.6780378000e+01 1.9068018671e+02 1.3816010814e+03 1.5918435000e+03 0.0000000000e+00 0.0000000000e+00
3.8385389000e-01 9.5138912000e-01 1.1743309000e-02 2.4631352000e+00 2.8750876000e+00 8.8285678000e-02 9.7034622000e+02 1.4593132000e+01 1.6512087000e+01 1.8256962062e+02 1.3571573027e+03 1.5589631000e+03 0.0000000000e+00 0.0000000000e+00
3.9266629000e-01 9.5364646000e-01 1.1230878000e-02 2.4565436000e+00 2.8670460000e+00 8.8195476000e-02 9.6611301000e+02 1.4382283000e+01 1.6244138000e+01 1.7384129407e+02 1.3325627212e+03 1.5253192000e+03 0.0000000000e+00 0.0000000000e+00
4.0147868000e-01 9.5613835000e-01 1.0717334000e-02 2.4497236000e+00 2.8587550000e+00 8.8101353000e-02 9.6074347000e+02 1.4167579000e+01 1.5976686000e+01 1.6497020457e+02 1.3078317601e+03 1.4914013000e+03 0.0000000000e+00 0.0000000000e+00
4.1029108000e-01 9.5891425000e-01 1.0226558000e-02 2.4426314000e+00 2.8502177000e+00 8.8001382000e-02 9.5472279000e+02 1.3949307000e+01 1.5709873000e+01 1.5642929268e+02 1.2829797882e+03 1.4576937000e+03 0.0000000000e+00 0.0000000000e+00
4.1910347000e-01 9.6209913000e-01 9.7709597000e-03 2.4352550000e+00 2.8414364000e+00 8.7893274000e-02 9.4847045000e+02 1.3727728000e+01 1.5443805000e+01 1.4848149547e+02 1.2580266553e+03 1.4244708000e+03 0.0000000000e+00 0.0000000000e+00
4.2791586000e-01 9.6582413000e-01 9.3585916000e-03 2.4275872000e+00 2.8324137000e+00 8.7775914000e-02 9.4232650000e+02 1.3503116000e+01 1.5178603000e+01 1.4129383278e+02 1.2329948376e+03 1.3919168000e+03 0.0000000000e+00 0.0000000000e+00
4.3672826000e-01 9.7021082000e-01 8.9878711000e-03 2.4196340000e+00 2.8231543000e+00 8.7649709000e-02 9.3650880000e+02 1.3275790000e+01 1.4914434000e+01 1.3485902146e+02 1.2079142714e+03 1.3600538000e+03 0.0000000000e+00 0.0000000000e+00
4.4554065000e-01 9.7537459000e-01 8.6460957000e-03 2.4114184000e+00 2.8136639000e+00 8.7516324000e-02 9.3111594000e+02 1.3046087000e+01 1.4651485000e+01 1.2898378168e+02 1.1828201876e+03 1.3287250000e+03 0.0000000000e+00 0.0000000000e+00
4.5435304000e-01 9.8142372000e-01 8.3122942000e-03 2.4029778000e+00 2.8039494000e+00 8.7378199000e-02 9.2611657000e+02 1.2814370000e+01 1.4389962000e+01 1.2333827404e+02 1.1577523876e+03 1.2976431000e+03 0.0000000000e+00 0.0000000000e+00
4.6316544000e-01 9.8844445000e-01 7.9634209000e-03 2.3943528000e+00 2.7940179000e+00 8.7237971000e-02 9.2148026000e+02 1.2580994000e+01 1.4130061000e+01 1.1757013393e+02 1.1327496228e+03 1.2664980000e+03 0.0000000000e+00 0.0000000000e+00
4.7197783000e-01 9.9650386000e-01 7.5814665000e-03 2.3855756000e+00 2.7838764000e+00 8.7097840000e-02 9.1719663000e+02 1.2346303000e+01 1.3871960000e+01 1.1141071895e+02 1.1078465483e+03 1.2350592000e+03 0.0000000000e+00 0.0000000000e+00
4.7879023000e-01 1.0034967000e+00 7.2582447000e-03 2.3786978000e+00 2.7758973000e+00 8.6990425000e-02 9.1415270000e+02 1.2164195000e+01 1.3673782000e+01 1.0630694998e+02 1.0886833434e+03 1.2105001000e+03 0.0000000000e+00 0.0000000000e+00
4.7979023000e-01 1.0045821000e+00 7.2086863000e-03 2.3776804000e+00 2.7747144000e+00 8.6974667000e-02 9.1372818000e+02 1.2137387000e+01 1.3644775000e+01 1.0553206881e+02 1.0858747080e+03 1.2068735000e+03 0.0000000000e+00 0.0000000000e+00
4.8079023000e-01 1.0056829000e+00 7.1585415000e-03 2.3766614000e+00 2.7735290000e+00 8.6958895000e-02 9.1330975000e+02 1.2110570000e+01 1.3615795000e+01 1.0474997962e+02 1.0830680456e+03 1.2032416000e+03 0.0000000000e+00 0.0000000000e+00
4.8179023000e-01 1.0067993000e+00 7.1078230000e-03 2.3756440000e+00 2.7723445000e+00 8.6943235000e-02 9.1289753000e+02 1.2083820000e+01 1.3586885000e+01 1.0396087893e+02 1.0802696533e+03 1.1996109000e+03 0.0000000000e+00 0.0000000000e+00
4.8279023000e-01 1.0079316000e+00 7.0565248000e-03 2.3746218000e+00 2.7711537000e+00 8.6927413000e-02 9.1249157000e+02 1.2057141000e+01 1.3557997000e+01 1.0316468092e+02 1.0774746936e+03 1.1959763000e+03 0.0000000000e+00 0.0000000000e+00
4.9322385000e-01 1.0207079000e+00 6.4975683000e-03 2.3636294000e+00 2.7583252000e+00 8.6750519000e-02 9.0868734000e+02 1.1782921000e+01 1.3257698000e+01 9.4596841706e+01 1.0484934364e+03 1.1579653000e+03 0.0000000000e+00 0.0000000000e+00
5.0565748000e-01 1.0383141000e+00 5.8178798000e-03 2.3497782000e+00 2.7421816000e+00 8.6511808000e-02 9.0547230000e+02 1.1465792000e+01 1.2903293000e+01 8.4401704910e+01 1.0144549883e+03 1.1131716000e+03 0.0000000000e+00 0.0000000000e+00
5.1809110000e-01 1.0585573000e+00 5.1927469000e-03 2.3350382000e+00 2.7251432000e+00 8.6237247000e-02 9.0424691000e+02 1.1158942000e+01 1.2553078000e+01 7.5230767872e+01 9.8097968508e+02 1.0699721000e+03 0.0000000000e+00 0.0000000000e+00
5.3052473000e-01 1.0814138000e+00 4.6680291000e-03 2.3193818000e+00 2.7072554000e+00 8.5923884000e-02 9.0541186000e+02 1.0862211000e+01 1.2207570000e+01 6.7715960018e+01 9.4810519826e+02 1.0290491000e+03 0.0000000000e+00 0.0000000000e+00
5.4295835000e-01 1.1069034000e+00 4.2417121000e-03 2.3028548000e+00 2.6885647000e+00 8.5573303000e-02 9.0856597000e+02 1.0575404000e+01 1.1867223000e+01 6.1746018778e+01 9.1587640702e+02 9.9033552000e+02 0.0000000000e+00 0.0000000000e+00
5.5539198000e-01 1.1350006000e+00 3.8816313000e-03 2.2855532000e+00 2.6691213000e+00 8.5189966000e-02 9.1249662000e+02 1.0298339000e+01 1.1532484000e+01 5.6748822126e+01 8.8434432755e+02 9.5331056000e+02 0.0000000000e+00 0.0000000000e+00
5.6782560000e-01 1.1656724000e+00 3.5492925000e-03 2.2675780000e+00 2.6489781000e+00 8.4780709000e-02 9.1570755000e+02 1.0030831000e+01 1.1203771000e+01 5.2072675514e+01 8.5355589436e+02 9.1736980000e+02 0.0000000000e+00 0.0000000000e+00
5.8025923000e-01 1.1989116000e+00 3.2156385000e-03 2.2490244000e+00 2.6281878000e+00 8.4354393000e-02 9.1687397000e+02 9.7726621000e+00 1.0881433000e+01 4.7237637509e+01 8.2354890987e+02 8.8207026000e+02 0.0000000000e+00 0.0000000000e+00
5.9269285000e-01 1.2347171000e+00 2.8773153000e-03 2.2299550000e+00 2.6068008000e+00 8.3923176000e-02 9.1501825000e+02 9.5235715000e+00 1.0565734000e+01 4.2182131121e+01 7.9434719495e+02 8.4737671000e+02 0.0000000000e+00 0.0000000000e+00
6.0512648000e-01 1.2731156000e+00 2.5523234000e-03 2.2103826000e+00 2.5848680000e+00 8.3487641000e-02 9.0962784000e+02 9.2832975000e+00 1.0256899000e+01 3.7197243026e+01 7.6596075958e+02 8.1358886000e+02 0.0000000000e+00 0.0000000000e+00
6.1756010000e-01 1.3141342000e+00 2.2622612000e-03 2.1903194000e+00 2.5624398000e+00 8.3045849000e-02 9.0015359000e+02 9.0515765000e+00 9.9551203000e+00 3.2626513791e+01 7.3839567015e+02 7.8105497000e+02 0.0000000000e+00 0.0000000000e+00
6.2999373000e-01 1.3577704000e+00 2.0211329000e-03 2.1697924000e+00 2.5395669000e+00 8.2596073000e-02 8.8621636000e+02 8.8281491000e+00 9.6605568000e+00 2.8697623978e+01 7.1165713841e+02 7.5000676000e+02 0.0000000000e+00 0.0000000000e+00
6.4242736000e-01 1.4039956000e+00 1.8276295000e-03 2.1488554000e+00 2.5163029000e+00 8.2138225000e-02 8.6898282000e+02 8.6127904000e+00 9.3733802000e+00 2.5445480483e+01 6.8575457740e+02 7.2048863000e+02 0.0000000000e+00 0.0000000000e+00
6.5486098000e-01 1.4528024000e+00 1.6676783000e-03 2.1275792000e+00 2.4927000000e+00 8.1673628000e-02 8.5109923000e+02 8.4052644000e+00 9.0937144000e+00 2.2740697514e+01 6.6069506867e+02 6.9237775000e+02 0.0000000000e+00 0.0000000000e+00
6.6529461000e-01 1.4957631000e+00 1.5464968000e-03 2.1095184000e+00 2.4726691000e+00 8.1280008000e-02 8.3808277000e+02 8.2369864000e+00 8.8648904000e+00 2.0765731964e+01 6.4031952442e+02 6.6974844000e+02 0.0000000000e+00 0.0000000000e+00
6.6629461000e-01 1.4999775000e+00 1.5351448000e-03 2.1077768000e+00 2.4707371000e+00 8.1242087000e-02 8.3701580000e+02 8.2211340000e+00 8.8432286000e+00 2.0587058948e+01 6.3839680148e+02 6.6762089000e+02 0.0000000000e+00 0.0000000000e+00
6.6729461000e-01 1.5042090000e+00 1.5237693000e-03 2.1060342000e+00 2.4688036000e+00 8.1204146000e-02 8.3598818000e+02 8.2053293000e+00 8.8216162000e+00 2.0409419980e+01 6.3647960300e+02 6.6549995000e+02 0.0000000000e+00 0.0000000000e+00
6.6829461000e-01 1.5084573000e+00 1.5123502000e-03 2.1042946000e+00 2.4668736000e+00 8.1166294000e-02 8.3500057000e+02 8.1895706000e+00 8.8000780000e+00 2.0232541794e+01 6.3457008742e+02 6.6338753000e+02 0.0000000000e+00 0.0000000000e+00
6.6929461000e-01 1.5127227000e+00 1.5008858000e-03 2.1025630000e+00 2.4649524000e+00 8.1128706000e-02 8.3405223000e+02 8.1738471000e+00 8.7786070000e+00 2.0056363989e+01 6.3266900682e+02 6.6128436000e+02 0.0000000000e+00 0.0000000000e+00
6.7632518000e-01 1.5431952000e+00 1.4191753000e-03 2.0906240000e+00 2.4517142000e+00 8.0872334000e-02 8.2851800000e+02 8.0642595000e+00 8.6295142000e+00 1.8838629207e+01 6.1954077485e+02 6.4675893000e+02 0.0000000000e+00 0.0000000000e+00
6.8535575000e-01 1.5835904000e+00 1.3127844000e-03 2.0758388000e+00 2.4353386000e+00 8.0561284000e-02 8.2434051000e+02 7.9260483000e+00 8.4427869000e+00 1.7338493343e+01 6.0326524730e+02 6.2875959000e+02 0.0000000000e+00 0.0000000000e+00
6.9438632000e-01 1.6254139000e+00 1.2075644000e-03 2.0616524000e+00 2.4196501000e+00 8.0269722000e-02 8.2290773000e+02 7.7906946000e+00 8.2613265000e+00 1.5921088235e+01 5.8762483908e+02 6.1148572000e+02 0.0000000000e+00 0.0000000000e+00
7.0341690000e-01 1.6686873000e+00 1.1069751000e-03 2.0480418000e+00 2.4046279000e+00 7.9996464000e-02 8.2306912000e+02 7.6581835000e+00 8.0850178000e+00 1.4597734694e+01 5.7259296671e+02 5.9492220000e+02 0.0000000000e+00 0.0000000000e+00
7.1244747000e-01 1.7134382000e+00 1.0146311000e-03 2.0349860000e+00 2.3902517000e+00 7.9740091000e-02 8.2338139000e+02 7.5284981000e+00 7.9137470000e+00 1.3385066186e+01 5.5814437423e+02 5.7906047000e+02 0.0000000000e+00 0.0000000000e+00
7.2147804000e-01 1.7597057000e+00 9.3323711000e-04 2.0224660000e+00 2.3765019000e+00 7.9499227000e-02 8.2254555000e+02 7.4016231000e+00 7.7474052000e+00 1.2298814846e+01 5.4425537989e+02 5.6389253000e+02 0.0000000000e+00 0.0000000000e+00
7.3050861000e-01 1.8075472000e+00 8.6387407000e-04 2.0104658000e+00 2.3633591000e+00 7.9272664000e-02 8.1978123000e+02 7.2775389000e+00 7.5858815000e+00 1.1346442456e+01 5.3090341226e+02 5.4940339000e+02 0.0000000000e+00 0.0000000000e+00
7.3953919000e-01 1.8570351000e+00 8.0578705000e-04 1.9989716000e+00 2.3508043000e+00 7.9059435000e-02 8.1497219000e+02 7.1562223000e+00 7.4290636000e+00 1.0521420519e+01 5.1806693278e+02 5.3556510000e+02 0.0000000000e+00 0.0000000000e+00
7.4856976000e-01 1.9082499000e+00 7.5656155000e-04 1.9879731000e+00 2.3388189000e+00 7.8858848000e-02 8.0864627000e+02 7.0376505000e+00 7.2768435000e+00 9.8019878437e+00 5.0572587399e+02 5.2233532000e+02 0.0000000000e+00 0.0000000000e+00
7.5760033000e-01 1.9612914000e+00 7.1292664000e-04 1.9774615000e+00 2.3273850000e+00 7.8670364000e-02 8.0172544000e+02 6.9218010000e+00 7.1291162000e+00 9.1576030433e+00 4.9386130967e+02 5.0966352000e+02 0.0000000000e+00 0.0000000000e+00
7.6663090000e-01 2.0162984000e+00 6.7172496000e-04 1.9674277000e+00 2.3164851000e+00 7.8493463000e-02 7.9510996000e+02 6.8086518000e+00 6.9857806000e+00 8.5571665727e+00 4.8245519448e+02 4.9749931000e+02 0.0000000000e+00 0.0000000000e+00
7.7566148000e-01 2.0734511000e+00 6.3064820000e-04 1.9578621000e+00 2.3061026000e+00 7.8327587000e-02 7.8951613000e+02 6.6981826000e+00 6.8467409000e+00 7.9773651911e+00 4.7149044881e+02 4.8580136000e+02 0.0000000000e+00 0.0000000000e+00
7.8469205000e-01 2.1329531000e+00 5.8874493000e-04 1.9487535000e+00 2.2962216000e+00 7.8172160000e-02 7.8560843000e+02 6.5903784000e+00 6.7119104000e+00 7.4104506830e+00 4.6095104286e+02 4.7454617000e+02 0.0000000000e+00 0.0000000000e+00
7.9372262000e-01 2.1950272000e+00 5.4607299000e-04 1.9400888000e+00 2.2868272000e+00 7.8026668000e-02 7.8389381000e+02 6.4852310000e+00 6.5812137000e+00 6.8583435653e+00 4.5082210523e+02 4.6372084000e+02 0.0000000000e+00 0.0000000000e+00
8.0075319000e-01 2.2452886000e+00 5.1268129000e-04 1.9336406000e+00 2.2798400000e+00 7.7920096000e-02 7.8430773000e+02 6.4051967000e+00 6.4822675000e+00 6.4423641582e+00 4.4321064755e+02 4.5558386000e+02 0.0000000000e+00 0.0000000000e+00
8.0175319000e-01 2.2525834000e+00 5.0794206000e-04 1.9327456000e+00 2.2788708000e+00 7.7905463000e-02 7.8449900000e+02 6.3939392000e+00 6.4683887000e+00 6.3843674749e+00 4.4214725043e+02 4.5444705000e+02 0.0000000000e+00 0.0000000000e+00
8.0275319000e-01 2.2599168000e+00 5.0320977000e-04 1.9318559000e+00 2.2779073000e+00 7.7890939000e-02 7.8472513000e+02 6.3827159000e+00 6.4545612000e+00 6.3267100484e+00 4.4108872855e+02 4.5331548000e+02 0.0000000000e+00 0.0000000000e+00
8.0375319000e-01 2.2672898000e+00 4.9848399000e-04 1.9309682000e+00 2.2769457000e+00 7.7876387000e-02 7.8498694000e+02 6.3715292000e+00 6.4407841000e+00 6.2693851658e+00 4.4003437275e+02 4.5218843000e+02 0.0000000000e+00 0.0000000000e+00
8.0475319000e-01 2.2747036000e+00 4.9376837000e-04 1.9300845000e+00 2.2759883000e+00 7.7861875000e-02 7.8528514000e+02 6.3603444000e+00 6.4270616000e+00 6.2124363444e+00 4.3898366120e+02 4.5106543000e+02 0.0000000000e+00 0.0000000000e+00
8.0479396000e-01 2.2750067000e+00 4.9357642000e-04 1.9300486000e+00 2.2759494000e+00 7.7861285000e-02 7.8529808000e+02 6.3598877000e+00 6.4265034000e+00 6.2101236200e+00 4.3894089022e+02 4.5101972000e+02 0.0000000000e+00 0.0000000000e+00
8.0683472000e-01 2.2902716000e+00 4.8399651000e-04 1.9282597000e+00 2.2740108000e+00 7.7831841000e-02 7.8602609000e+02 6.3370308000e+00 6.3986720000e+00 6.0952356079e+00 4.3680735009e+02 4.4874009000e+02 0.0000000000e+00 0.0000000000e+00
8.0887548000e-01 2.3057211000e+00 4.7448169000e-04 1.9264871000e+00 2.2720894000e+00 7.7802541000e-02 7.8691663000e+02 6.3141840000e+00 6.3710633000e+00 5.9821801501e+00 4.3468872109e+02 4.4647731000e+02 0.0000000000e+00 0.0000000000e+00
8.1091624000e-01 2.3213649000e+00 4.6504066000e-04 1.9247308000e+00 2.2701851000e+00 7.7773390000e-02 7.8797735000e+02 6.2913507000e+00 6.3436770000e+00 5.8710525354e+00 4.3258502942e+02 4.4423147000e+02 0.0000000000e+00 0.0000000000e+00
8.1295701000e-01 2.3372125000e+00 4.5568118000e-04 1.9229907000e+00 2.2682979000e+00 7.7744399000e-02 7.8921507000e+02 6.2685341000e+00 6.3165125000e+00 5.7619272138e+00 4.3049628482e+02 4.4200264000e+02 0.0000000000e+00 0.0000000000e+00
8.1499777000e-01 2.3532736000e+00 4.4640845000e-04 1.9212667000e+00 2.2664277000e+00 7.7715574000e-02 7.9063428000e+02 6.2457369000e+00 6.2895687000e+00 5.6548273942e+00 4.2842245253e+02 4.3979081000e+02 0.0000000000e+00 0.0000000000e+00
8.1703853000e-01 2.3695580000e+00 4.3722722000e-04 1.9195586000e+00 2.2645743000e+00 7.7686921000e-02 7.9223908000e+02 6.2229617000e+00 6.2628445000e+00 5.5497671175e+00 4.2636347512e+02 4.3759595000e+02 0.0000000000e+00 0.0000000000e+00
8.1907930000e-01 2.3860753000e+00 4.2814224000e-04 1.9178664000e+00 2.2627378000e+00 7.7658448000e-02 7.9403355000e+02 6.2002111000e+00 6.2363388000e+00 5.4467599565e+00 4.2431934606e+02 4.3541803000e+02 0.0000000000e+00 0.0000000000e+00
8.2112006000e-01 2.4028354000e+00 4.1915681000e-04 1.9161900000e+00 2.2609181000e+00 7.7630162000e-02 7.9601796000e+02 6.1774878000e+00 6.2100505000e+00 5.3457752895e+00 4.2229003215e+02 4.3325698000e+02 0.0000000000e+00 0.0000000000e+00
8.2316082000e-01 2.4198483000e+00 4.1027149000e-04 1.9145291000e+00 2.2591150000e+00 7.7602063000e-02 7.9818533000e+02 6.1547946000e+00 6.1839787000e+00 5.2467018587e+00 4.2027548085e+02 4.3111271000e+02 0.0000000000e+00 0.0000000000e+00
8.2520158000e-01 2.4371241000e+00 4.0148652000e-04 1.9128839000e+00 2.2573286000e+00 7.7574158000e-02 8.0052786000e+02 6.1321345000e+00 6.1581228000e+00 5.1494248597e+00 4.1827573721e+02 4.2898511000e+02 0.0000000000e+00 0.0000000000e+00
8.2724235000e-01 2.4546729000e+00 3.9280216000e-04 1.9112542000e+00 2.2555588000e+00 7.7546450000e-02 8.0303779000e+02 6.1095101000e+00 6.1324820000e+00 5.0538361381e+00 4.1629076680e+02 4.2687408000e+02 0.0000000000e+00 0.0000000000e+00
8.2928311000e-01 2.4725047000e+00 3.8421845000e-04 1.9096399000e+00 2.2538055000e+00 7.7518940000e-02 8.0570747000e+02 6.0869243000e+00 6.1070554000e+00 4.9598313798e+00 4.1432055134e+02 4.2477953000e+02 0.0000000000e+00 0.0000000000e+00
8.3132387000e-01 2.4906296000e+00 3.7573521000e-04 1.9080411000e+00 2.2520686000e+00 7.7491624000e-02 8.0852956000e+02 6.0643800000e+00 6.0818426000e+00 4.8673110722e+00 4.1236511003e+02 4.2270136000e+02 0.0000000000e+00 0.0000000000e+00
8.3136463000e-01 2.4909947000e+00 3.7556678000e-04 1.9080093000e+00 2.2520341000e+00 7.7491080000e-02 8.0858743000e+02 6.0639301000e+00 6.0813412000e+00 4.8654774319e+00 4.1232620243e+02 4.2266001000e+02 0.0000000000e+00 0.0000000000e+00
8.3236463000e-01 2.4999893000e+00 3.7144749000e-04 1.9072324000e+00 2.2511901000e+00 7.7477792000e-02 8.1002509000e+02 6.0528837000e+00 6.0690671000e+00 4.8206678072e+00 4.1137323327e+02 4.2164749000e+02 0.0000000000e+00 0.0000000000e+00
8.3336463000e-01 2.5090580000e+00 3.6735224000e-04 1.9064592000e+00 2.2503501000e+00 7.7464551000e-02 8.1149667000e+02 6.0418485000e+00 6.0568440000e+00 4.7761806032e+00 4.1042382142e+02 4.2063888000e+02 0.0000000000e+00 0.0000000000e+00
8.3436463000e-01 2.5182020000e+00 3.6328101000e-04 1.9056880000e+00 2.2495121000e+00 7.7451302000e-02 8.1300131000e+02 6.0308559000e+00 6.0446707000e+00 4.7320055775e+00 4.0947855124e+02 4.1963475000e+02 0.0000000000e+00 0.0000000000e+00
8.3536463000e-01 2.5274224000e+00 3.5923384000e-04 1.9049222000e+00 2.2486799000e+00 7.7438151000e-02 8.1453788000e+02 6.0198436000e+00 6.0325494000e+00 4.6881320160e+00 4.0853622288e+02 4.1863390000e+02 0.0000000000e+00 0.0000000000e+00
8.4447366000e-01 2.6151620000e+00 3.2351976000e-04 1.8981079000e+00 2.2412712000e+00 7.7320109000e-02 8.2961547000e+02 5.9202741000e+00 5.9244698000e+00 4.3002030185e+00 4.0011912159e+02 4.0969580000e+02 0.0000000000e+00 0.0000000000e+00
8.5558268000e-01 2.7323909000e+00 2.8304923000e-04 1.8902037000e+00 2.2326735000e+00 7.7181813000e-02 8.4882999000e+02 5.8006093000e+00 5.7983543000e+00 3.8494084838e+00 3.9025686858e+02 3.9921614000e+02 0.0000000000e+00 0.0000000000e+00
8.6669171000e-01 2.8628744000e+00 2.4643749000e-04 1.8827273000e+00 2.2245521000e+00 7.7052719000e-02 8.6610428000e+02 5.6833489000e+00 5.6784598000e+00 3.4197020418e+00 3.8084048173e+02 3.8918581000e+02 0.0000000000e+00 0.0000000000e+00
8.7780073000e-01 3.0089036000e+00 2.1393362000e-04 1.8757156000e+00 2.2169080000e+00 7.6924633000e-02 8.7872357000e+02 5.5689407000e+00 5.5647271000e+00 3.0119143786e+00 3.7187600271e+02 3.7959923000e+02 0.0000000000e+00 0.0000000000e+00
8.8890976000e-01 3.1722824000e+00 1.8588913000e-04 1.8692650000e+00 2.2097063000e+00 7.6767760000e-02 8.8512936000e+02 5.4579368000e+00 5.4572056000e+00 2.6361617099e+00 3.6337675372e+02 3.7049673000e+02 0.0000000000e+00 0.0000000000e+00
9.0001878000e-01 3.3535375000e+00 1.8050118000e-04 1.8519169000e+00 2.1895575000e+00 7.6137968000e-02 8.8500414000e+02 5.3657773000e+00 5.3657915000e+00 2.5593910908e+00 3.5398920710e+02 3.6077659000e+02 0.0000000000e+00 0.0000000000e+00
9.1112781000e-01 3.5517176000e+00 1.7669858000e-04 1.8189334000e+00 2.1512048000e+00 7.4927608000e-02 8.7882888000e+02 5.2157281000e+00 5.2157144000e+00 2.4879903169e+00 3.3802687783e+02 3.4443357000e+02 0.0000000000e+00 0.0000000000e+00
9.2223683000e-01 3.7646286000e+00 1.7004154000e-04 1.7626297000e+00 2.0857368000e+00 7.2861875000e-02 8.6669885000e+02 4.9588493000e+00 4.9588544000e+00 2.3612096855e+00 3.1154055596e+02 3.1742547000e+02 0.0000000000e+00 0.0000000000e+00
9.3334585000e-01 3.9879444000e+00 1.5932225000e-04 1.6711783000e+00 1.9793997000e+00 6.9506389000e-02 8.4933645000e+02 4.5420307000e+00 4.5420292000e+00 2.1680410442e+00 2.7071610133e+02 2.7590247000e+02 0.0000000000e+00 0.0000000000e+00
9.4445488000e-01 4.2287835000e+00 1.4327571000e-04 1.5345337000e+00 1.8205135000e+00 6.4492767000e-02 8.2866945000e+02 3.9190957000e+00 3.9190961000e+00 1.9022395357e+00 2.1471623455e+02 2.1903703000e+02 0.0000000000e+00 0.0000000000e+00
9.5556390000e-01 4.5310388000e+00 1.2204513000e-04 1.3536789000e+00 1.6102208000e+00 5.7857011000e-02 8.0757603000e+02 3.0946494000e+00 3.0946493000e+00 1.5791201688e+00 1.4982429675e+02 1.5321322000e+02 0.0000000000e+00 0.0000000000e+00
9.6667293000e-01 4.9387669000e+00 9.8039969000e-05 1.1492030000e+00 1.3724622000e+00 5.0354574000e-02 7.8912494000e+02 2.1625162000e+00 2.1625162000e+00 1.2395391286e+00 8.9113803198e+01 9.1655218000e+01 0.0000000000e+00 0.0000000000e+00
9.7778195000e-01 5.5003892000e+00 7.5276958000e-05 9.5530488000e-01 1.1470032000e+00 4.3240249000e-02 7.7620662000e+02 1.2786048000e+00 1.2786048000e+00 9.3616135444e-01 4.3952738396e+01 4.5845756000e+01 0.0000000000e+00 0.0000000000e+00
9.8889098000e-01 6.3151025000e+00 5.7039164000e-05 7.9995354000e-01 9.6636522000e-01 3.7540247000e-02 7.7176472000e+02 5.7041444000e-01 5.7041445000e-01 7.0529268469e-01 1.6485586809e+01 1.7949736000e+01 0.0000000000e+00 0.0000000000e+00
1.0000000000e+00 7.4986320000e+00 4.4280927000e-05 6.9127758000e-01 8.4000000000e-01 3.3552812000e-02 7.7875739000e+02 7.5000000000e-02 7.5000000000e-02 5.5249733956e-01 1.8803549681e+00 3.1131640000e+00 0.0000000000e+00 0.0000000000e+00
