r	   0/   0	   1/   0	   2/   0	   3/   0	   4/   0	   5/   0	   6/   0	   7/   0	   8/   0	   9/   0	  10/   0	  11/   0	  12/   0	  13/   0	  14/   0	  15/   0
0.05000	 1.142206E+01	-1.663468E-01	-1.491135E-03	 2.024276E-04	 2.751989E-05	-2.127605E-05	-4.858099E-07	-4.768139E-07	-1.600614E-06	 5.250579E-07	-6.446903E-07	 3.056401E-09	 3.157535E-09	-1.242945E-08	-4.284641E-09	 4.326553E-08
0.08660	 1.143685E+01	-2.878557E-01	-3.831889E-03	-8.277380E-05	 9.924596E-06	 7.300073E-05	-6.118672E-06	-1.151642E-05	 3.171464E-06	 1.252477E-06	 2.731191E-07	 1.040137E-07	-1.006554E-07	-4.292160E-08	 8.305744E-09	-3.502535E-08
0.11180	 1.144394E+01	-3.709446E-01	-6.342854E-03	-7.500925E-04	-5.303839E-06	 1.405066E-04	-5.009673E-06	-1.215708E-05	 1.425691E-06	 2.130289E-06	 5.581662E-07	-7.533591E-08	-2.349688E-08	-4.737883E-08	-2.617105E-08	 4.236770E-08
0.13229	 1.145296E+01	-4.384778E-01	-8.848857E-03	-1.137364E-03	-5.811923E-05	 1.356001E-04	-2.509677E-06	-1.389347E-05	 1.201550E-06	 3.736206E-06	 4.053738E-07	-1.425093E-07	-6.283183E-08	-8.017786E-08	-2.571652E-08	 1.082125E-07
0.15000	 1.146461E+01	-4.968342E-01	-1.156904E-02	-1.450581E-03	-9.700401E-05	 1.106166E-04	-9.867537E-06	-1.506385E-05	 2.161394E-06	 4.401366E-06	 2.009660E-07	-2.708570E-07	-1.204092E-07	-6.451697E-08	-5.577278E-08	 1.923930E-07
0.16583	 1.147759E+01	-5.489878E-01	-1.443289E-02	-1.730332E-03	-1.540500E-04	 7.324888E-05	-1.347903E-05	-1.447553E-05	 1.359776E-06	 4.594118E-06	 2.150813E-07	-4.487943E-07	-1.284171E-07	-2.541323E-08	-1.001703E-07	 2.676091E-07
0.18028	 1.149070E+01	-5.966038E-01	-1.736368E-02	-2.008826E-03	-2.294695E-04	 3.002044E-05	-1.480207E-05	-1.266250E-05	-6.192807E-09	 4.386790E-06	 2.014855E-07	-5.710863E-07	-8.815457E-08	 1.215857E-08	-1.391547E-07	 3.067560E-07
0.19365	 1.150367E+01	-6.406958E-01	-2.026868E-02	-2.304991E-03	-3.208647E-04	-1.431943E-05	-1.548223E-05	-1.051077E-05	-1.340710E-06	 3.925366E-06	 1.731034E-07	-6.171048E-07	-4.099731E-08	 4.193720E-08	-1.659116E-07	 3.127491E-07
0.20616	 1.151632E+01	-6.819497E-01	-2.305756E-02	-2.624113E-03	-4.262150E-04	-5.779592E-05	-1.660890E-05	-8.478081E-06	-2.440665E-06	 3.286629E-06	 1.380057E-07	-5.960632E-07	-3.015408E-09	 6.072547E-08	-1.825736E-07	 2.981956E-07
0.21794	 1.152814E+01	-7.208789E-01	-2.565533E-02	-2.964092E-03	-5.440644E-04	-9.957743E-05	-1.864351E-05	-6.955472E-06	-3.271948E-06	 2.588534E-06	 1.009333E-07	-5.323407E-07	 2.188408E-08	 6.950933E-08	-1.937927E-07	 2.778695E-07
0.22913	 1.153920E+01	-7.578416E-01	-2.802025E-02	-3.320446E-03	-6.725200E-04	-1.395192E-04	-2.193457E-05	-6.218082E-06	-3.802748E-06	 1.938832E-06	 5.539500E-08	-4.496154E-07	 3.506168E-08	 7.093098E-08	-2.049953E-07	 2.648040E-07
0.23979	 1.154936E+01	-7.931238E-01	-3.015203E-02	-3.689532E-03	-8.097312E-04	-1.780467E-04	-2.669609E-05	-6.360544E-06	-4.048771E-06	 1.400442E-06	 7.408140E-10	-3.656168E-07	 3.856324E-08	 6.843143E-08	-2.197576E-07	 2.653196E-07
0.25000	 1.155884E+01	-8.269312E-01	-3.208914E-02	-4.070550E-03	-9.540663E-04	-2.158620E-04	-3.309545E-05	-7.390240E-06	-4.023818E-06	 1.011917E-06	-6.319219E-08	-2.899458E-07	 3.757000E-08	 6.578039E-08	-2.418560E-07	 2.838886E-07
0.25981	 1.156801E+01	-8.594137E-01	-3.389115E-02	-4.464020E-03	-1.104404E-03	-2.541675E-04	-4.126143E-05	-9.113119E-06	-3.804668E-06	 7.334908E-07	-1.361365E-07	-2.250964E-07	 3.410638E-08	 6.399117E-08	-2.709887E-07	 3.169711E-07
0.26926	 1.157692E+01	-8.907146E-01	-3.561315E-02	-4.870587E-03	-1.260448E-03	-2.941568E-04	-5.106085E-05	-1.132302E-05	-3.548663E-06	 5.173352E-07	-2.007101E-07	-1.720558E-07	 2.690652E-08	 6.417398E-08	-3.048622E-07	 3.580990E-07
0.27839	 1.158572E+01	-9.209451E-01	-3.729643E-02	-5.290148E-03	-1.422137E-03	-3.367354E-04	-6.234009E-05	-1.390747E-05	-3.367090E-06	 3.384257E-07	-2.475389E-07	-1.303581E-07	 1.756284E-08	 6.760292E-08	-3.434871E-07	 4.046361E-07
0.28723	 1.159452E+01	-9.501994E-01	-3.896521E-02	-5.721730E-03	-1.589588E-03	-3.826688E-04	-7.500294E-05	-1.674981E-05	-3.340001E-06	 1.568524E-07	-2.759475E-07	-9.643889E-08	 6.587354E-09	 7.320734E-08	-3.854687E-07	 4.526738E-07
0.29580	 1.160326E+01	-9.785709E-01	-4.062133E-02	-6.163531E-03	-1.763069E-03	-4.323709E-04	-8.889266E-05	-1.979013E-05	-3.536113E-06	-5.167782E-08	-2.823429E-07	-6.875355E-08	-7.543368E-09	 8.028783E-08	-4.286215E-07	 4.983381E-07
0.30414	 1.161185E+01	-1.006143E+00	-4.225274E-02	-6.613272E-03	-1.942720E-03	-4.858733E-04	-1.038753E-04	-2.305592E-05	-3.969445E-06	-2.810727E-07	-2.684157E-07	-4.804800E-08	-2.432777E-08	 8.955509E-08	-4.727716E-07	 5.412085E-07
0.31225	 1.162026E+01	-1.032983E+00	-4.384770E-02	-7.069164E-03	-2.128518E-03	-5.430627E-04	-1.199352E-04	-2.660524E-05	-4.598600E-06	-5.179682E-07	-2.462759E-07	-3.450989E-08	-4.084129E-08	 1.016206E-07	-5.194606E-07	 5.830562E-07
0.32016	 1.162850E+01	-1.059148E+00	-4.539774E-02	-7.529772E-03	-2.320350E-03	-6.038456E-04	-1.371171E-04	-3.046799E-05	-5.379118E-06	-7.628944E-07	-2.283272E-07	-2.644272E-08	-5.542549E-08	 1.157190E-07	-5.690999E-07	 6.244987E-07
0.32787	 1.163651E+01	-1.084691E+00	-4.689688E-02	-7.994147E-03	-2.518067E-03	-6.680914E-04	-1.554383E-04	-3.467641E-05	-6.288095E-06	-1.012832E-06	-2.176686E-07	-2.343064E-08	-6.876308E-08	 1.316018E-07	-6.209123E-07	 6.651800E-07
0.33541	 1.164430E+01	-1.109658E+00	-4.834608E-02	-8.462126E-03	-2.721415E-03	-7.356578E-04	-1.749507E-04	-3.929443E-05	-7.297531E-06	-1.252849E-06	-2.169971E-07	-2.704031E-08	-8.034448E-08	 1.504841E-07	-6.758896E-07	 7.065113E-07
0.34278	 1.165192E+01	-1.134081E+00	-4.975605E-02	-8.934203E-03	-2.930114E-03	-8.065536E-04	-1.957808E-04	-4.437068E-05	-8.383548E-06	-1.480311E-06	-2.309031E-07	-3.657162E-08	-8.924092E-08	 1.725807E-07	-7.352853E-07	 7.499204E-07
0.35000	 1.165944E+01	-1.157989E+00	-5.114165E-02	-9.411730E-03	-3.143988E-03	-8.808843E-04	-2.180540E-04	-4.993401E-05	-9.551778E-06	-1.703743E-06	-2.575400E-07	-4.986917E-08	-9.674215E-08	 1.971318E-07	-7.986225E-07	 7.950965E-07
0.35707	 1.166689E+01	-1.181410E+00	-5.251762E-02	-9.896942E-03	-3.362948E-03	-9.587462E-04	-2.418750E-04	-5.602206E-05	-1.082316E-05	-1.929533E-06	-2.916473E-07	-6.589453E-08	-1.047158E-07	 2.239291E-07	-8.653958E-07	 8.415976E-07
0.36401	 1.167431E+01	-1.204365E+00	-5.389712E-02	-1.039247E-02	-3.586966E-03	-1.040234E-03	-2.673505E-04	-6.267501E-05	-1.221913E-05	-2.165100E-06	-3.298633E-07	-8.355996E-08	-1.141772E-07	 2.527769E-07	-9.356544E-07	 8.892684E-07
0.37081	 1.168175E+01	-1.226876E+00	-5.529023E-02	-1.090083E-02	-3.816093E-03	-1.125449E-03	-2.945787E-04	-6.992572E-05	-1.376149E-05	-2.421859E-06	-3.708804E-07	-1.012368E-07	-1.257765E-07	 2.831388E-07	-1.009385E-06	 9.376911E-07
0.37749	 1.168921E+01	-1.248963E+00	-5.670170E-02	-1.142341E-02	-4.050380E-03	-1.214479E-03	-3.236291E-04	-7.780135E-05	-1.547049E-05	-2.711083E-06	-4.142471E-07	-1.173417E-07	-1.398024E-07	 3.144694E-07	-1.086979E-06	 9.868890E-07
0.38406	 1.169670E+01	-1.270647E+00	-5.813146E-02	-1.196039E-02	-4.289886E-03	-1.307383E-03	-3.545407E-04	-8.632258E-05	-1.736366E-05	-3.042266E-06	-4.597934E-07	-1.303173E-07	-1.564435E-07	 3.463656E-07	-1.168919E-06	 1.037075E-06
0.39051	 1.170420E+01	-1.291949E+00	-5.957489E-02	-1.251119E-02	-4.534660E-03	-1.404156E-03	-3.873163E-04	-9.550551E-05	-1.945632E-05	-3.421488E-06	-5.066877E-07	-1.393687E-07	-1.759825E-07	 3.784891E-07	-1.255229E-06	 1.087983E-06
0.39686	 1.171168E+01	-1.312890E+00	-6.102480E-02	-1.307520E-02	-4.784744E-03	-1.504707E-03	-4.219314E-04	-1.053694E-04	-2.175962E-05	-3.849138E-06	-5.537963E-07	-1.447236E-07	-1.986142E-07	 4.110575E-07	-1.346091E-06	 1.139568E-06
0.40311	 1.171914E+01	-1.333487E+00	-6.247313E-02	-1.365227E-02	-5.040135E-03	-1.608856E-03	-4.583480E-04	-1.159383E-04	-2.428209E-05	-4.321625E-06	-5.991805E-07	-1.470238E-07	-2.245617E-07	 4.445044E-07	-1.441549E-06	 1.191750E-06
0.40927	 1.172652E+01	-1.353758E+00	-6.391449E-02	-1.424381E-02	-5.300865E-03	-1.716360E-03	-4.965405E-04	-1.272517E-04	-2.703014E-05	-4.831069E-06	-6.407279E-07	-1.476554E-07	-2.537248E-07	 4.796797E-07	-1.541618E-06	 1.244199E-06
0.41533	 1.173385E+01	-1.373714E+00	-6.534701E-02	-1.485243E-02	-5.566934E-03	-1.826963E-03	-5.365212E-04	-1.393606E-04	-3.000766E-05	-5.370720E-06	-6.782843E-07	-1.474946E-07	-2.852527E-07	 5.174899E-07	-1.647013E-06	 1.297153E-06
0.42131	 1.174111E+01	-1.393363E+00	-6.677215E-02	-1.548171E-02	-5.838350E-03	-1.940445E-03	-5.783342E-04	-1.523188E-04	-3.322214E-05	-5.938749E-06	-7.117998E-07	-1.461372E-07	-3.183544E-07	 5.581277E-07	-1.757924E-06	 1.350414E-06
0.42720	 1.174830E+01	-1.412716E+00	-6.819299E-02	-1.613537E-02	-6.115057E-03	-2.056616E-03	-6.220456E-04	-1.661842E-04	-3.668300E-05	-6.535339E-06	-7.413716E-07	-1.427322E-07	-3.521186E-07	 6.019144E-07	-1.874924E-06	 1.404364E-06
0.43301	 1.175543E+01	-1.431778E+00	-6.961445E-02	-1.681677E-02	-6.396963E-03	-2.175362E-03	-6.677450E-04	-1.810177E-04	-4.040493E-05	-7.163157E-06	-7.663322E-07	-1.357973E-07	-3.858767E-07	 6.489981E-07	-1.998340E-06	 1.459022E-06
0.43875	 1.176252E+01	-1.450554E+00	-7.104317E-02	-1.752951E-02	-6.684003E-03	-2.296629E-03	-7.155442E-04	-1.968860E-04	-4.440749E-05	-7.826667E-06	-7.859589E-07	-1.239096E-07	-4.188675E-07	 6.996255E-07	-2.128296E-06	 1.514216E-06
0.44441	 1.176959E+01	-1.469050E+00	-7.248680E-02	-1.827677E-02	-6.976106E-03	-2.420435E-03	-7.655719E-04	-2.138597E-04	-4.871573E-05	-8.533085E-06	-7.997481E-07	-1.053541E-07	-4.503834E-07	 7.540707E-07	-2.265186E-06	 1.569985E-06
0.45000	 1.177665E+01	-1.487270E+00	-7.395362E-02	-1.906170E-02	-7.273258E-03	-2.546857E-03	-8.179663E-04	-2.320137E-04	-5.336110E-05	-9.291701E-06	-8.068043E-07	-7.825153E-08	-4.796899E-07	 8.126144E-07	-2.408925E-06	 1.625836E-06
0.45552	 1.178373E+01	-1.505216E+00	-7.545167E-02	-1.988693E-02	-7.575471E-03	-2.676025E-03	-8.728693E-04	-2.514234E-04	-5.837959E-05	-1.011528E-05	-8.072102E-07	-4.040836E-08	-5.058410E-07	 8.755257E-07	-2.559869E-06	 1.681730E-06
0.46098	 1.179084E+01	-1.522893E+00	-7.698793E-02	-2.075463E-02	-7.882802E-03	-2.808098E-03	-9.304106E-04	-2.721635E-04	-6.381246E-05	-1.101779E-05	-8.003415E-07	 1.044787E-08	-5.279914E-07	 9.431006E-07	-2.718032E-06	 1.737312E-06
0.46637	 1.179800E+01	-1.540304E+00	-7.856794E-02	-2.166641E-02	-8.195338E-03	-2.943247E-03	-9.907061E-04	-2.943066E-04	-6.970386E-05	-1.201534E-05	-7.863784E-07	 7.684536E-08	-5.450645E-07	 1.015774E-06	-2.883666E-06	 1.792587E-06
0.47170	 1.180522E+01	-1.557455E+00	-8.019561E-02	-2.262356E-02	-8.513210E-03	-3.081627E-03	-1.053845E-03	-3.179229E-04	-7.610313E-05	-1.312507E-05	-7.642112E-07	 1.615841E-07	-5.562024E-07	 1.093893E-06	-3.056714E-06	 1.847486E-06
0.47697	 1.181250E+01	-1.574348E+00	-8.187403E-02	-2.362784E-02	-8.836662E-03	-3.223362E-03	-1.119896E-03	-3.430865E-04	-8.306358E-05	-1.436363E-05	-7.325511E-07	 2.672014E-07	-5.602547E-07	 1.178159E-06	-3.236549E-06	 1.901242E-06
0.48218	 1.181985E+01	-1.590987E+00	-8.360531E-02	-2.468140E-02	-9.166032E-03	-3.368566E-03	-1.188914E-03	-3.698683E-04	-9.063763E-05	-1.574982E-05	-6.922760E-07	 3.964530E-07	-5.550738E-07	 1.269571E-06	-3.423261E-06	 1.953736E-06
0.48734	 1.182727E+01	-1.607378E+00	-8.538947E-02	-2.578549E-02	-9.501645E-03	-3.517353E-03	-1.260925E-03	-3.983265E-04	-9.887434E-05	-1.730412E-05	-6.458754E-07	 5.523888E-07	-5.377778E-07	 1.369315E-06	-3.617373E-06	 2.005313E-06
0.49244	 1.183476E+01	-1.623523E+00	-8.722375E-02	-2.694021E-02	-9.843749E-03	-3.669824E-03	-1.335920E-03	-4.284961E-04	-1.078182E-04	-1.904891E-05	-5.962573E-07	 7.388009E-07	-5.053803E-07	 1.478383E-06	-3.819522E-06	 2.056974E-06
0.49749	 1.184228E+01	-1.639433E+00	-8.910433E-02	-2.814500E-02	-1.019258E-02	-3.826073E-03	-1.413861E-03	-4.604067E-04	-1.175137E-04	-2.100312E-05	-5.446236E-07	 9.584458E-07	-4.553593E-07	 1.598308E-06	-4.028923E-06	 2.108379E-06
0.50249	 1.184985E+01	-1.655110E+00	-9.102797E-02	-2.939985E-02	-1.054845E-02	-3.986206E-03	-1.494715E-03	-4.940890E-04	-1.280033E-04	-2.318634E-05	-4.942902E-07	 1.213604E-06	-3.842689E-07	 1.731281E-06	-4.245472E-06	 2.159670E-06
0.50744	 1.185744E+01	-1.670561E+00	-9.299183E-02	-3.070446E-02	-1.091163E-02	-4.150346E-03	-1.578454E-03	-5.295715E-04	-1.393302E-04	-2.562053E-05	-4.497114E-07	 1.506560E-06	-2.885772E-07	 1.879395E-06	-4.468590E-06	 2.210900E-06
0.51235	 1.186506E+01	-1.685789E+00	-9.499334E-02	-3.205872E-02	-1.128245E-02	-4.318640E-03	-1.665050E-03	-5.668811E-04	-1.515352E-04	-2.832825E-05	-4.169255E-07	 1.839248E-06	-1.641367E-07	 2.045411E-06	-4.698062E-06	 2.262556E-06
0.51720	 1.187269E+01	-1.700801E+00	-9.702965E-02	-3.346144E-02	-1.166108E-02	-4.491248E-03	-1.754484E-03	-6.060378E-04	-1.646576E-04	-3.133501E-05	-4.033674E-07	 2.213547E-06	-7.038837E-09	 2.231794E-06	-4.933541E-06	 2.315485E-06
0.52202	 1.188034E+01	-1.715601E+00	-9.909877E-02	-3.491185E-02	-1.204778E-02	-4.668359E-03	-1.846740E-03	-6.470667E-04	-1.787382E-04	-3.466550E-05	-4.165248E-07	 2.630500E-06	 1.865765E-07	 2.441592E-06	-5.174013E-06	 2.369972E-06
0.52678	 1.188800E+01	-1.730193E+00	-1.011993E-01	-3.640875E-02	-1.244270E-02	-4.850163E-03	-1.941823E-03	-6.899975E-04	-1.938201E-04	-3.834795E-05	-4.659995E-07	 3.090713E-06	 4.204568E-07	 2.677745E-06	-5.418274E-06	 2.426656E-06
0.53151	 1.189567E+01	-1.744581E+00	-1.033315E-01	-3.795216E-02	-1.284618E-02	-5.036904E-03	-2.039759E-03	-7.348762E-04	-2.099525E-04	-4.241174E-05	-5.620246E-07	 3.593834E-06	 6.984171E-07	 2.943765E-06	-5.664420E-06	 2.485421E-06
0.53619	 1.190336E+01	-1.758766E+00	-1.054964E-01	-3.954142E-02	-1.325845E-02	-5.228821E-03	-2.140599E-03	-7.817556E-04	-2.271868E-04	-4.689163E-05	-7.190414E-07	 4.138850E-06	 1.024527E-06	 3.243559E-06	-5.911831E-06	 2.547989E-06
0.54083	 1.191108E+01	-1.772752E+00	-1.076954E-01	-4.117655E-02	-1.367986E-02	-5.426207E-03	-2.244406E-03	-8.306948E-04	-2.455803E-04	-5.182537E-05	-9.517790E-07	 4.724513E-06	 1.402488E-06	 3.580584E-06	-6.158215E-06	 2.614754E-06
0.54544	 1.191883E+01	-1.786540E+00	-1.099299E-01	-4.285695E-02	-1.411067E-02	-5.629330E-03	-2.351248E-03	-8.817566E-04	-2.651909E-04	-5.725348E-05	-1.278225E-06	 5.348125E-06	 1.835976E-06	 3.959109E-06	-6.402437E-06	 2.687682E-06
0.55000	 1.192662E+01	-1.800133E+00	-1.122014E-01	-4.458260E-02	-1.455128E-02	-5.838489E-03	-2.461196E-03	-9.350048E-04	-2.860807E-04	-6.321957E-05	-1.716896E-06	 6.006756E-06	 2.328307E-06	 4.382641E-06	-6.641205E-06	 2.767251E-06
0.55453	 1.193445E+01	-1.813532E+00	-1.145108E-01	-4.635329E-02	-1.500202E-02	-6.053969E-03	-2.574322E-03	-9.905067E-04	-3.083113E-04	-6.976838E-05	-2.289612E-06	 6.695530E-06	 2.882798E-06	 4.856207E-06	-6.873267E-06	 2.856121E-06
0.55902	 1.194234E+01	-1.826739E+00	-1.168593E-01	-4.816880E-02	-1.546329E-02	-6.276059E-03	-2.690697E-03	-1.048327E-03	-3.319470E-04	-7.694827E-05	-3.019396E-06	 7.409120E-06	 3.502261E-06	 5.383663E-06	-7.094746E-06	 2.955235E-06
0.56347	 1.195027E+01	-1.839756E+00	-1.192476E-01	-5.002925E-02	-1.593553E-02	-6.505082E-03	-2.810400E-03	-1.108537E-03	-3.570507E-04	-8.480759E-05	-3.932164E-06	 8.140027E-06	 4.189520E-06	 5.970326E-06	-7.303374E-06	 3.067328E-06
0.56789	 1.195827E+01	-1.852584E+00	-1.216757E-01	-5.193352E-02	-1.641902E-02	-6.741297E-03	-2.933499E-03	-1.171198E-03	-3.836849E-04	-9.339860E-05	-5.056441E-06	 8.879709E-06	 4.946380E-06	 6.620907E-06	-7.497056E-06	 3.195905E-06
0.57228	 1.196632E+01	-1.865227E+00	-1.241440E-01	-5.388173E-02	-1.691424E-02	-6.985011E-03	-3.060063E-03	-1.236376E-03	-4.119173E-04	-1.027748E-04	-6.420323E-06	 9.619036E-06	 5.773979E-06	 7.339168E-06	-7.669911E-06	 3.341749E-06
0.57663	 1.197443E+01	-1.877685E+00	-1.266525E-01	-5.587426E-02	-1.742173E-02	-7.236538E-03	-3.190165E-03	-1.304140E-03	-4.418116E-04	-1.129896E-04	-8.056037E-06	 1.034582E-05	 6.673672E-06	 8.130882E-06	-7.818831E-06	 3.508625E-06
0.58095	 1.198261E+01	-1.889960E+00	-1.292000E-01	-5.791039E-02	-1.794185E-02	-7.496145E-03	-3.323860E-03	-1.374544E-03	-4.734244E-04	-1.240982E-04	-9.998297E-06	 1.104724E-05	 7.645965E-06	 9.001009E-06	-7.941349E-06	 3.701580E-06
0.58523	 1.199084E+01	-1.902055E+00	-1.317846E-01	-5.998923E-02	-1.847491E-02	-7.764070E-03	-3.461186E-03	-1.447628E-03	-5.068096E-04	-1.361536E-04	-1.228060E-05	 1.170932E-05	 8.689817E-06	 9.953183E-06	-8.031958E-06	 3.923433E-06
0.58949	 1.199913E+01	-1.913972E+00	-1.344046E-01	-6.211076E-02	-1.902140E-02	-8.040600E-03	-3.602189E-03	-1.523442E-03	-5.420191E-04	-1.492077E-04	-1.493837E-05	 1.231591E-05	 9.803989E-06	 1.099202E-05	-8.085309E-06	 4.177769E-06
0.59372	 1.200748E+01	-1.925713E+00	-1.370576E-01	-6.427436E-02	-1.958167E-02	-8.325971E-03	-3.746906E-03	-1.602021E-03	-5.790975E-04	-1.633122E-04	-1.800957E-05	 1.284909E-05	 1.098641E-05	 1.212215E-05	-8.098371E-06	 4.471014E-06
0.59791	 1.201587E+01	-1.937281E+00	-1.397411E-01	-6.647931E-02	-2.015602E-02	-8.620407E-03	-3.895370E-03	-1.683403E-03	-6.180898E-04	-1.785182E-04	-2.153162E-05	 1.328993E-05	 1.223329E-05	 1.334661E-05	-8.064789E-06	 4.806780E-06
0.60208	 1.202431E+01	-1.948677E+00	-1.424533E-01	-6.872568E-02	-2.074493E-02	-8.924205E-03	-4.047640E-03	-1.767633E-03	-6.590406E-04	-1.948776E-04	-2.554500E-05	 1.361701E-05	 1.354059E-05	 1.466931E-05	-7.979599E-06	 5.190708E-06
0.60622	 1.203279E+01	-1.959904E+00	-1.451919E-01	-7.101266E-02	-2.134865E-02	-9.237589E-03	-4.203764E-03	-1.854749E-03	-7.019894E-04	-2.124416E-04	-3.009147E-05	 1.380743E-05	 1.490253E-05	 1.609305E-05	-7.838557E-06	 5.629468E-06
0.61033	 1.204131E+01	-1.970964E+00	-1.479549E-01	-7.334004E-02	-2.196757E-02	-9.560853E-03	-4.363809E-03	-1.944794E-03	-7.469766E-04	-2.312610E-04	-3.521304E-05	 1.383677E-05	 1.631211E-05	 1.761960E-05	-7.634843E-06	 6.127551E-06
0.61441	 1.204987E+01	-1.981857E+00	-1.507402E-01	-7.570701E-02	-2.260194E-02	-9.894250E-03	-4.527844E-03	-2.037810E-03	-7.940373E-04	-2.513862E-04	-4.095452E-05	 1.367817E-05	 1.776113E-05	 1.925105E-05	-7.365442E-06	 6.693541E-06
0.61847	 1.205846E+01	-1.992587E+00	-1.535458E-01	-7.811294E-02	-2.325203E-02	-1.023805E-02	-4.695941E-03	-2.133838E-03	-8.432070E-04	-2.728669E-04	-4.735955E-05	 1.330404E-05	 1.923943E-05	 2.098691E-05	-7.023035E-06	 7.331776E-06
0.62249	 1.206708E+01	-2.003155E+00	-1.563700E-01	-8.055735E-02	-2.391814E-02	-1.059258E-02	-4.868197E-03	-2.232927E-03	-8.945189E-04	-2.957517E-04	-5.447463E-05	 1.268396E-05	 2.073596E-05	 2.282772E-05	-6.603740E-06	 8.050166E-06
0.62650	 1.207574E+01	-2.013564E+00	-1.592106E-01	-8.303877E-02	-2.460034E-02	-1.095806E-02	-5.044692E-03	-2.335118E-03	-9.480005E-04	-3.200873E-04	-6.234576E-05	 1.178647E-05	 2.223732E-05	 2.477145E-05	-6.103537E-06	 8.855988E-06
0.63048	 1.208442E+01	-2.023814E+00	-1.620662E-01	-8.555643E-02	-2.529883E-02	-1.133479E-02	-5.225532E-03	-2.440464E-03	-1.003683E-03	-3.459196E-04	-7.101831E-05	 1.057897E-05	 2.372873E-05	 2.681487E-05	-5.516127E-06	 9.754374E-06
0.63443	 1.209312E+01	-2.033909E+00	-1.649352E-01	-8.810915E-02	-2.601372E-02	-1.172303E-02	-5.410825E-03	-2.549021E-03	-1.061597E-03	-3.732950E-04	-8.054044E-05	 9.025943E-06	 2.519353E-05	 2.895488E-05	-4.839922E-06	 1.075444E-05
0.63836	 1.210185E+01	-2.043850E+00	-1.678163E-01	-9.069602E-02	-2.674513E-02	-1.212303E-02	-5.600685E-03	-2.660853E-03	-1.121776E-03	-4.022609E-04	-9.095915E-05	 7.092128E-06	 2.661333E-05	 3.118484E-05	-4.069035E-06	 1.186076E-05
0.64226	 1.211061E+01	-2.053638E+00	-1.707087E-01	-9.331677E-02	-2.749332E-02	-1.253512E-02	-5.795253E-03	-2.776037E-03	-1.184260E-03	-4.328653E-04	-1.023237E-04	 4.739151E-06	 2.796840E-05	 3.349926E-05	-3.201320E-06	 1.308152E-05
0.64614	 1.211939E+01	-2.063274E+00	-1.736115E-01	-9.597049E-02	-2.825838E-02	-1.295953E-02	-5.994659E-03	-2.894650E-03	-1.249087E-03	-4.651582E-04	-1.146850E-04	 1.927314E-06	 2.923692E-05	 3.589006E-05	-2.235049E-06	 1.442380E-05
0.65000	 1.212820E+01	-2.072760E+00	-1.765238E-01	-9.865682E-02	-2.904052E-02	-1.339659E-02	-6.199050E-03	-3.016773E-03	-1.316294E-03	-4.991874E-04	-1.280924E-04	-1.383315E-06	 3.039574E-05	 3.834720E-05	-1.167323E-06	 1.589346E-05
0.65383	 1.213703E+01	-2.082096E+00	-1.794448E-01	-1.013750E-01	-2.983983E-02	-1.384655E-02	-6.408574E-03	-3.142494E-03	-1.385920E-03	-5.349995E-04	-1.425963E-04	-5.235423E-06	 3.141969E-05	 4.086070E-05	 1.312047E-09	 1.749797E-05
0.65765	 1.214589E+01	-2.091286E+00	-1.823736E-01	-1.041238E-01	-3.065633E-02	-1.430964E-02	-6.623378E-03	-3.271901E-03	-1.458004E-03	-5.726424E-04	-1.582479E-04	-9.672189E-06	 3.228146E-05	 4.341725E-05	 1.270389E-06	 1.924288E-05
0.66144	 1.215476E+01	-2.100329E+00	-1.853093E-01	-1.069022E-01	-3.149005E-02	-1.478611E-02	-6.843607E-03	-3.405081E-03	-1.532583E-03	-6.121616E-04	-1.750960E-04	-1.473682E-05	 3.295251E-05	 4.600225E-05	 2.638475E-06	 2.113397E-05
0.66521	 1.216367E+01	-2.109228E+00	-1.882505E-01	-1.097094E-01	-3.234102E-02	-1.527614E-02	-7.069382E-03	-3.542116E-03	-1.609693E-03	-6.536008E-04	-1.931884E-04	-2.047297E-05	 3.340301E-05	 4.859960E-05	 4.102929E-06	 2.317654E-05
0.66895	 1.217259E+01	-2.117983E+00	-1.911958E-01	-1.125451E-01	-3.320939E-02	-1.577998E-02	-7.300837E-03	-3.683091E-03	-1.689370E-03	-6.970031E-04	-2.125724E-04	-2.692418E-05	 3.360230E-05	 5.119161E-05	 5.661618E-06	 2.537492E-05
0.67268	 1.218153E+01	-2.126596E+00	-1.941435E-01	-1.154094E-01	-3.409534E-02	-1.629789E-02	-7.538107E-03	-3.828092E-03	-1.771646E-03	-7.424084E-04	-2.332941E-04	-3.413509E-05	 3.351891E-05	 5.376032E-05	 7.309727E-06	 2.773444E-05
0.67639	 1.219048E+01	-2.135068E+00	-1.970918E-01	-1.183014E-01	-3.499885E-02	-1.683007E-02	-7.781318E-03	-3.977204E-03	-1.856548E-03	-7.898539E-04	-2.553990E-04	-4.215058E-05	 3.311974E-05	 5.628563E-05	 9.040650E-06	 3.025959E-05
0.68007	 1.219945E+01	-2.143401E+00	-2.000395E-01	-1.212202E-01	-3.591985E-02	-1.737667E-02	-8.030600E-03	-4.130517E-03	-1.944108E-03	-8.393770E-04	-2.789317E-04	-5.101585E-05	 3.236990E-05	 5.874536E-05	 1.084665E-05	 3.295305E-05
0.68374	 1.220843E+01	-2.151595E+00	-2.029853E-01	-1.241647E-01	-3.685826E-02	-1.793787E-02	-8.286095E-03	-4.288128E-03	-2.034360E-03	-8.910163E-04	-3.039369E-04	-6.077663E-05	 3.123299E-05	 6.111497E-05	 1.271936E-05	 3.581603E-05
0.68739	 1.221742E+01	-2.159653E+00	-2.059281E-01	-1.271342E-01	-3.781405E-02	-1.851384E-02	-8.547948E-03	-4.450140E-03	-2.127341E-03	-9.448112E-04	-3.304587E-04	-7.147856E-05	 2.967171E-05	 6.336874E-05	 1.464879E-05	 3.884944E-05
0.69101	 1.222642E+01	-2.167575E+00	-2.088670E-01	-1.301283E-01	-3.878723E-02	-1.910481E-02	-8.816317E-03	-4.616662E-03	-2.223092E-03	-1.000802E-03	-3.585417E-04	-8.316802E-05	 2.764737E-05	 6.547915E-05	 1.662416E-05	 4.205273E-05
0.69462	 1.223543E+01	-2.175362E+00	-2.118011E-01	-1.331465E-01	-3.977783E-02	-1.971099E-02	-9.091368E-03	-4.787815E-03	-2.321656E-03	-1.059032E-03	-3.882313E-04	-9.589261E-05	 2.512019E-05	 6.741754E-05	 1.863236E-05	 4.542498E-05
0.69821	 1.224445E+01	-2.183016E+00	-2.147293E-01	-1.361879E-01	-4.078571E-02	-2.033251E-02	-9.373247E-03	-4.963707E-03	-2.423073E-03	-1.119540E-03	-4.195700E-04	-1.096982E-04	 2.204994E-05	 6.915337E-05	 2.065784E-05	 4.896448E-05
0.70178	 1.225347E+01	-2.190537E+00	-2.176506E-01	-1.392516E-01	-4.181073E-02	-2.096951E-02	-9.662092E-03	-5.144449E-03	-2.527382E-03	-1.182363E-03	-4.525983E-04	-1.246295E-04	 1.839527E-05	 7.065387E-05	 2.268556E-05	 5.266592E-05
0.70534	 1.226250E+01	-2.197927E+00	-2.205642E-01	-1.423370E-01	-4.285284E-02	-2.162216E-02	-9.958070E-03	-5.330166E-03	-2.634629E-03	-1.247542E-03	-4.873578E-04	-1.407328E-04	 1.411404E-05	 7.188567E-05	 2.469772E-05	 5.652458E-05
0.70887	 1.227154E+01	-2.205186E+00	-2.234691E-01	-1.454432E-01	-4.391186E-02	-2.229056E-02	-1.026132E-02	-5.520974E-03	-2.744857E-03	-1.315116E-03	-5.238880E-04	-1.580525E-04	 9.163942E-06	 7.281362E-05	 2.667458E-05	 6.053443E-05
0.71239	 1.228057E+01	-2.212317E+00	-2.263642E-01	-1.485698E-01	-4.498771E-02	-2.297485E-02	-1.057198E-02	-5.716996E-03	-2.858113E-03	-1.385126E-03	-5.622280E-04	-1.766329E-04	 3.501474E-06	 7.340084E-05	 2.859677E-05	 6.468598E-05
0.71589	 1.228961E+01	-2.219319E+00	-2.292490E-01	-1.517165E-01	-4.608041E-02	-2.367522E-02	-1.089023E-02	-5.918380E-03	-2.974455E-03	-1.457619E-03	-6.024197E-04	-1.965201E-04	-2.917473E-06	 7.360984E-05	 3.044196E-05	 6.897088E-05
0.71937	 1.229866E+01	-2.226194E+00	-2.321225E-01	-1.548825E-01	-4.718974E-02	-2.439173E-02	-1.121621E-02	-6.125243E-03	-3.093930E-03	-1.532635E-03	-6.445011E-04	-2.177578E-04	-1.013666E-05	 7.340188E-05	 3.218449E-05	 7.337979E-05
0.72284	 1.230770E+01	-2.232942E+00	-2.349838E-01	-1.580676E-01	-4.831565E-02	-2.512451E-02	-1.155007E-02	-6.337730E-03	-3.216598E-03	-1.610223E-03	-6.885122E-04	-2.403902E-04	-1.820174E-05	 7.273548E-05	 3.380144E-05	 7.789783E-05
0.72629	 1.231674E+01	-2.239563E+00	-2.378325E-01	-1.612718E-01	-4.945821E-02	-2.587380E-02	-1.189200E-02	-6.556007E-03	-3.342529E-03	-1.690436E-03	-7.344960E-04	-2.644637E-04	-2.715856E-05	 7.156971E-05	 3.526495E-05	 8.251317E-05
0.72973	 1.232579E+01	-2.246058E+00	-2.406677E-01	-1.644945E-01	-5.061719E-02	-2.663961E-02	-1.224213E-02	-6.780200E-03	-3.471777E-03	-1.773320E-03	-7.824908E-04	-2.900218E-04	-3.705224E-05	 6.986198E-05	 3.654447E-05	 8.721214E-05
0.73314	 1.233483E+01	-2.252427E+00	-2.434888E-01	-1.677355E-01	-5.179260E-02	-2.742212E-02	-1.260065E-02	-7.010475E-03	-3.604417E-03	-1.858934E-03	-8.325389E-04	-3.171090E-04	-4.793068E-05	 6.756673E-05	 3.761329E-05	 9.197382E-05
0.73655	 1.234387E+01	-2.258671E+00	-2.462956E-01	-1.709951E-01	-5.298452E-02	-2.822156E-02	-1.296776E-02	-7.247016E-03	-3.740529E-03	-1.947339E-03	-8.846853E-04	-3.457731E-04	-5.984121E-05	 6.463961E-05	 3.843740E-05	 9.678341E-05
0.73993	 1.235291E+01	-2.264790E+00	-2.490870E-01	-1.742725E-01	-5.419263E-02	-2.903790E-02	-1.334357E-02	-7.489951E-03	-3.880173E-03	-2.038586E-03	-9.389681E-04	-3.760561E-04	-7.283011E-05	 6.103402E-05	 3.898276E-05	 1.016203E-04
0.74330	 1.236195E+01	-2.270785E+00	-2.518629E-01	-1.775679E-01	-5.541701E-02	-2.987136E-02	-1.372829E-02	-7.739470E-03	-4.023441E-03	-2.132745E-03	-9.954329E-04	-4.080040E-04	-8.694724E-05	 5.670101E-05	 3.921777E-05	 1.064591E-04
0.74666	 1.237099E+01	-2.276653E+00	-2.546228E-01	-1.808815E-01	-5.665776E-02	-3.072217E-02	-1.412214E-02	-7.995774E-03	-4.170425E-03	-2.229887E-03	-1.054128E-03	-4.416657E-04	-1.022415E-04	 5.159257E-05	 3.910330E-05	 1.112802E-04
0.75000	 1.238002E+01	-2.282398E+00	-2.573660E-01	-1.842126E-01	-5.791449E-02	-3.159024E-02	-1.452522E-02	-8.258991E-03	-4.321193E-03	-2.330071E-03	-1.115091E-03	-4.770828E-04	-1.187601E-04	 4.565895E-05	 3.860091E-05	 1.160579E-04
0.75333	 1.238906E+01	-2.288018E+00	-2.600921E-01	-1.875618E-01	-5.918744E-02	-3.247589E-02	-1.493777E-02	-8.529345E-03	-4.475857E-03	-2.433382E-03	-1.178376E-03	-5.143043E-04	-1.365555E-04	 3.884691E-05	 3.767537E-05	 1.207605E-04
0.75664	 1.239809E+01	-2.293512E+00	-2.628011E-01	-1.909299E-01	-6.047681E-02	-3.337941E-02	-1.536005E-02	-8.807070E-03	-4.634535E-03	-2.539911E-03	-1.244036E-03	-5.533834E-04	-1.556799E-04	 3.110456E-05	 3.628250E-05	 1.253644E-04
0.75993	 1.240712E+01	-2.298880E+00	-2.654921E-01	-1.943162E-01	-6.178225E-02	-3.430069E-02	-1.579214E-02	-9.092298E-03	-4.797305E-03	-2.649728E-03	-1.312116E-03	-5.943644E-04	-1.761817E-04	 2.237884E-05	 3.437814E-05	 1.298405E-04
0.76322	 1.241615E+01	-2.304122E+00	-2.681647E-01	-1.977218E-01	-6.310410E-02	-3.524013E-02	-1.623433E-02	-9.385286E-03	-4.964301E-03	-2.762938E-03	-1.382675E-03	-6.373001E-04	-1.981171E-04	 1.261163E-05	 3.192358E-05	 1.341503E-04
0.76649	 1.242518E+01	-2.309235E+00	-2.708187E-01	-2.011481E-01	-6.444278E-02	-3.619818E-02	-1.668694E-02	-9.686316E-03	-5.135672E-03	-2.879654E-03	-1.455781E-03	-6.822511E-04	-2.215421E-04	 1.746329E-06	 2.886902E-05	 1.382667E-04
0.76974	 1.243420E+01	-2.314220E+00	-2.734532E-01	-2.045945E-01	-6.579792E-02	-3.717469E-02	-1.715003E-02	-9.995525E-03	-5.311503E-03	-2.999961E-03	-1.531481E-03	-7.292648E-04	-2.465071E-04	-1.027374E-05	 2.516519E-05	 1.421565E-04
0.77298	 1.244323E+01	-2.319076E+00	-2.760676E-01	-2.080622E-01	-6.716981E-02	-3.817006E-02	-1.762389E-02	-1.031317E-02	-5.491942E-03	-3.123975E-03	-1.609842E-03	-7.783971E-04	-2.730708E-04	-2.351108E-05	 2.076920E-05	 1.457746E-04
0.77621	 1.245225E+01	-2.323799E+00	-2.786617E-01	-2.115529E-01	-6.855908E-02	-3.918492E-02	-1.810894E-02	-1.063961E-02	-5.677168E-03	-3.251839E-03	-1.690941E-03	-8.297168E-04	-3.012944E-04	-3.802846E-05	 1.562736E-05	 1.490883E-04
0.77942	 1.246127E+01	-2.328390E+00	-2.812343E-01	-2.150665E-01	-6.996547E-02	-4.021925E-02	-1.860529E-02	-1.097499E-02	-5.867286E-03	-3.383654E-03	-1.774838E-03	-8.832782E-04	-3.312319E-04	-5.388693E-05	 9.685521E-06	 1.520601E-04
0.78262	 1.247029E+01	-2.332848E+00	-2.837848E-01	-2.186039E-01	-7.138915E-02	-4.127339E-02	-1.911320E-02	-1.131957E-02	-6.062448E-03	-3.519549E-03	-1.861600E-03	-9.391403E-04	-3.629439E-04	-7.115289E-05	 2.896256E-06	 1.546394E-04
0.78581	 1.247931E+01	-2.337170E+00	-2.863125E-01	-2.221664E-01	-7.283066E-02	-4.234800E-02	-1.963313E-02	-1.167374E-02	-6.262849E-03	-3.659682E-03	-1.951312E-03	-9.973739E-04	-3.964940E-04	-8.989378E-05	-4.794600E-06	 1.567826E-04
0.78899	 1.248833E+01	-2.341356E+00	-2.888164E-01	-2.257536E-01	-7.428951E-02	-4.344295E-02	-2.016514E-02	-1.203762E-02	-6.468590E-03	-3.804156E-03	-2.044030E-03	-1.058035E-03	-4.319361E-04	-1.101725E-04	-1.344513E-05	 1.584498E-04
0.79215	 1.249734E+01	-2.345406E+00	-2.912958E-01	-2.293661E-01	-7.576585E-02	-4.455862E-02	-2.070954E-02	-1.241150E-02	-6.679842E-03	-3.953118E-03	-2.139827E-03	-1.121184E-03	-4.693356E-04	-1.320613E-04	-2.310064E-05	 1.595745E-04
0.79530	 1.250635E+01	-2.349316E+00	-2.937501E-01	-2.330055E-01	-7.726035E-02	-4.569587E-02	-2.126688E-02	-1.279587E-02	-6.896859E-03	-4.106756E-03	-2.238796E-03	-1.186901E-03	-5.087601E-04	-1.556309E-04	-3.381704E-05	 1.601086E-04
0.79844	 1.251536E+01	-2.353088E+00	-2.961781E-01	-2.366698E-01	-7.877183E-02	-4.685385E-02	-2.183695E-02	-1.319071E-02	-7.119698E-03	-4.265154E-03	-2.340973E-03	-1.255229E-03	-5.502528E-04	-1.809407E-04	-4.565418E-05	 1.600158E-04
0.80156	 1.252436E+01	-2.356722E+00	-2.985785E-01	-2.403604E-01	-8.030038E-02	-4.803266E-02	-2.241988E-02	-1.359626E-02	-7.348539E-03	-4.428480E-03	-2.446442E-03	-1.326234E-03	-5.938867E-04	-2.080713E-04	-5.865643E-05	 1.592184E-04
0.80467	 1.253336E+01	-2.360206E+00	-3.009511E-01	-2.440847E-01	-8.184895E-02	-4.923484E-02	-2.301693E-02	-1.401349E-02	-7.583923E-03	-4.597118E-03	-2.555403E-03	-1.400074E-03	-6.397796E-04	-2.371313E-04	-7.289205E-05	 1.576539E-04
0.80777	 1.254236E+01	-2.363535E+00	-3.032946E-01	-2.478462E-01	-8.341826E-02	-5.046090E-02	-2.362845E-02	-1.444280E-02	-7.826132E-03	-4.771316E-03	-2.668000E-03	-1.476875E-03	-6.880218E-04	-2.682166E-04	-8.844782E-05	 1.552952E-04
0.81086	 1.255136E+01	-2.366704E+00	-3.056070E-01	-2.516479E-01	-8.500875E-02	-5.171106E-02	-2.425461E-02	-1.488446E-02	-8.075406E-03	-4.951317E-03	-2.784369E-03	-1.556753E-03	-7.387123E-04	-3.014329E-04	-1.053897E-04	 1.520685E-04
0.81394	 1.256036E+01	-2.369700E+00	-3.078871E-01	-2.554989E-01	-8.662381E-02	-5.298841E-02	-2.489694E-02	-1.533968E-02	-8.332414E-03	-5.137616E-03	-2.904777E-03	-1.639913E-03	-7.920052E-04	-3.369222E-04	-1.237978E-04	 1.478882E-04
0.81701	 1.256937E+01	-2.372514E+00	-3.101332E-01	-2.594040E-01	-8.826496E-02	-5.429443E-02	-2.555628E-02	-1.580919E-02	-8.597609E-03	-5.330584E-03	-3.029435E-03	-1.726538E-03	-8.480237E-04	-3.748124E-04	-1.437714E-04	 1.427183E-04
0.82006	 1.257839E+01	-2.375146E+00	-3.123427E-01	-2.633641E-01	-8.993163E-02	-5.562877E-02	-2.623258E-02	-1.629313E-02	-8.871175E-03	-5.530446E-03	-3.158469E-03	-1.816745E-03	-9.068641E-04	-4.152145E-04	-1.653785E-04	 1.364870E-04
0.82310	 1.258740E+01	-2.377587E+00	-3.145136E-01	-2.673846E-01	-9.162564E-02	-5.699338E-02	-2.692689E-02	-1.679239E-02	-9.153654E-03	-5.737647E-03	-3.292118E-03	-1.910727E-03	-9.686761E-04	-4.582779E-04	-1.886950E-04	 1.290960E-04
0.82614	 1.259643E+01	-2.379822E+00	-3.166436E-01	-2.714729E-01	-9.334962E-02	-5.839125E-02	-2.764076E-02	-1.730818E-02	-9.445745E-03	-5.952740E-03	-3.430688E-03	-2.008737E-03	-1.033641E-03	-5.041775E-04	-2.138173E-04	 1.204543E-04
0.82916	 1.260545E+01	-2.381846E+00	-3.187300E-01	-2.756324E-01	-9.510418E-02	-5.982352E-02	-2.837489E-02	-1.784114E-02	-9.747879E-03	-6.176123E-03	-3.574408E-03	-2.110981E-03	-1.101910E-03	-5.530704E-04	-2.408317E-04	 1.104798E-04
0.83217	 1.261449E+01	-2.383654E+00	-3.207705E-01	-2.798653E-01	-9.688966E-02	-6.129133E-02	-2.913000E-02	-1.839193E-02	-1.006050E-02	-6.408207E-03	-3.723502E-03	-2.217657E-03	-1.173637E-03	-6.051137E-04	-2.698060E-04	 9.905835E-05
0.83516	 1.262353E+01	-2.385238E+00	-3.227628E-01	-2.841751E-01	-9.870707E-02	-6.279669E-02	-2.990728E-02	-1.896153E-02	-1.038423E-02	-6.649509E-03	-3.878249E-03	-2.329006E-03	-1.249003E-03	-6.604841E-04	-3.008131E-04	 8.606706E-05
0.83815	 1.263258E+01	-2.386591E+00	-3.247044E-01	-2.885640E-01	-1.005567E-01	-6.434110E-02	-3.070766E-02	-1.955079E-02	-1.071961E-02	-6.900502E-03	-4.038902E-03	-2.445260E-03	-1.328186E-03	-7.193550E-04	-3.339181E-04	 7.138467E-05
0.84113	 1.264163E+01	-2.387710E+00	-3.265931E-01	-2.930326E-01	-1.024383E-01	-6.592555E-02	-3.153186E-02	-2.016039E-02	-1.106714E-02	-7.161629E-03	-4.205696E-03	-2.566638E-03	-1.411357E-03	-7.818927E-04	-3.691670E-04	 5.487239E-05
0.84410	 1.265069E+01	-2.388591E+00	-3.284264E-01	-2.975824E-01	-1.043517E-01	-6.755123E-02	-3.238066E-02	-2.079111E-02	-1.142737E-02	-7.433386E-03	-4.378893E-03	-2.693386E-03	-1.498708E-03	-8.482770E-04	-4.066058E-04	 3.638727E-05
0.84705	 1.265975E+01	-2.389225E+00	-3.302014E-01	-3.022164E-01	-1.062974E-01	-6.922008E-02	-3.325521E-02	-2.144399E-02	-1.180101E-02	-7.716369E-03	-4.558811E-03	-2.825798E-03	-1.590469E-03	-9.187110E-04	-4.462794E-04	 1.575552E-05
0.85000	 1.266881E+01	-2.389602E+00	-3.319149E-01	-3.069388E-01	-1.082764E-01	-7.093450E-02	-3.415683E-02	-2.212023E-02	-1.218888E-02	-8.011251E-03	-4.745822E-03	-2.964218E-03	-1.686900E-03	-9.934218E-04	-4.882391E-04	-7.194495E-06
0.85294	 1.267788E+01	-2.389713E+00	-3.335635E-01	-3.117536E-01	-1.102892E-01	-7.269692E-02	-3.508689E-02	-2.282109E-02	-1.259182E-02	-8.318746E-03	-4.940321E-03	-3.109015E-03	-1.788286E-03	-1.072647E-03	-5.325291E-04	-3.266356E-05
0.85586	 1.268696E+01	-2.389549E+00	-3.351439E-01	-3.166641E-01	-1.123363E-01	-7.450954E-02	-3.604667E-02	-2.354778E-02	-1.301069E-02	-8.639569E-03	-5.142711E-03	-3.260578E-03	-1.894927E-03	-1.156629E-03	-5.791869E-04	-6.085328E-05
0.85878	 1.269604E+01	-2.389101E+00	-3.366530E-01	-3.216728E-01	-1.144176E-01	-7.637452E-02	-3.703743E-02	-2.430156E-02	-1.344637E-02	-8.974456E-03	-5.353406E-03	-3.419311E-03	-2.007137E-03	-1.245611E-03	-6.282356E-04	-9.199646E-05
0.86168	 1.270512E+01	-2.388363E+00	-3.380876E-01	-3.267815E-01	-1.165326E-01	-7.829402E-02	-3.806045E-02	-2.508369E-02	-1.389976E-02	-9.324159E-03	-5.572831E-03	-3.585638E-03	-2.125252E-03	-1.339837E-03	-6.796888E-04	-1.263381E-04
0.86458	 1.271421E+01	-2.387327E+00	-3.394448E-01	-3.319906E-01	-1.186804E-01	-8.026981E-02	-3.911683E-02	-2.589539E-02	-1.437176E-02	-9.689409E-03	-5.801406E-03	-3.759991E-03	-2.249614E-03	-1.439538E-03	-7.335453E-04	-1.641398E-04
0.86747	 1.272329E+01	-2.385990E+00	-3.407220E-01	-3.372993E-01	-1.208593E-01	-8.230316E-02	-4.020742E-02	-2.673768E-02	-1.486316E-02	-1.007088E-02	-6.039518E-03	-3.942792E-03	-2.380570E-03	-1.544930E-03	-7.897866E-04	-2.056822E-04
0.87034	 1.273237E+01	-2.384348E+00	-3.419163E-01	-3.427074E-01	-1.230677E-01	-8.439566E-02	-4.133317E-02	-2.761171E-02	-1.537483E-02	-1.046931E-02	-6.287593E-03	-4.134510E-03	-2.518502E-03	-1.656231E-03	-8.483996E-04	-2.512782E-04
0.87321	 1.274145E+01	-2.382393E+00	-3.430251E-01	-3.482154E-01	-1.253043E-01	-8.654978E-02	-4.249552E-02	-2.851903E-02	-1.590789E-02	-1.088556E-02	-6.546159E-03	-4.335699E-03	-2.663863E-03	-1.773685E-03	-9.093948E-04	-3.013000E-04
0.87607	 1.275053E+01	-2.380119E+00	-3.440469E-01	-3.538224E-01	-1.275673E-01	-8.876753E-02	-4.369571E-02	-2.946112E-02	-1.646340E-02	-1.132048E-02	-6.815735E-03	-4.546935E-03	-2.817113E-03	-1.897519E-03	-9.727937E-04	-3.561191E-04
0.87892	 1.275961E+01	-2.377526E+00	-3.449808E-01	-3.595243E-01	-1.298531E-01	-9.104952E-02	-4.493429E-02	-3.043899E-02	-1.704219E-02	-1.177473E-02	-7.096750E-03	-4.768732E-03	-2.978677E-03	-2.027890E-03	-1.038605E-03	-4.161300E-04
0.88176	 1.276868E+01	-2.374619E+00	-3.458272E-01	-3.653143E-01	-1.321569E-01	-9.339482E-02	-4.621103E-02	-3.145311E-02	-1.764478E-02	-1.224875E-02	-7.389501E-03	-5.001524E-03	-3.148919E-03	-2.164872E-03	-1.106823E-03	-4.817106E-04
0.88459	 1.277773E+01	-2.371402E+00	-3.465873E-01	-3.711873E-01	-1.344740E-01	-9.580301E-02	-4.752586E-02	-3.250405E-02	-1.827173E-02	-1.274299E-02	-7.694319E-03	-5.245794E-03	-3.328248E-03	-2.308529E-03	-1.177516E-03	-5.533333E-04
0.88741	 1.278679E+01	-2.367864E+00	-3.472641E-01	-3.771428E-01	-1.368021E-01	-9.827743E-02	-4.888087E-02	-3.359426E-02	-1.892466E-02	-1.325866E-02	-8.012000E-03	-5.502375E-03	-3.517299E-03	-2.459051E-03	-1.250925E-03	-6.316071E-04
0.89022	 1.279585E+01	-2.364004E+00	-3.478651E-01	-3.831749E-01	-1.391372E-01	-1.008191E-01	-5.027725E-02	-3.472568E-02	-1.960498E-02	-1.379678E-02	-8.343307E-03	-5.772085E-03	-3.716653E-03	-2.616566E-03	-1.327350E-03	-7.170661E-04
0.89303	 1.280494E+01	-2.359848E+00	-3.484042E-01	-3.892663E-01	-1.414695E-01	-1.034201E-01	-5.171150E-02	-3.589626E-02	-2.031187E-02	-1.435680E-02	-8.688101E-03	-6.055082E-03	-3.926439E-03	-2.780830E-03	-1.407005E-03	-8.100654E-04
0.89582	 1.281403E+01	-2.355412E+00	-3.488940E-01	-3.954057E-01	-1.437897E-01	-1.060751E-01	-5.318130E-02	-3.710510E-02	-2.104512E-02	-1.493855E-02	-9.046435E-03	-6.351637E-03	-4.146819E-03	-2.951545E-03	-1.490210E-03	-9.110997E-04
0.89861	 1.282317E+01	-2.350682E+00	-3.493484E-01	-4.015957E-01	-1.460940E-01	-1.087882E-01	-5.468886E-02	-3.835572E-02	-2.180704E-02	-1.554385E-02	-9.419516E-03	-6.662872E-03	-4.378460E-03	-3.128767E-03	-1.577562E-03	-1.020827E-03
0.90139	 1.283239E+01	-2.345649E+00	-3.498065E-01	-4.078337E-01	-1.483825E-01	-1.115599E-01	-5.623561E-02	-3.965051E-02	-2.259988E-02	-1.617459E-02	-9.809077E-03	-6.990329E-03	-4.622396E-03	-3.313133E-03	-1.670162E-03	-1.139623E-03
0.90416	 1.284184E+01	-2.340318E+00	-3.503188E-01	-4.141034E-01	-1.506546E-01	-1.143818E-01	-5.781874E-02	-4.098711E-02	-2.342355E-02	-1.683097E-02	-1.021617E-02	-7.334951E-03	-4.879368E-03	-3.505334E-03	-1.769292E-03	-1.267663E-03
0.90692	 1.285150E+01	-2.334699E+00	-3.509028E-01	-4.203994E-01	-1.529053E-01	-1.172521E-01	-5.943699E-02	-4.236557E-02	-2.427856E-02	-1.751375E-02	-1.064152E-02	-7.697366E-03	-5.149671E-03	-3.705467E-03	-1.875687E-03	-1.405211E-03
0.90967	 1.286133E+01	-2.328792E+00	-3.515535E-01	-4.267217E-01	-1.551254E-01	-1.201738E-01	-6.109002E-02	-4.378793E-02	-2.516596E-02	-1.822408E-02	-1.108569E-02	-8.078160E-03	-5.433393E-03	-3.913341E-03	-1.989778E-03	-1.552305E-03
0.91241	 1.287135E+01	-2.322617E+00	-3.522926E-01	-4.330559E-01	-1.573093E-01	-1.231405E-01	-6.277459E-02	-4.525245E-02	-2.608528E-02	-1.896182E-02	-1.154896E-02	-8.477740E-03	-5.730670E-03	-4.129096E-03	-2.112484E-03	-1.708728E-03
0.91515	 1.288164E+01	-2.316207E+00	-3.531598E-01	-4.393774E-01	-1.594531E-01	-1.261389E-01	-6.448438E-02	-4.675376E-02	-2.703431E-02	-1.972555E-02	-1.203113E-02	-8.895987E-03	-6.041369E-03	-4.352890E-03	-2.244846E-03	-1.874102E-03
0.91788	 1.289219E+01	-2.309592E+00	-3.541780E-01	-4.456721E-01	-1.615506E-01	-1.291614E-01	-6.621429E-02	-4.828884E-02	-2.801177E-02	-2.051467E-02	-1.253205E-02	-9.332834E-03	-6.365199E-03	-4.584531E-03	-2.387480E-03	-2.048140E-03
0.92060	 1.290300E+01	-2.302785E+00	-3.553625E-01	-4.519342E-01	-1.635972E-01	-1.322043E-01	-6.796068E-02	-4.985651E-02	-2.901727E-02	-2.132919E-02	-1.305187E-02	-9.788491E-03	-6.702081E-03	-4.824059E-03	-2.540913E-03	-2.230413E-03
0.92331	 1.291412E+01	-2.295791E+00	-3.567406E-01	-4.581561E-01	-1.655951E-01	-1.352633E-01	-6.972047E-02	-5.145521E-02	-3.005071E-02	-2.216927E-02	-1.359115E-02	-1.026348E-02	-7.052383E-03	-5.072042E-03	-2.706006E-03	-2.420563E-03
0.92601	 1.292559E+01	-2.288630E+00	-3.583424E-01	-4.643286E-01	-1.675477E-01	-1.383296E-01	-7.148822E-02	-5.308146E-02	-3.111080E-02	-2.303421E-02	-1.415000E-02	-1.075791E-02	-7.416295E-03	-5.328924E-03	-2.883240E-03	-2.618055E-03
0.92871	 1.293743E+01	-2.281331E+00	-3.601850E-01	-4.704437E-01	-1.694563E-01	-1.413905E-01	-7.325549E-02	-5.472929E-02	-3.219463E-02	-2.392203E-02	-1.472754E-02	-1.127122E-02	-7.793542E-03	-5.594555E-03	-3.072418E-03	-2.822221E-03
0.93140	 1.294961E+01	-2.273906E+00	-3.622638E-01	-4.765106E-01	-1.713231E-01	-1.444370E-01	-7.501400E-02	-5.639313E-02	-3.329911E-02	-2.483058E-02	-1.532267E-02	-1.180288E-02	-8.183943E-03	-5.868495E-03	-3.272908E-03	-3.032644E-03
0.93408	 1.296211E+01	-2.266287E+00	-3.645530E-01	-4.825771E-01	-1.731634E-01	-1.474831E-01	-7.676566E-02	-5.807752E-02	-3.442708E-02	-2.576276E-02	-1.593746E-02	-1.235523E-02	-8.589558E-03	-6.151977E-03	-3.485029E-03	-3.249993E-03
0.93675	 1.297500E+01	-2.258294E+00	-3.670167E-01	-4.887251E-01	-1.750152E-01	-1.505730E-01	-7.852812E-02	-5.980150E-02	-3.559037E-02	-2.672906E-02	-1.657929E-02	-1.293500E-02	-9.016220E-03	-6.449896E-03	-3.711161E-03	-3.476270E-03
0.93941	 1.298839E+01	-2.249717E+00	-3.696068E-01	-4.950378E-01	-1.769234E-01	-1.537614E-01	-8.032577E-02	-6.159019E-02	-3.680456E-02	-2.774342E-02	-1.725813E-02	-1.355116E-02	-9.471465E-03	-6.768668E-03	-3.955076E-03	-3.714446E-03
0.94207	 1.300223E+01	-2.240462E+00	-3.722544E-01	-5.015564E-01	-1.788998E-01	-1.570748E-01	-8.216564E-02	-6.345415E-02	-3.807461E-02	-2.881140E-02	-1.797812E-02	-1.420842E-02	-9.958837E-03	-7.111017E-03	-4.218740E-03	-3.966192E-03
0.94472	 1.301632E+01	-2.230570E+00	-3.748931E-01	-5.082824E-01	-1.809281E-01	-1.605059E-01	-8.403600E-02	-6.538668E-02	-3.939352E-02	-2.992857E-02	-1.873659E-02	-1.490633E-02	-1.047714E-02	-7.475208E-03	-4.502187E-03	-4.231643E-03
0.94736	 1.303058E+01	-2.220050E+00	-3.774733E-01	-5.152172E-01	-1.830038E-01	-1.640490E-01	-8.592977E-02	-6.738314E-02	-4.075628E-02	-3.109194E-02	-1.953240E-02	-1.564566E-02	-1.102633E-02	-7.860848E-03	-4.806630E-03	-4.511395E-03
0.95000	 1.304502E+01	-2.208783E+00	-3.799417E-01	-5.224127E-01	-1.851467E-01	-1.677369E-01	-8.785812E-02	-6.945561E-02	-4.216753E-02	-3.230667E-02	-2.037004E-02	-1.643239E-02	-1.161030E-02	-8.270478E-03	-5.136177E-03	-4.808446E-03
0.95263	 1.305969E+01	-2.196448E+00	-3.821977E-01	-5.299686E-01	-1.873916E-01	-1.716655E-01	-8.986271E-02	-7.165253E-02	-4.365309E-02	-3.359737E-02	-2.126683E-02	-1.728366E-02	-1.224076E-02	-8.714327E-03	-5.500096E-03	-5.128747E-03
0.95525	 1.307462E+01	-2.182798E+00	-3.841547E-01	-5.379451E-01	-1.897543E-01	-1.759123E-01	-9.197708E-02	-7.401585E-02	-4.523325E-02	-3.498484E-02	-2.223788E-02	-1.821561E-02	-1.292806E-02	-9.201951E-03	-5.908082E-03	-5.477785E-03
0.95786	 1.308973E+01	-2.167885E+00	-3.858005E-01	-5.463109E-01	-1.922120E-01	-1.804644E-01	-9.419234E-02	-7.653781E-02	-4.689636E-02	-3.646148E-02	-2.327958E-02	-1.922771E-02	-1.367008E-02	-9.734629E-03	-6.363821E-03	-5.855750E-03
0.96047	 1.310492E+01	-2.151819E+00	-3.871182E-01	-5.550072E-01	-1.947240E-01	-1.852956E-01	-9.649560E-02	-7.920703E-02	-4.862791E-02	-3.801681E-02	-2.438607E-02	-2.031759E-02	-1.446131E-02	-1.031016E-02	-6.870006E-03	-6.262481E-03
0.96307	 1.312003E+01	-2.134555E+00	-3.880386E-01	-5.640123E-01	-1.972471E-01	-1.904332E-01	-9.889825E-02	-8.204720E-02	-5.043325E-02	-3.965898E-02	-2.556343E-02	-2.149309E-02	-1.530186E-02	-1.093249E-02	-7.433501E-03	-6.700374E-03
0.96566	 1.313502E+01	-2.115982E+00	-3.885135E-01	-5.733195E-01	-1.997471E-01	-1.959166E-01	-1.014176E-01	-8.508964E-02	-5.232170E-02	-4.140027E-02	-2.682066E-02	-2.276432E-02	-1.619294E-02	-1.160865E-02	-8.063209E-03	-7.172481E-03
0.96825	 1.314995E+01	-2.096024E+00	-3.885547E-01	-5.829084E-01	-2.022011E-01	-2.017651E-01	-1.040653E-01	-8.835570E-02	-5.429791E-02	-4.325001E-02	-2.816490E-02	-2.413733E-02	-1.713414E-02	-1.234804E-02	-8.766798E-03	-7.680985E-03
0.97082	 1.316487E+01	-2.074666E+00	-3.881910E-01	-5.927426E-01	-2.045713E-01	-2.079778E-01	-1.068422E-01	-9.185733E-02	-5.636080E-02	-4.521456E-02	-2.960104E-02	-2.561510E-02	-1.812174E-02	-1.315832E-02	-9.549062E-03	-8.227022E-03
0.97340	 1.317967E+01	-2.051892E+00	-3.874334E-01	-6.027976E-01	-2.067973E-01	-2.145571E-01	-1.097437E-01	-9.560716E-02	-5.850832E-02	-4.730225E-02	-3.113485E-02	-2.719957E-02	-1.914981E-02	-1.404791E-02	-1.041247E-02	-8.811280E-03
0.97596	 1.319436E+01	-2.027518E+00	-3.862613E-01	-6.130813E-01	-2.088220E-01	-2.215534E-01	-1.127838E-01	-9.964520E-02	-6.075470E-02	-4.953978E-02	-3.278391E-02	-2.890121E-02	-2.021862E-02	-1.503416E-02	-1.136254E-02	-9.438636E-03
0.97852	 1.320903E+01	-2.001199E+00	-3.846503E-01	-6.236096E-01	-2.105905E-01	-2.290642E-01	-1.159920E-01	-1.040435E-01	-6.313298E-02	-5.197818E-02	-3.457998E-02	-3.073996E-02	-2.133766E-02	-1.614746E-02	-1.240778E-02	-1.012042E-02
0.98107	 1.322379E+01	-1.972744E+00	-3.826667E-01	-6.343406E-01	-2.120303E-01	-2.371341E-01	-1.193686E-01	-1.088468E-01	-6.566261E-02	-5.466229E-02	-3.654786E-02	-3.272659E-02	-2.251486E-02	-1.741676E-02	-1.354768E-02	-1.086927E-02
0.98362	 1.323873E+01	-1.942313E+00	-3.805173E-01	-6.451738E-01	-2.130630E-01	-2.456998E-01	-1.228605E-01	-1.140249E-01	-6.832457E-02	-5.760105E-02	-3.868470E-02	-3.484269E-02	-2.374514E-02	-1.885264E-02	-1.476160E-02	-1.169251E-02
0.98615	 1.325395E+01	-1.909994E+00	-3.783942E-01	-6.560053E-01	-2.136100E-01	-2.547198E-01	-1.264147E-01	-1.195631E-01	-7.111314E-02	-6.082094E-02	-4.099434E-02	-3.707864E-02	-2.503833E-02	-2.046831E-02	-1.602803E-02	-1.260644E-02
0.98869	 1.326955E+01	-1.875680E+00	-3.764436E-01	-6.667477E-01	-2.135904E-01	-2.642136E-01	-1.299848E-01	-1.254834E-01	-7.404160E-02	-6.437507E-02	-4.349272E-02	-3.944281E-02	-2.642339E-02	-2.228303E-02	-1.733181E-02	-1.363933E-02
0.99121	 1.328570E+01	-1.839327E+00	-3.748626E-01	-6.773121E-01	-2.129430E-01	-2.741778E-01	-1.335014E-01	-1.317840E-01	-7.710920E-02	-6.830464E-02	-4.618021E-02	-4.194456E-02	-2.793858E-02	-2.430435E-02	-1.865965E-02	-1.482346E-02
0.99373	 1.330257E+01	-1.800974E+00	-3.739067E-01	-6.876264E-01	-2.116542E-01	-2.845815E-01	-1.368719E-01	-1.384273E-01	-8.029000E-02	-7.262262E-02	-4.904006E-02	-4.460285E-02	-2.962471E-02	-2.652027E-02	-2.000727E-02	-1.618409E-02
0.99624	 1.332040E+01	-1.760426E+00	-3.737994E-01	-6.976879E-01	-2.097424E-01	-2.954198E-01	-1.399511E-01	-1.454087E-01	-8.357297E-02	-7.735104E-02	-5.209687E-02	-4.750379E-02	-3.152487E-02	-2.892393E-02	-2.138834E-02	-1.772975E-02
0.99875	 1.333950E+01	-1.717290E+00	-3.748229E-01	-7.075942E-01	-2.072708E-01	-3.066995E-01	-1.425397E-01	-1.527229E-01	-8.699200E-02	-8.260080E-02	-5.534143E-02	-5.064641E-02	-3.371109E-02	-3.152232E-02	-2.281863E-02	-1.951940E-02
