r	   0/   0	   1/   0	   2/   0	   3/   0	   4/   0	   5/   0	   6/   0	   7/   0	   8/   0	   9/   0	  10/   0	  11/   0	  12/   0	  13/   0	  14/   0	  15/   0
0.05000	 0.000000E+00	 3.511818E-05	 4.156323E-06	 8.997691E-07	 2.297954E-08	-1.590400E-07	-4.862105E-08	-3.252127E-08	 2.034000E-08	 3.877127E-09	 3.298555E-09	 4.015862E-10	 1.807856E-09	-4.270090E-10	 7.486880E-11	 5.882995E-10
0.08660	 0.000000E+00	 6.021100E-05	 1.110826E-05	 2.342669E-06	 6.106422E-07	 1.479896E-08	-2.129805E-07	-2.080624E-07	-7.998510E-08	 3.106041E-09	 3.711811E-09	 1.811190E-09	 8.522413E-10	-1.022171E-09	-7.327268E-11	-6.905143E-10
0.11180	 0.000000E+00	 7.692783E-05	 1.709294E-05	 3.152785E-06	 1.107412E-06	 4.469116E-07	-2.055923E-07	-2.743041E-07	-1.144301E-07	-1.808039E-09	 4.111359E-09	 4.777304E-10	 8.790414E-10	-1.016121E-09	-5.240764E-10	 1.764156E-10
0.13229	 0.000000E+00	 9.008466E-05	 2.327553E-05	 4.121123E-06	 1.284946E-06	 6.568047E-07	-1.420763E-07	-2.832400E-07	-1.142214E-07	 3.046088E-09	 4.230474E-09	-1.177273E-10	-5.823607E-10	-1.675337E-09	-1.013178E-09	 5.233384E-10
0.15000	 0.000000E+00	 1.010483E-04	 2.949226E-05	 5.501090E-06	 1.579608E-06	 7.523719E-07	-1.459706E-07	-2.637472E-07	-8.636462E-08	 1.405104E-08	 6.878132E-09	-5.810605E-10	-1.575400E-09	-1.557589E-09	-1.715215E-09	 2.003083E-09
0.16583	 0.000000E+00	 1.104726E-04	 3.571729E-05	 7.258810E-06	 1.965721E-06	 7.862803E-07	-1.387422E-07	-2.172071E-07	-6.678400E-08	 2.162581E-08	 1.133787E-08	-1.821893E-09	-1.852232E-09	-8.735040E-10	-1.973707E-09	 2.762912E-09
0.18028	 0.000000E+00	 1.187631E-04	 4.188573E-05	 9.325931E-06	 2.452625E-06	 8.026017E-07	-1.141857E-07	-1.570024E-07	-5.268268E-08	 2.512303E-08	 1.397178E-08	-3.198525E-09	-1.452629E-09	-1.373071E-10	-1.726109E-09	 2.401997E-09
0.19365	 0.000000E+00	 1.261823E-04	 4.793158E-05	 1.161405E-05	 3.041630E-06	 8.390645E-07	-7.301075E-08	-9.650232E-08	-4.238443E-08	 2.536715E-08	 1.466252E-08	-4.180761E-09	-8.922786E-10	 4.146268E-10	-1.136596E-09	 1.295033E-09
0.20616	 0.000000E+00	 1.329299E-04	 5.380387E-05	 1.404589E-05	 3.723728E-06	 9.155455E-07	-1.787998E-08	-4.060591E-08	-3.400747E-08	 2.319282E-08	 1.400188E-08	-4.552721E-09	-3.682627E-10	 7.430625E-10	-3.516215E-10	-1.620187E-10
0.21794	 0.000000E+00	 1.391581E-04	 5.947391E-05	 1.656069E-05	 4.483210E-06	 1.039698E-06	 5.008631E-08	 8.039080E-09	-2.685009E-08	 1.988547E-08	 1.259893E-08	-4.416356E-09	 4.476987E-11	 8.767008E-10	 4.787719E-10	-1.646960E-09
0.22913	 0.000000E+00	 1.449279E-04	 6.492870E-05	 1.911704E-05	 5.305668E-06	 1.211635E-06	 1.284237E-07	 4.774642E-08	-2.047591E-08	 1.661547E-08	 1.080416E-08	-3.953151E-09	 3.272724E-10	 8.772531E-10	 1.193679E-09	-2.882233E-09
0.23979	 0.000000E+00	 1.503161E-04	 7.017587E-05	 2.169332E-05	 6.181616E-06	 1.428191E-06	 2.149486E-07	 7.846862E-08	-1.458032E-08	 1.413552E-08	 8.906357E-09	-3.334937E-09	 4.806027E-10	 8.076629E-10	 1.704985E-09	-3.744257E-09
0.25000	 0.000000E+00	 1.554056E-04	 7.523550E-05	 2.428415E-05	 7.108548E-06	 1.686112E-06	 3.080024E-07	 1.007421E-07	-9.109852E-09	 1.274171E-08	 6.951551E-09	-2.736894E-09	 5.196494E-10	 7.253822E-10	 1.939167E-09	-4.182840E-09
0.25981	 0.000000E+00	 1.602303E-04	 8.013301E-05	 2.689515E-05	 8.089873E-06	 1.982976E-06	 4.064444E-07	 1.175511E-07	-3.199504E-09	 1.235112E-08	 5.053849E-09	-2.175379E-09	 5.111996E-10	 6.556113E-10	 1.945540E-09	-4.283320E-09
0.26926	 0.000000E+00	 1.647853E-04	 8.489428E-05	 2.953616E-05	 9.129030E-06	 2.316183E-06	 5.111196E-07	 1.329003E-07	 3.322815E-09	 1.249521E-08	 3.419326E-09	-1.640303E-09	 4.531706E-10	 5.976936E-10	 1.859475E-09	-4.242721E-09
0.27839	 0.000000E+00	 1.690890E-04	 8.953792E-05	 3.221507E-05	 1.022896E-05	 2.684244E-06	 6.238755E-07	 1.495525E-07	 1.028767E-08	 1.286856E-08	 2.112878E-09	-1.173071E-09	 3.527054E-10	 5.605531E-10	 1.764716E-09	-4.196999E-09
0.28723	 0.000000E+00	 1.731404E-04	 9.407538E-05	 3.493627E-05	 1.139138E-05	 3.086019E-06	 7.460300E-07	 1.700357E-07	 1.795170E-08	 1.323122E-08	 1.160480E-09	-7.240970E-10	 2.477280E-10	 5.277996E-10	 1.744301E-09	-4.252711E-09
0.29580	 0.000000E+00	 1.769593E-04	 9.851217E-05	 3.769850E-05	 1.261424E-05	 3.519633E-06	 8.789770E-07	 1.961664E-07	 2.630311E-08	 1.338951E-08	 6.187283E-10	-2.580142E-10	 1.382499E-10	 4.811067E-10	 1.874743E-09	-4.496286E-09
0.30414	 0.000000E+00	 1.805833E-04	 1.028490E-04	 4.049630E-05	 1.389319E-05	 3.983143E-06	 1.023871E-06	 2.282632E-07	 3.508820E-08	 1.339307E-08	 4.689271E-10	 2.017260E-10	 1.924512E-11	 4.166038E-10	 2.175787E-09	-4.951314E-09
0.31225	 0.000000E+00	 1.840320E-04	 1.070852E-04	 4.332378E-05	 1.522413E-05	 4.475226E-06	 1.181107E-06	 2.657438E-07	 4.428155E-08	 1.343513E-08	 5.631642E-10	 6.058726E-10	-1.005650E-10	 3.489089E-10	 2.617595E-09	-5.577988E-09
0.32016	 0.000000E+00	 1.873235E-04	 1.112194E-04	 4.617574E-05	 1.660362E-05	 4.994873E-06	 1.350633E-06	 3.082524E-07	 5.413003E-08	 1.363818E-08	 7.730702E-10	 9.594299E-10	-1.891542E-10	 2.778887E-10	 3.165985E-09	-6.331835E-09
0.32787	 0.000000E+00	 1.904735E-04	 1.152519E-04	 4.904778E-05	 1.802856E-05	 5.541195E-06	 1.532565E-06	 3.554865E-07	 6.469836E-08	 1.406647E-08	 1.056236E-09	 1.263103E-09	-2.453439E-10	 2.008958E-10	 3.815587E-09	-7.191449E-09
0.33541	 0.000000E+00	 1.934913E-04	 1.191825E-04	 5.193673E-05	 1.949710E-05	 6.113935E-06	 1.727205E-06	 4.069421E-07	 7.592237E-08	 1.481535E-08	 1.349630E-09	 1.484470E-09	-2.882930E-10	 1.259514E-10	 4.537959E-09	-8.125467E-09
0.34278	 0.000000E+00	 1.963851E-04	 1.230092E-04	 5.484073E-05	 2.100920E-05	 6.713789E-06	 1.935183E-06	 4.625127E-07	 8.786561E-08	 1.593965E-08	 1.607129E-09	 1.619558E-09	-3.136689E-10	 6.399342E-11	 5.321571E-09	-9.108064E-09
0.35000	 0.000000E+00	 1.988247E-04	 1.267414E-04	 5.776052E-05	 2.256342E-05	 7.342541E-06	 2.157377E-06	 5.218711E-07	 1.010335E-07	 1.779475E-08	 1.806715E-09	 1.642252E-09	-2.786003E-10	 2.436174E-11	 6.168770E-09	-1.015006E-08
0.35707	 0.000000E+00	 2.007951E-04	 1.303847E-04	 6.069694E-05	 2.415935E-05	 8.000096E-06	 2.394010E-06	 5.860364E-07	 1.152449E-07	 1.980785E-08	 1.909694E-09	 1.637597E-09	-2.231687E-10	-3.772290E-11	 7.059118E-09	-1.120493E-08
0.36401	 0.000000E+00	 2.026303E-04	 1.339414E-04	 6.364824E-05	 2.580146E-05	 8.688324E-06	 2.646704E-06	 6.558692E-07	 1.305834E-07	 2.201728E-08	 2.046489E-09	 1.627669E-09	-1.752477E-10	-1.249533E-10	 8.047929E-09	-1.231375E-08
0.37081	 0.000000E+00	 2.043371E-04	 1.374210E-04	 6.661434E-05	 2.749072E-05	 9.408286E-06	 2.916262E-06	 7.319547E-07	 1.473833E-07	 2.442255E-08	 2.177279E-09	 1.633860E-09	-1.068904E-10	-2.428772E-10	 9.150738E-09	-1.348285E-08
0.37749	 0.000000E+00	 2.058026E-04	 1.408318E-04	 6.959402E-05	 2.922538E-05	 1.016056E-05	 3.203589E-06	 8.145779E-07	 1.659446E-07	 2.717383E-08	 2.290145E-09	 1.645534E-09	 7.765933E-12	-3.880522E-10	 1.037627E-08	-1.472454E-08
0.38406	 0.000000E+00	 2.070273E-04	 1.441752E-04	 7.258561E-05	 3.100367E-05	 1.094468E-05	 3.509010E-06	 9.043561E-07	 1.863608E-07	 3.007991E-08	 2.350475E-09	 1.702662E-09	 1.600713E-10	-5.755510E-10	 1.170905E-08	-1.600483E-08
0.39051	 0.000000E+00	 2.081362E-04	 1.474476E-04	 7.558589E-05	 3.282498E-05	 1.176029E-05	 3.832986E-06	 1.001763E-06	 2.087616E-07	 3.313300E-08	 2.393314E-09	 1.811134E-09	 3.575895E-10	-8.092596E-10	 1.318540E-08	-1.733003E-08
0.39686	 0.000000E+00	 2.091384E-04	 1.506457E-04	 7.859081E-05	 3.468634E-05	 1.260620E-05	 4.175548E-06	 1.106996E-06	 2.331683E-07	 3.632341E-08	 2.410251E-09	 1.970347E-09	 5.892734E-10	-1.103111E-09	 1.481446E-08	-1.871561E-08
0.40311	 0.000000E+00	 2.097883E-04	 1.537754E-04	 8.159639E-05	 3.658104E-05	 1.348096E-05	 4.536665E-06	 1.219419E-06	 2.597141E-07	 3.997456E-08	 2.395019E-09	 2.102021E-09	 8.740409E-10	-1.420343E-09	 1.663251E-08	-2.020012E-08
0.40927	 0.000000E+00	 2.100828E-04	 1.568401E-04	 8.459947E-05	 3.850490E-05	 1.438233E-05	 4.915676E-06	 1.339292E-06	 2.881721E-07	 4.371337E-08	 2.275495E-09	 2.207143E-09	 1.182455E-09	-1.791255E-09	 1.857989E-08	-2.168361E-08
0.41533	 0.000000E+00	 2.102797E-04	 1.598412E-04	 8.759663E-05	 4.045919E-05	 1.531014E-05	 5.313029E-06	 1.466946E-06	 3.185508E-07	 4.756210E-08	 2.086138E-09	 2.272711E-09	 1.479284E-09	-2.212647E-09	 2.071013E-08	-2.323052E-08
0.42131	 0.000000E+00	 2.103870E-04	 1.627896E-04	 9.058615E-05	 4.244241E-05	 1.626377E-05	 5.728850E-06	 1.602489E-06	 3.509699E-07	 5.153595E-08	 1.750153E-09	 2.248479E-09	 1.781043E-09	-2.682910E-09	 2.303812E-08	-2.483353E-08
0.42720	 0.000000E+00	 2.102759E-04	 1.656992E-04	 9.356609E-05	 4.445106E-05	 1.724262E-05	 6.163547E-06	 1.745765E-06	 3.855994E-07	 5.585040E-08	 1.221787E-09	 2.067119E-09	 2.095490E-09	-3.189088E-09	 2.558255E-08	-2.652170E-08
0.43301	 0.000000E+00	 2.099468E-04	 1.685788E-04	 9.653565E-05	 4.648391E-05	 1.824607E-05	 6.617382E-06	 1.897264E-06	 4.225178E-07	 6.030453E-08	 4.215597E-10	 1.724265E-09	 2.399822E-09	-3.741285E-09	 2.829078E-08	-2.821840E-08
0.43875	 0.000000E+00	 2.095384E-04	 1.714332E-04	 9.949421E-05	 4.854314E-05	 1.927478E-05	 7.091278E-06	 2.057690E-06	 4.619272E-07	 6.490915E-08	-6.708358E-10	 1.189279E-09	 2.672936E-09	-4.360747E-09	 3.121709E-08	-2.995477E-08
0.44441	 0.000000E+00	 2.090554E-04	 1.742695E-04	 1.024417E-04	 5.062916E-05	 2.032909E-05	 7.586109E-06	 2.227624E-06	 5.041095E-07	 6.969092E-08	-2.098717E-09	 4.326002E-10	 2.913049E-09	-5.058416E-09	 3.438137E-08	-3.173315E-08
0.45000	 0.000000E+00	 2.083528E-04	 1.770985E-04	 1.053777E-04	 5.273993E-05	 2.140917E-05	 8.102859E-06	 2.407320E-06	 5.493992E-07	 7.491672E-08	-3.892573E-09	-6.234467E-10	 3.112376E-09	-5.829730E-09	 3.782839E-08	-3.361097E-08
0.45552	 0.000000E+00	 2.074279E-04	 1.799253E-04	 1.083032E-04	 5.487568E-05	 2.251510E-05	 8.642288E-06	 2.597703E-06	 5.980979E-07	 8.044543E-08	-6.131491E-09	-1.989194E-09	 3.240224E-09	-6.700725E-09	 4.148966E-08	-3.547379E-08
0.46098	 0.000000E+00	 2.064299E-04	 1.827503E-04	 1.112191E-04	 5.703998E-05	 2.364811E-05	 9.205743E-06	 2.799882E-06	 6.506216E-07	 8.631940E-08	-8.813629E-09	-3.684363E-09	 3.274460E-09	-7.701162E-09	 4.543639E-08	-3.737123E-08
0.46637	 0.000000E+00	 2.053614E-04	 1.855776E-04	 1.141265E-04	 5.923348E-05	 2.480861E-05	 9.794233E-06	 3.014661E-06	 7.074421E-07	 9.265464E-08	-1.197983E-08	-5.747364E-09	 3.197934E-09	-8.851477E-09	 4.968057E-08	-3.929090E-08
0.47170	 0.000000E+00	 2.041123E-04	 1.884131E-04	 1.170258E-04	 6.145418E-05	 2.599638E-05	 1.040861E-05	 3.242481E-06	 7.689812E-07	 9.970299E-08	-1.563766E-08	-8.252595E-09	 2.988355E-09	-1.016983E-08	 5.426274E-08	-4.128491E-08
0.47697	 0.000000E+00	 2.026816E-04	 1.912596E-04	 1.199176E-04	 6.370170E-05	 2.721100E-05	 1.104947E-05	 3.484219E-06	 8.356211E-07	 1.074262E-07	-1.984237E-08	-1.123137E-08	 2.597462E-09	-1.168758E-08	 5.913808E-08	-4.325230E-08
0.48218	 0.000000E+00	 2.011838E-04	 1.941179E-04	 1.228028E-04	 6.597817E-05	 2.845274E-05	 1.171771E-05	 3.740859E-06	 9.078609E-07	 1.159249E-07	-2.461153E-08	-1.473407E-08	 1.972769E-09	-1.345307E-08	 6.435325E-08	-4.525080E-08
0.48734	 0.000000E+00	 1.996222E-04	 1.969908E-04	 1.256823E-04	 6.828314E-05	 2.972104E-05	 1.241383E-05	 4.013003E-06	 9.861951E-07	 1.253523E-07	-2.999357E-08	-1.883528E-08	 1.088219E-09	-1.549471E-08	 6.992176E-08	-4.726592E-08
0.49244	 0.000000E+00	 1.979187E-04	 1.998816E-04	 1.285563E-04	 7.061379E-05	 3.101449E-05	 1.313791E-05	 4.300853E-06	 1.071039E-06	 1.359732E-07	-3.602107E-08	-2.361735E-08	-1.091765E-10	-1.783346E-08	 7.585157E-08	-4.931997E-08
0.49749	 0.000000E+00	 1.960736E-04	 2.027894E-04	 1.314258E-04	 7.296873E-05	 3.233172E-05	 1.388983E-05	 4.604816E-06	 1.162731E-06	 1.478215E-07	-4.272341E-08	-2.914445E-08	-1.684894E-09	-2.051259E-08	 8.208065E-08	-5.133811E-08
0.50249	 0.000000E+00	 1.941692E-04	 2.057117E-04	 1.342923E-04	 7.534875E-05	 3.367209E-05	 1.466976E-05	 4.925409E-06	 1.261698E-06	 1.610465E-07	-5.012028E-08	-3.549005E-08	-3.707251E-09	-2.358452E-08	 8.864515E-08	-5.336085E-08
0.50744	 0.000000E+00	 1.922080E-04	 2.086478E-04	 1.371571E-04	 7.775318E-05	 3.503461E-05	 1.547768E-05	 5.262960E-06	 1.368380E-06	 1.758486E-07	-5.821528E-08	-4.272888E-08	-6.248654E-09	-2.709858E-08	 9.553882E-08	-5.540319E-08
0.51235	 0.000000E+00	 1.901070E-04	 2.115994E-04	 1.400204E-04	 8.017928E-05	 3.641772E-05	 1.631344E-05	 5.617383E-06	 1.483152E-06	 1.925793E-07	-6.699334E-08	-5.098490E-08	-9.392823E-09	-3.109733E-08	 1.027854E-07	-5.750686E-08
0.51720	 0.000000E+00	 1.878647E-04	 2.145643E-04	 1.428840E-04	 8.262624E-05	 3.782037E-05	 1.717683E-05	 5.989035E-06	 1.606438E-06	 2.113618E-07	-7.646900E-08	-6.030698E-08	-1.321820E-08	-3.561733E-08	 1.102694E-07	-5.957344E-08
0.52202	 0.000000E+00	 1.855657E-04	 2.175386E-04	 1.457505E-04	 8.509579E-05	 3.924252E-05	 1.806813E-05	 6.378405E-06	 1.738736E-06	 2.324124E-07	-8.657560E-08	-7.075949E-08	-1.780462E-08	-4.073178E-08	 1.180164E-07	-6.165273E-08
0.52678	 0.000000E+00	 1.832098E-04	 2.205216E-04	 1.486226E-04	 8.758801E-05	 4.068387E-05	 1.898751E-05	 6.785820E-06	 1.880570E-06	 2.560747E-07	-9.726664E-08	-8.238532E-08	-2.324499E-08	-4.650344E-08	 1.259928E-07	-6.375095E-08
0.53151	 0.000000E+00	 1.807709E-04	 2.235132E-04	 1.515020E-04	 9.010269E-05	 4.214407E-05	 1.993524E-05	 7.211564E-06	 2.032472E-06	 2.827091E-07	-1.084364E-07	-9.528009E-08	-2.963708E-08	-5.300696E-08	 1.341889E-07	-6.590967E-08
0.53619	 0.000000E+00	 1.782475E-04	 2.265110E-04	 1.543904E-04	 9.264025E-05	 4.362318E-05	 2.091172E-05	 7.656188E-06	 2.195087E-06	 3.126740E-07	-1.199850E-07	-1.094707E-07	-3.706287E-08	-6.029856E-08	 1.425188E-07	-6.808525E-08
0.54083	 0.000000E+00	 1.756656E-04	 2.295122E-04	 1.572903E-04	 9.520225E-05	 4.512172E-05	 2.191761E-05	 8.120388E-06	 2.369119E-06	 3.463806E-07	-1.317729E-07	-1.249769E-07	-4.562411E-08	-6.846323E-08	 1.509552E-07	-7.031603E-08
0.54544	 0.000000E+00	 1.730243E-04	 2.325133E-04	 1.602031E-04	 9.778936E-05	 4.664004E-05	 2.295350E-05	 8.604774E-06	 2.555307E-06	 3.842831E-07	-1.436356E-07	-1.418239E-07	-5.541318E-08	-7.758298E-08	 1.594300E-07	-7.259838E-08
0.55000	 0.000000E+00	 1.702856E-04	 2.355129E-04	 1.631299E-04	 1.004014E-04	 4.817823E-05	 2.401988E-05	 9.109815E-06	 2.754370E-06	 4.269017E-07	-1.553555E-07	-1.600312E-07	-6.650653E-08	-8.775491E-08	 1.679178E-07	-7.498961E-08
0.55453	 0.000000E+00	 1.674479E-04	 2.385084E-04	 1.660723E-04	 1.030391E-04	 4.973657E-05	 2.511728E-05	 9.636152E-06	 2.967072E-06	 4.747239E-07	-1.667202E-07	-1.795720E-07	-7.900215E-08	-9.904324E-08	 1.762843E-07	-7.744807E-08
0.55902	 0.000000E+00	 1.645475E-04	 2.414963E-04	 1.690324E-04	 1.057042E-04	 5.131588E-05	 2.624647E-05	 1.018458E-05	 3.194245E-06	 5.282832E-07	-1.774870E-07	-2.004141E-07	-9.298778E-08	-1.115686E-07	 1.844825E-07	-8.003465E-08
0.56347	 0.000000E+00	 1.615837E-04	 2.444763E-04	 1.720127E-04	 1.083975E-04	 5.291673E-05	 2.740811E-05	 1.075566E-05	 3.436709E-06	 5.881591E-07	-1.873692E-07	-2.225287E-07	-1.085465E-07	-1.254164E-07	 1.924207E-07	-8.277013E-08
0.56789	 0.000000E+00	 1.585716E-04	 2.474441E-04	 1.750151E-04	 1.111199E-04	 5.453978E-05	 2.860281E-05	 1.135011E-05	 3.695330E-06	 6.549516E-07	-1.960581E-07	-2.458383E-07	-1.257412E-07	-1.406735E-07	 1.999695E-07	-8.566437E-08
0.57228	 0.000000E+00	 1.555116E-04	 2.503974E-04	 1.780411E-04	 1.138721E-04	 5.618548E-05	 2.983118E-05	 1.196852E-05	 3.970916E-06	 7.293015E-07	-2.032034E-07	-2.702596E-07	-1.446545E-07	-1.574726E-07	 2.070789E-07	-8.881248E-08
0.57663	 0.000000E+00	 1.523867E-04	 2.533346E-04	 1.810915E-04	 1.166542E-04	 5.785395E-05	 3.109363E-05	 1.261130E-05	 4.264268E-06	 8.118450E-07	-2.084327E-07	-2.957169E-07	-1.653568E-07	-1.759040E-07	 2.136226E-07	-9.225147E-08
0.58095	 0.000000E+00	 1.491960E-04	 2.562527E-04	 1.841680E-04	 1.194664E-04	 5.954551E-05	 3.239055E-05	 1.327893E-05	 4.576187E-06	 9.032472E-07	-2.113588E-07	-3.220771E-07	-1.878837E-07	-1.960464E-07	 2.194547E-07	-9.600694E-08
0.58523	 0.000000E+00	 1.459759E-04	 2.591471E-04	 1.872727E-04	 1.223096E-04	 6.126067E-05	 3.372230E-05	 1.397195E-05	 4.907443E-06	 1.004088E-06	-2.115959E-07	-3.491800E-07	-2.122934E-07	-2.180161E-07	 2.244282E-07	-1.001318E-07
0.58949	 0.000000E+00	 1.427273E-04	 2.620153E-04	 1.904066E-04	 1.251839E-04	 6.299957E-05	 3.508918E-05	 1.469060E-05	 5.258745E-06	 1.115035E-06	-2.086824E-07	-3.768730E-07	-2.386057E-07	-2.419259E-07	 2.284882E-07	-1.047691E-07
0.59372	 0.000000E+00	 1.394134E-04	 2.648545E-04	 1.935699E-04	 1.280880E-04	 6.476173E-05	 3.649104E-05	 1.543487E-05	 5.630689E-06	 1.236749E-06	-2.021699E-07	-4.049989E-07	-2.668604E-07	-2.678521E-07	 2.314249E-07	-1.099451E-07
0.59791	 0.000000E+00	 1.360340E-04	 2.676609E-04	 1.967633E-04	 1.310215E-04	 6.654710E-05	 3.792795E-05	 1.620493E-05	 6.023883E-06	 1.369834E-06	-1.915697E-07	-4.333239E-07	-2.970553E-07	-2.958764E-07	 2.331399E-07	-1.157746E-07
0.60208	 0.000000E+00	 1.326118E-04	 2.704307E-04	 1.999882E-04	 1.339849E-04	 6.835606E-05	 3.940016E-05	 1.700108E-05	 6.439024E-06	 1.514928E-06	-1.764061E-07	-4.616256E-07	-3.291807E-07	-3.260990E-07	 2.334444E-07	-1.223419E-07
0.60622	 0.000000E+00	 1.291469E-04	 2.731606E-04	 2.032456E-04	 1.369779E-04	 7.018873E-05	 4.090784E-05	 1.782343E-05	 6.876733E-06	 1.672695E-06	-1.561373E-07	-4.896421E-07	-3.632218E-07	-3.585872E-07	 2.322118E-07	-1.297602E-07
0.61033	 0.000000E+00	 1.256158E-04	 2.758484E-04	 2.065359E-04	 1.399996E-04	 7.204494E-05	 4.245098E-05	 1.867192E-05	 7.337547E-06	 1.843792E-06	-1.301952E-07	-5.171164E-07	-3.991264E-07	-3.934219E-07	 2.293005E-07	-1.381561E-07
0.61441	 0.000000E+00	 1.220171E-04	 2.784924E-04	 2.098611E-04	 1.430497E-04	 7.392507E-05	 4.402979E-05	 1.954664E-05	 7.822053E-06	 2.028904E-06	-9.801947E-08	-5.437130E-07	-4.368354E-07	-4.306200E-07	 2.245213E-07	-1.476317E-07
0.61847	 0.000000E+00	 1.184279E-04	 2.810872E-04	 2.132248E-04	 1.461304E-04	 7.583048E-05	 4.564486E-05	 2.044822E-05	 8.331034E-06	 2.228580E-06	-5.907108E-08	-5.691002E-07	-4.762242E-07	-4.702704E-07	 2.176846E-07	-1.582264E-07
0.62249	 0.000000E+00	 1.148492E-04	 2.836289E-04	 2.166275E-04	 1.492414E-04	 7.776168E-05	 4.729658E-05	 2.137667E-05	 8.865058E-06	 2.443576E-06	-1.269364E-08	-5.929046E-07	-5.172124E-07	-5.123869E-07	 2.087170E-07	-1.702294E-07
0.62650	 0.000000E+00	 1.112024E-04	 2.861130E-04	 2.200673E-04	 1.523793E-04	 7.971766E-05	 4.898442E-05	 2.233150E-05	 9.424413E-06	 2.674508E-06	 4.176661E-08	-6.147583E-07	-5.596453E-07	-5.569594E-07	 1.974115E-07	-1.836692E-07
0.63048	 0.000000E+00	 1.074876E-04	 2.885320E-04	 2.235428E-04	 1.555429E-04	 8.169846E-05	 5.070845E-05	 2.331270E-05	 1.000955E-05	 2.921962E-06	 1.049373E-07	-6.342336E-07	-6.033506E-07	-6.040162E-07	 1.836611E-07	-1.987234E-07
0.63443	 0.000000E+00	 1.037251E-04	 2.908787E-04	 2.270547E-04	 1.587318E-04	 8.370472E-05	 5.246895E-05	 2.432048E-05	 1.062106E-05	 3.186547E-06	 1.774706E-07	-6.508651E-07	-6.481105E-07	-6.534932E-07	 1.672650E-07	-2.154531E-07
0.63836	 0.000000E+00	 9.991420E-05	 2.931480E-04	 2.306030E-04	 1.619451E-04	 8.573684E-05	 5.426620E-05	 2.535493E-05	 1.125943E-05	 3.468902E-06	 2.600414E-07	-6.641946E-07	-6.937137E-07	-7.053865E-07	 1.481560E-07	-2.340700E-07
0.64226	 0.000000E+00	 9.603219E-05	 2.953367E-04	 2.341874E-04	 1.651814E-04	 8.779493E-05	 5.610036E-05	 2.641594E-05	 1.192509E-05	 3.769659E-06	 3.533815E-07	-6.737254E-07	-7.399052E-07	-7.596121E-07	 1.261727E-07	-2.546748E-07
0.64614	 0.000000E+00	 9.207580E-05	 2.974441E-04	 2.378106E-04	 1.684403E-04	 8.987999E-05	 5.797196E-05	 2.750366E-05	 1.261863E-05	 4.089525E-06	 4.582325E-07	-6.789378E-07	-7.863968E-07	-8.160947E-07	 1.012273E-07	-2.774329E-07
0.65000	 0.000000E+00	 8.817385E-05	 2.994635E-04	 2.414785E-04	 1.717255E-04	 9.199486E-05	 5.988233E-05	 2.861938E-05	 1.334110E-05	 4.429068E-06	 5.752046E-07	-6.792588E-07	-8.328175E-07	-8.747793E-07	 7.305152E-08	-3.022867E-07
0.65383	 0.000000E+00	 8.432773E-05	 3.013895E-04	 2.451909E-04	 1.750360E-04	 9.414041E-05	 6.183213E-05	 2.976316E-05	 1.409300E-05	 4.789063E-06	 7.051374E-07	-6.741155E-07	-8.789151E-07	-9.354829E-07	 4.174766E-08	-3.296347E-07
0.65765	 0.000000E+00	 8.040660E-05	 3.032164E-04	 2.489414E-04	 1.783655E-04	 9.631455E-05	 6.382033E-05	 3.093403E-05	 1.487430E-05	 5.170049E-06	 8.487881E-07	-6.629502E-07	-9.242603E-07	-9.980272E-07	 7.156905E-09	-3.594463E-07
0.66144	 0.000000E+00	 7.641108E-05	 3.049320E-04	 2.527257E-04	 1.817110E-04	 9.851686E-05	 6.584681E-05	 3.213202E-05	 1.568538E-05	 5.572489E-06	 1.006855E-06	-6.451290E-07	-9.684453E-07	-1.062245E-06	-3.076872E-08	-3.918583E-07
0.66521	 0.000000E+00	 7.234751E-05	 3.065284E-04	 2.565425E-04	 1.850705E-04	 1.007476E-04	 6.791160E-05	 3.335714E-05	 1.652663E-05	 5.996868E-06	 1.180037E-06	-6.200477E-07	-1.011019E-06	-1.127923E-06	-7.208082E-08	-4.269288E-07
0.66895	 0.000000E+00	 6.821485E-05	 3.080009E-04	 2.603911E-04	 1.884422E-04	 1.030067E-04	 7.001478E-05	 3.460931E-05	 1.739835E-05	 6.443658E-06	 1.369015E-06	-5.870707E-07	-1.051546E-06	-1.194837E-06	-1.167787E-07	-4.648148E-07
0.67268	 0.000000E+00	 6.400399E-05	 3.093473E-04	 2.642713E-04	 1.918241E-04	 1.052944E-04	 7.215633E-05	 3.588828E-05	 1.830078E-05	 6.913301E-06	 1.574496E-06	-5.456056E-07	-1.089572E-06	-1.262742E-06	-1.648820E-07	-5.055874E-07
0.67639	 0.000000E+00	 5.971067E-05	 3.105690E-04	 2.681869E-04	 1.952152E-04	 1.076116E-04	 7.433661E-05	 3.719391E-05	 1.923421E-05	 7.406283E-06	 1.797187E-06	-4.950248E-07	-1.124610E-06	-1.331357E-06	-2.163442E-07	-5.493925E-07
0.68007	 0.000000E+00	 5.548858E-05	 3.116586E-04	 2.721458E-04	 1.986190E-04	 1.099618E-04	 7.655712E-05	 3.852779E-05	 2.019982E-05	 7.923093E-06	 2.037642E-06	-4.346557E-07	-1.156003E-06	-1.400447E-06	-2.713404E-07	-5.959741E-07
0.68374	 0.000000E+00	 5.133898E-05	 3.126100E-04	 2.761472E-04	 2.020328E-04	 1.123457E-04	 7.881823E-05	 3.988979E-05	 2.119790E-05	 8.464309E-06	 2.296699E-06	-3.638171E-07	-1.183378E-06	-1.469528E-06	-3.295823E-07	-6.457324E-07
0.68739	 0.000000E+00	 4.710533E-05	 3.134180E-04	 2.801812E-04	 2.054483E-04	 1.147598E-04	 8.111801E-05	 4.127820E-05	 2.222779E-05	 9.030074E-06	 2.574967E-06	-2.819211E-07	-1.206091E-06	-1.538269E-06	-3.910388E-07	-6.985275E-07
0.69101	 0.000000E+00	 4.278897E-05	 3.140685E-04	 2.842412E-04	 2.088605E-04	 1.172029E-04	 8.345589E-05	 4.269279E-05	 2.328966E-05	 9.620618E-06	 2.873036E-06	-1.882847E-07	-1.223544E-06	-1.606296E-06	-4.555675E-07	-7.543827E-07
0.69462	 0.000000E+00	 3.837914E-05	 3.145528E-04	 2.883235E-04	 2.122657E-04	 1.196746E-04	 8.583154E-05	 4.413332E-05	 2.438367E-05	 1.023622E-05	 3.191533E-06	-8.226343E-08	-1.235115E-06	-1.673184E-06	-5.230175E-07	-8.133140E-07
0.69821	 0.000000E+00	 3.387400E-05	 3.148630E-04	 2.924256E-04	 2.156603E-04	 1.221746E-04	 8.824460E-05	 4.559955E-05	 2.550996E-05	 1.087713E-05	 3.531002E-06	 3.682325E-08	-1.240162E-06	-1.738468E-06	-5.932435E-07	-8.752030E-07
0.70178	 0.000000E+00	 2.928108E-05	 3.149918E-04	 2.965457E-04	 2.190409E-04	 1.247029E-04	 9.069476E-05	 4.709134E-05	 2.666867E-05	 1.154357E-05	 3.892018E-06	 1.695934E-07	-1.238012E-06	-1.801700E-06	-6.660232E-07	-9.399986E-07
0.70534	 0.000000E+00	 2.459845E-05	 3.149326E-04	 3.006818E-04	 2.224036E-04	 1.272593E-04	 9.318169E-05	 4.860843E-05	 2.785995E-05	 1.223574E-05	 4.275132E-06	 3.166886E-07	-1.228021E-06	-1.862368E-06	-7.411294E-07	-1.007600E-06
0.70887	 0.000000E+00	 1.981779E-05	 3.146786E-04	 3.048309E-04	 2.257439E-04	 1.298430E-04	 9.570478E-05	 5.015041E-05	 2.908378E-05	 1.295380E-05	 4.680856E-06	 4.787459E-07	-1.209505E-06	-1.919958E-06	-8.183098E-07	-1.077886E-06
0.71239	 0.000000E+00	 1.493703E-05	 3.142232E-04	 3.089908E-04	 2.290577E-04	 1.324538E-04	 9.826348E-05	 5.171701E-05	 3.034024E-05	 1.369788E-05	 5.109681E-06	 6.563578E-07	-1.181781E-06	-1.973949E-06	-8.972392E-07	-1.150693E-06
0.71589	 0.000000E+00	 9.960241E-06	 3.135599E-04	 3.131590E-04	 2.323410E-04	 1.350913E-04	 1.008574E-04	 5.330803E-05	 3.162948E-05	 1.446815E-05	 5.562105E-06	 8.501651E-07	-1.144154E-06	-2.023790E-06	-9.776356E-07	-1.225869E-06
0.71937	 0.000000E+00	 4.885528E-06	 3.126814E-04	 3.173326E-04	 2.355891E-04	 1.377549E-04	 1.034858E-04	 5.492308E-05	 3.295151E-05	 1.526469E-05	 6.038566E-06	 1.060724E-06	-1.095926E-06	-2.068890E-06	-1.059167E-06	-1.303120E-06
0.72284	 0.000000E+00	-3.028629E-07	 3.115810E-04	 3.215076E-04	 2.387966E-04	 1.404437E-04	 1.061477E-04	 5.656163E-05	 3.430622E-05	 1.608753E-05	 6.539491E-06	 1.288641E-06	-1.036397E-06	-2.108664E-06	-1.141402E-06	-1.382318E-06
0.72629	 0.000000E+00	-5.607019E-06	 3.102503E-04	 3.256797E-04	 2.419590E-04	 1.431571E-04	 1.088424E-04	 5.822334E-05	 3.569375E-05	 1.693674E-05	 7.065297E-06	 1.534487E-06	-9.648436E-07	-2.142544E-06	-1.223988E-06	-1.463120E-06
0.72973	 0.000000E+00	-1.101430E-05	 3.086773E-04	 3.298435E-04	 2.450706E-04	 1.458944E-04	 1.115687E-04	 5.990791E-05	 3.711410E-05	 1.781229E-05	 7.616273E-06	 1.798787E-06	-8.805397E-07	-2.169871E-06	-1.306501E-06	-1.545170E-06
0.73314	 0.000000E+00	-1.651942E-05	 3.068398E-04	 3.339827E-04	 2.481211E-04	 1.486511E-04	 1.143242E-04	 6.161442E-05	 3.856709E-05	 1.871390E-05	 8.192633E-06	 2.082031E-06	-7.827243E-07	-2.190007E-06	-1.388692E-06	-1.627691E-06
0.73655	 0.000000E+00	-2.245769E-05	 3.047311E-04	 3.380674E-04	 2.510900E-04	 1.514158E-04	 1.171029E-04	 6.333723E-05	 4.004923E-05	 1.964043E-05	 8.794702E-06	 2.384499E-06	-6.714338E-07	-2.201934E-06	-1.469622E-06	-1.711533E-06
0.73993	 0.000000E+00	-2.883667E-05	 3.023421E-04	 3.420922E-04	 2.539701E-04	 1.541859E-04	 1.199022E-04	 6.507541E-05	 4.156034E-05	 2.059133E-05	 9.422001E-06	 2.706585E-06	-5.450199E-07	-2.205762E-06	-1.548753E-06	-1.795107E-06
0.74330	 0.000000E+00	-3.532670E-05	 2.996658E-04	 3.460771E-04	 2.567695E-04	 1.569704E-04	 1.227262E-04	 6.683346E-05	 4.310345E-05	 2.156776E-05	 1.007539E-05	 3.049063E-06	-4.030566E-07	-2.200539E-06	-1.625683E-06	-1.878582E-06
0.74666	 0.000000E+00	-4.193622E-05	 2.967097E-04	 3.500287E-04	 2.594871E-04	 1.597716E-04	 1.255751E-04	 6.861135E-05	 4.467879E-05	 2.256998E-05	 1.075537E-05	 3.412397E-06	-2.448164E-07	-2.185518E-06	-1.700103E-06	-1.961114E-06
0.75000	 0.000000E+00	-4.871792E-05	 2.934718E-04	 3.539418E-04	 2.621146E-04	 1.625868E-04	 1.284465E-04	 7.040744E-05	 4.628555E-05	 2.359763E-05	 1.146218E-05	 3.796976E-06	-6.977565E-08	-2.159993E-06	-1.771313E-06	-2.042404E-06
0.75333	 0.000000E+00	-5.567494E-05	 2.899452E-04	 3.578115E-04	 2.646459E-04	 1.654148E-04	 1.313390E-04	 7.222124E-05	 4.792376E-05	 2.465059E-05	 1.219598E-05	 4.203288E-06	 1.229159E-07	-2.123484E-06	-1.838575E-06	-2.121856E-06
0.75664	 0.000000E+00	-6.275947E-05	 2.861172E-04	 3.616323E-04	 2.670755E-04	 1.682554E-04	 1.342515E-04	 7.405302E-05	 4.959392E-05	 2.572893E-05	 1.295705E-05	 4.631790E-06	 3.338973E-07	-2.075250E-06	-1.901376E-06	-2.198889E-06
0.75993	 0.000000E+00	-6.996393E-05	 2.819621E-04	 3.653827E-04	 2.693882E-04	 1.711010E-04	 1.371790E-04	 7.590077E-05	 5.129521E-05	 2.683189E-05	 1.374523E-05	 5.082637E-06	 5.639145E-07	-2.014594E-06	-1.959561E-06	-2.271700E-06
0.76322	 0.000000E+00	-7.773440E-05	 2.774733E-04	 3.690180E-04	 2.715558E-04	 1.739341E-04	 1.401123E-04	 7.775566E-05	 5.302187E-05	 2.795690E-05	 1.456041E-05	 5.555767E-06	 8.121062E-07	-1.940292E-06	-2.011939E-06	-2.342393E-06
0.76649	 0.000000E+00	-8.608013E-05	 2.726423E-04	 3.725310E-04	 2.735704E-04	 1.767511E-04	 1.430479E-04	 7.961665E-05	 5.477392E-05	 2.910333E-05	 1.540151E-05	 6.051367E-06	 1.080881E-06	-1.853044E-06	-2.057028E-06	-2.408001E-06
0.76974	 0.000000E+00	-9.456117E-05	 2.674629E-04	 3.759529E-04	 2.754427E-04	 1.795650E-04	 1.459908E-04	 8.149032E-05	 5.655584E-05	 3.027302E-05	 1.626982E-05	 6.570309E-06	 1.370435E-06	-1.751466E-06	-2.094801E-06	-2.468683E-06
0.77298	 0.000000E+00	-1.031879E-04	 2.619468E-04	 3.792922E-04	 2.771722E-04	 1.823791E-04	 1.489411E-04	 8.337670E-05	 5.836789E-05	 3.146617E-05	 1.716580E-05	 7.112954E-06	 1.681415E-06	-1.634917E-06	-2.124876E-06	-2.523151E-06
0.77621	 0.000000E+00	-1.120801E-04	 2.560968E-04	 3.825377E-04	 2.787476E-04	 1.851881E-04	 1.518954E-04	 8.527294E-05	 6.020855E-05	 3.268205E-05	 1.808978E-05	 7.679594E-06	 2.013978E-06	-1.502597E-06	-2.146422E-06	-2.571477E-06
0.77942	 0.000000E+00	-1.212430E-04	 2.499097E-04	 3.856856E-04	 2.801601E-04	 1.879893E-04	 1.548502E-04	 8.717773E-05	 6.207735E-05	 3.392010E-05	 1.904141E-05	 8.270459E-06	 2.369192E-06	-1.354294E-06	-2.158277E-06	-2.612070E-06
0.78262	 0.000000E+00	-1.305657E-04	 2.433817E-04	 3.887411E-04	 2.814067E-04	 1.907848E-04	 1.578049E-04	 8.909227E-05	 6.397534E-05	 3.518062E-05	 2.002122E-05	 8.886017E-06	 2.747511E-06	-1.189209E-06	-2.159823E-06	-2.644604E-06
0.78581	 0.000000E+00	-1.400540E-04	 2.365136E-04	 3.917032E-04	 2.824815E-04	 1.935746E-04	 1.607579E-04	 9.101603E-05	 6.590254E-05	 3.646344E-05	 2.102948E-05	 9.526600E-06	 3.149502E-06	-1.006742E-06	-2.150353E-06	-2.668062E-06
0.78899	 0.000000E+00	-1.497243E-04	 2.293011E-04	 3.945663E-04	 2.833743E-04	 1.963555E-04	 1.637051E-04	 9.294714E-05	 6.785789E-05	 3.776775E-05	 2.206608E-05	 1.019231E-05	 3.575575E-06	-8.062966E-07	-2.129080E-06	-2.681510E-06
0.79215	 0.000000E+00	-1.595804E-04	 2.217394E-04	 3.973246E-04	 2.840755E-04	 1.991251E-04	 1.666430E-04	 9.488439E-05	 6.984083E-05	 3.909293E-05	 2.313097E-05	 1.088333E-05	 4.026263E-06	-5.874586E-07	-2.094947E-06	-2.684227E-06
0.79530	 0.000000E+00	-1.696132E-04	 2.138227E-04	 3.999725E-04	 2.845768E-04	 2.018815E-04	 1.695690E-04	 9.682705E-05	 7.185129E-05	 4.043860E-05	 2.422429E-05	 1.159989E-05	 4.501992E-06	-3.496494E-07	-2.047170E-06	-2.675313E-06
0.79844	 0.000000E+00	-1.798252E-04	 2.055436E-04	 4.025029E-04	 2.848647E-04	 2.046201E-04	 1.724769E-04	 9.877257E-05	 7.388750E-05	 4.180343E-05	 2.534548E-05	 1.234174E-05	 5.003013E-06	-9.248941E-08	-1.985083E-06	-2.653219E-06
0.80156	 0.000000E+00	-1.902602E-04	 1.968994E-04	 4.049062E-04	 2.849272E-04	 2.073363E-04	 1.753615E-04	 1.007186E-04	 7.594798E-05	 4.318635E-05	 2.649447E-05	 1.310902E-05	 5.529508E-06	 1.845530E-07	-1.907652E-06	-2.617795E-06
0.80467	 0.000000E+00	-2.009243E-04	 1.878932E-04	 4.071777E-04	 2.847593E-04	 2.100303E-04	 1.782223E-04	 1.026659E-04	 7.803439E-05	 4.458806E-05	 2.767246E-05	 1.390262E-05	 6.082574E-06	 4.820013E-07	-1.813580E-06	-2.567776E-06
0.80777	 0.000000E+00	-2.117861E-04	 1.785327E-04	 4.093226E-04	 2.843555E-04	 2.127026E-04	 1.810569E-04	 1.046145E-04	 8.014715E-05	 4.600893E-05	 2.888041E-05	 1.472322E-05	 6.662909E-06	 8.007267E-07	-1.702172E-06	-2.501821E-06
0.81086	 0.000000E+00	-2.228667E-04	 1.688427E-04	 4.113618E-04	 2.837189E-04	 2.153626E-04	 1.838665E-04	 1.065661E-04	 8.228717E-05	 4.744954E-05	 3.011955E-05	 1.557189E-05	 7.270999E-06	 1.141759E-06	-1.571275E-06	-2.421225E-06
0.81394	 0.000000E+00	-2.336617E-04	 1.588284E-04	 4.133485E-04	 2.828721E-04	 2.180359E-04	 1.866624E-04	 1.085350E-04	 8.446598E-05	 4.891626E-05	 3.139315E-05	 1.645130E-05	 7.911264E-06	 1.504882E-06	-1.418319E-06	-2.318174E-06
0.81701	 0.000000E+00	-2.441707E-04	 1.484914E-04	 4.152786E-04	 2.818064E-04	 2.207239E-04	 1.894433E-04	 1.105217E-04	 8.668373E-05	 5.040979E-05	 3.270504E-05	 1.736310E-05	 8.581854E-06	 1.893386E-06	-1.246968E-06	-2.197362E-06
0.82006	 0.000000E+00	-2.549121E-04	 1.378249E-04	 4.170913E-04	 2.804812E-04	 2.233994E-04	 1.921899E-04	 1.125113E-04	 8.893049E-05	 5.192409E-05	 3.405207E-05	 1.830576E-05	 9.283280E-06	 2.306047E-06	-1.053469E-06	-2.054530E-06
0.82310	 0.000000E+00	-2.658847E-04	 1.268095E-04	 4.187640E-04	 2.788765E-04	 2.260539E-04	 1.948946E-04	 1.145019E-04	 9.120561E-05	 5.345825E-05	 3.543478E-05	 1.928009E-05	 1.001605E-05	 2.743816E-06	-8.352473E-07	-1.890654E-06
0.82614	 0.000000E+00	-2.768905E-04	 1.154365E-04	 4.203072E-04	 2.769901E-04	 2.286952E-04	 1.975584E-04	 1.164993E-04	 9.351418E-05	 5.501498E-05	 3.685544E-05	 2.028773E-05	 1.078275E-05	 3.207151E-06	-5.900002E-07	-1.700852E-06
0.82916	 0.000000E+00	-2.879349E-04	 1.037055E-04	 4.217165E-04	 2.748080E-04	 2.313213E-04	 2.001758E-04	 1.185024E-04	 9.585506E-05	 5.659381E-05	 3.831610E-05	 2.132964E-05	 1.158312E-05	 3.697870E-06	-3.187476E-07	-1.486440E-06
0.83217	 0.000000E+00	-2.992363E-04	 9.162733E-05	 4.229757E-04	 2.723084E-04	 2.339209E-04	 2.027354E-04	 1.205041E-04	 9.822318E-05	 5.819185E-05	 3.981619E-05	 2.240555E-05	 1.241782E-05	 4.215991E-06	-1.848349E-08	-1.245081E-06
0.83516	 0.000000E+00	-3.108360E-04	 7.924251E-05	 4.241297E-04	 2.695037E-04	 2.365170E-04	 2.052445E-04	 1.225110E-04	 1.006216E-04	 5.981112E-05	 4.135869E-05	 2.351756E-05	 1.328675E-05	 4.764356E-06	 3.154742E-07	-9.834829E-07
0.83815	 0.000000E+00	-3.214835E-04	 6.655070E-05	 4.253337E-04	 2.664504E-04	 2.391758E-04	 2.077283E-04	 1.245590E-04	 1.030760E-04	 6.146786E-05	 4.294954E-05	 2.467066E-05	 1.420017E-05	 5.339518E-06	 6.923229E-07	-6.758463E-07
0.84113	 0.000000E+00	-3.311718E-04	 5.355151E-05	 4.265855E-04	 2.631322E-04	 2.419000E-04	 2.101834E-04	 1.266482E-04	 1.055827E-04	 6.316153E-05	 4.459708E-05	 2.586834E-05	 1.515278E-05	 5.950244E-06	 1.094782E-06	-3.447496E-07
0.84410	 0.000000E+00	-3.411726E-04	 4.023308E-05	 4.277249E-04	 2.594623E-04	 2.446194E-04	 2.125658E-04	 1.287400E-04	 1.081151E-04	 6.487522E-05	 4.629097E-05	 2.710423E-05	 1.614303E-05	 6.590775E-06	 1.534027E-06	 2.122326E-08
0.84705	 0.000000E+00	-3.514850E-04	 2.656064E-05	 4.287197E-04	 2.554055E-04	 2.473180E-04	 2.148594E-04	 1.308297E-04	 1.106690E-04	 6.660573E-05	 4.803093E-05	 2.837836E-05	 1.716956E-05	 7.264011E-06	 2.015588E-06	 4.144502E-07
0.85000	 0.000000E+00	-3.612784E-04	 1.250922E-05	 4.296583E-04	 2.509830E-04	 2.500369E-04	 2.170748E-04	 1.329418E-04	 1.132611E-04	 6.836444E-05	 4.982155E-05	 2.969419E-05	 1.823947E-05	 7.967240E-06	 2.547913E-06	 8.548918E-07
0.85294	 0.000000E+00	-3.705529E-04	-1.929573E-06	 4.305307E-04	 2.461719E-04	 2.527750E-04	 2.192039E-04	 1.350755E-04	 1.158871E-04	 7.015031E-05	 5.166911E-05	 3.105431E-05	 1.935059E-05	 8.707657E-06	 3.118159E-06	 1.326149E-06
0.85586	 0.000000E+00	-3.801632E-04	-1.675770E-05	 4.312273E-04	 2.409053E-04	 2.554822E-04	 2.212101E-04	 1.372016E-04	 1.185255E-04	 7.195003E-05	 5.356641E-05	 3.245361E-05	 2.050083E-05	 9.481134E-06	 3.735886E-06	 1.836716E-06
0.85878	 0.000000E+00	-3.901426E-04	-3.196613E-05	 4.317677E-04	 2.351723E-04	 2.581692E-04	 2.230880E-04	 1.393234E-04	 1.211746E-04	 7.376331E-05	 5.551549E-05	 3.389268E-05	 2.168821E-05	 1.029304E-05	 4.406848E-06	 2.375425E-06
0.86168	 0.000000E+00	-3.990512E-04	-4.757175E-05	 4.323459E-04	 2.290296E-04	 2.609197E-04	 2.248649E-04	 1.414878E-04	 1.238655E-04	 7.561363E-05	 5.752554E-05	 3.537892E-05	 2.292453E-05	 1.113676E-05	 5.147279E-06	 2.977622E-06
0.86458	 0.000000E+00	-4.068823E-04	-6.358071E-05	 4.329544E-04	 2.224490E-04	 2.637350E-04	 2.265310E-04	 1.436936E-04	 1.265892E-04	 7.749867E-05	 5.960543E-05	 3.691599E-05	 2.420716E-05	 1.202579E-05	 5.930883E-06	 3.610710E-06
0.86747	 0.000000E+00	-4.151042E-04	-8.000392E-05	 4.333823E-04	 2.153191E-04	 2.665203E-04	 2.280213E-04	 1.458857E-04	 1.293045E-04	 7.939194E-05	 6.173845E-05	 3.849145E-05	 2.552797E-05	 1.295058E-05	 6.772900E-06	 4.287036E-06
0.87034	 0.000000E+00	-4.237296E-04	-9.686545E-05	 4.336118E-04	 2.076005E-04	 2.692642E-04	 2.293135E-04	 1.480585E-04	 1.320020E-04	 8.128880E-05	 6.392312E-05	 4.010246E-05	 2.688277E-05	 1.391718E-05	 7.678133E-06	 4.993713E-06
0.87321	 0.000000E+00	-4.313627E-04	-1.141958E-04	 4.338323E-04	 1.993374E-04	 2.720490E-04	 2.304295E-04	 1.502593E-04	 1.347102E-04	 8.321414E-05	 6.616877E-05	 4.175661E-05	 2.828233E-05	 1.491807E-05	 8.663070E-06	 5.764635E-06
0.87607	 0.000000E+00	-4.379958E-04	-1.320056E-04	 4.340287E-04	 1.904928E-04	 2.748723E-04	 2.313531E-04	 1.524849E-04	 1.374160E-04	 8.516426E-05	 6.848117E-05	 4.345549E-05	 2.972563E-05	 1.596775E-05	 9.702673E-06	 6.568222E-06
0.87892	 0.000000E+00	-4.450498E-04	-1.503028E-04	 4.339776E-04	 1.809508E-04	 2.776327E-04	 2.320101E-04	 1.546734E-04	 1.400711E-04	 8.710850E-05	 7.084011E-05	 4.518258E-05	 3.120009E-05	 1.705602E-05	 1.080959E-05	 7.412310E-06
0.88176	 0.000000E+00	-4.525385E-04	-1.691010E-04	 4.336694E-04	 1.706720E-04	 2.803196E-04	 2.323725E-04	 1.568164E-04	 1.426594E-04	 8.904035E-05	 7.324041E-05	 4.693113E-05	 3.269946E-05	 1.818834E-05	 1.198469E-05	 8.284133E-06
0.88459	 0.000000E+00	-4.589454E-04	-1.884249E-04	 4.333335E-04	 1.597060E-04	 2.830286E-04	 2.324629E-04	 1.589662E-04	 1.452094E-04	 9.098853E-05	 7.569061E-05	 4.870943E-05	 3.423430E-05	 1.935524E-05	 1.324252E-05	 9.216534E-06
0.88741	 0.000000E+00	-4.642591E-04	-2.082812E-04	 4.329509E-04	 1.480130E-04	 2.857555E-04	 2.322615E-04	 1.611191E-04	 1.477052E-04	 9.295011E-05	 7.819389E-05	 5.051763E-05	 3.580526E-05	 2.057408E-05	 1.456163E-05	 1.017771E-05
0.89022	 0.000000E+00	-4.700174E-04	-2.286730E-04	 4.322604E-04	 1.354691E-04	 2.883782E-04	 2.316812E-04	 1.631996E-04	 1.500875E-04	 9.488835E-05	 8.072487E-05	 5.233406E-05	 3.739583E-05	 2.183450E-05	 1.594972E-05	 1.117058E-05
0.89303	 0.000000E+00	-4.762420E-04	-2.496018E-04	 4.312813E-04	 1.220510E-04	 2.908969E-04	 2.306961E-04	 1.651985E-04	 1.523343E-04	 9.679598E-05	 8.327282E-05	 5.414830E-05	 3.899823E-05	 2.314111E-05	 1.740027E-05	 1.218187E-05
0.89582	 0.000000E+00	-4.807292E-04	-2.711074E-04	 4.303898E-04	 1.078509E-04	 2.934638E-04	 2.293529E-04	 1.671987E-04	 1.544915E-04	 9.872063E-05	 8.584997E-05	 5.597745E-05	 4.063126E-05	 2.447901E-05	 1.892512E-05	 1.325264E-05
0.89861	 0.000000E+00	-4.834536E-04	-2.932220E-04	 4.295521E-04	 9.281714E-05	 2.960702E-04	 2.276284E-04	 1.691941E-04	 1.565391E-04	 1.006588E-04	 8.845523E-05	 5.781932E-05	 4.229337E-05	 2.587100E-05	 2.051060E-05	 1.434665E-05
0.90139	 0.000000E+00	-4.866128E-04	-3.160344E-04	 4.283129E-04	 7.675158E-05	 2.984910E-04	 2.253862E-04	 1.710569E-04	 1.583837E-04	 1.025507E-04	 9.104722E-05	 5.964169E-05	 4.396155E-05	 2.730429E-05	 2.215335E-05	 1.546245E-05
0.90416	 0.000000E+00	-4.901770E-04	-3.396735E-04	 4.266099E-04	 5.956958E-05	 3.006458E-04	 2.225704E-04	 1.727507E-04	 1.599876E-04	 1.043819E-04	 9.360725E-05	 6.143785E-05	 4.563306E-05	 2.877780E-05	 2.384275E-05	 1.660283E-05
0.90692	 0.000000E+00	-4.918297E-04	-3.642002E-04	 4.248723E-04	 4.135335E-05	 3.026938E-04	 2.192309E-04	 1.743662E-04	 1.614025E-04	 1.062060E-04	 9.614699E-05	 6.323450E-05	 4.733445E-05	 3.027163E-05	 2.558175E-05	 1.780931E-05
0.90967	 0.000000E+00	-4.915666E-04	-3.895552E-04	 4.231293E-04	 2.207451E-05	 3.046546E-04	 2.153487E-04	 1.758996E-04	 1.626067E-04	 1.080144E-04	 9.865632E-05	 6.502012E-05	 4.904572E-05	 3.180528E-05	 2.738225E-05	 1.904742E-05
0.91241	 0.000000E+00	-4.917254E-04	-4.156856E-04	 4.209749E-04	 1.587525E-06	 3.063205E-04	 2.107925E-04	 1.772062E-04	 1.634887E-04	 1.097254E-04	 1.010785E-04	 6.674892E-05	 5.073437E-05	 3.336183E-05	 2.921771E-05	 2.029868E-05
0.91515	 0.000000E+00	-4.923869E-04	-4.425456E-04	 4.185532E-04	-2.006139E-05	 3.077527E-04	 2.055906E-04	 1.783024E-04	 1.640360E-04	 1.113390E-04	 1.034064E-04	 6.842589E-05	 5.240343E-05	 3.493614E-05	 3.105936E-05	 2.156194E-05
0.91788	 0.000000E+00	-4.885962E-04	-4.701887E-04	 4.169547E-04	-4.259612E-05	 3.094086E-04	 1.999434E-04	 1.794421E-04	 1.644143E-04	 1.130040E-04	 1.056920E-04	 7.014788E-05	 5.414121E-05	 3.648325E-05	 3.290396E-05	 2.292614E-05
0.92060	 0.000000E+00	-4.802951E-04	-4.986208E-04	 4.161554E-04	-6.607494E-05	 3.113071E-04	 1.938447E-04	 1.806225E-04	 1.646044E-04	 1.147138E-04	 1.079251E-04	 7.188671E-05	 5.587714E-05	 3.807344E-05	 3.483818E-05	 2.432866E-05
0.92331	 0.000000E+00	-4.724254E-04	-5.279268E-04	 4.149573E-04	-9.088988E-05	 3.129135E-04	 1.869914E-04	 1.815166E-04	 1.643845E-04	 1.162894E-04	 1.099795E-04	 7.353324E-05	 5.755901E-05	 3.966733E-05	 3.676383E-05	 2.572059E-05
0.92601	 0.000000E+00	-4.647195E-04	-5.583597E-04	 4.129699E-04	-1.173349E-04	 3.138764E-04	 1.791641E-04	 1.819409E-04	 1.636348E-04	 1.176300E-04	 1.117712E-04	 7.504795E-05	 5.914774E-05	 4.119010E-05	 3.866421E-05	 2.712121E-05
0.92871	 0.000000E+00	-4.581396E-04	-5.899929E-04	 4.098251E-04	-1.455703E-04	 3.140024E-04	 1.702465E-04	 1.817788E-04	 1.622593E-04	 1.186539E-04	 1.132415E-04	 7.637374E-05	 6.058791E-05	 4.263243E-05	 4.051194E-05	 2.848993E-05
0.93140	 0.000000E+00	-4.526780E-04	-6.228582E-04	 4.054662E-04	-1.756693E-04	 3.132504E-04	 1.601730E-04	 1.809775E-04	 1.602026E-04	 1.193126E-04	 1.143419E-04	 7.749087E-05	 6.186974E-05	 4.393341E-05	 4.225924E-05	 2.982912E-05
0.93408	 0.000000E+00	-4.473609E-04	-6.570530E-04	 4.000309E-04	-2.077347E-04	 3.116843E-04	 1.488974E-04	 1.795604E-04	 1.574514E-04	 1.196086E-04	 1.150636E-04	 7.839519E-05	 6.297388E-05	 4.509085E-05	 4.391736E-05	 3.113221E-05
0.93675	 0.000000E+00	-4.421684E-04	-6.928100E-04	 3.932898E-04	-2.420967E-04	 3.091412E-04	 1.362055E-04	 1.774278E-04	 1.539106E-04	 1.194881E-04	 1.153607E-04	 7.906151E-05	 6.387040E-05	 4.607709E-05	 4.549859E-05	 3.240917E-05
0.93941	 0.000000E+00	-4.394542E-04	-7.302916E-04	 3.844655E-04	-2.792348E-04	 3.052176E-04	 1.217460E-04	 1.743375E-04	 1.493580E-04	 1.187975E-04	 1.151518E-04	 7.937497E-05	 6.446483E-05	 4.693404E-05	 4.698162E-05	 3.359598E-05
0.94207	 0.000000E+00	-4.392877E-04	-7.694369E-04	 3.735283E-04	-3.193200E-04	 2.998962E-04	 1.053324E-04	 1.702240E-04	 1.436886E-04	 1.174718E-04	 1.143629E-04	 7.934403E-05	 6.478115E-05	 4.750891E-05	 4.828722E-05	 3.472427E-05
0.94472	 0.000000E+00	-4.394144E-04	-8.099549E-04	 3.611580E-04	-3.622083E-04	 2.935721E-04	 8.702779E-05	 1.652516E-04	 1.369429E-04	 1.155694E-04	 1.130008E-04	 7.895961E-05	 6.477993E-05	 4.783596E-05	 4.943455E-05	 3.575202E-05
0.94736	 0.000000E+00	-4.398855E-04	-8.515725E-04	 3.474333E-04	-4.078589E-04	 2.863988E-04	 6.679504E-05	 1.594363E-04	 1.290784E-04	 1.130761E-04	 1.110134E-04	 7.817448E-05	 6.441406E-05	 4.789619E-05	 5.040725E-05	 3.664084E-05
0.95000	 0.000000E+00	-4.415875E-04	-8.942326E-04	 3.319891E-04	-4.565546E-04	 2.782402E-04	 4.436431E-05	 1.526461E-04	 1.199241E-04	 1.098931E-04	 1.083064E-04	 7.687756E-05	 6.360106E-05	 4.770614E-05	 5.116560E-05	 3.732368E-05
0.95263	 0.000000E+00	-4.445698E-04	-9.380364E-04	 3.145602E-04	-5.088231E-04	 2.689819E-04	 1.925931E-05	 1.447579E-04	 1.092573E-04	 1.059277E-04	 1.047595E-04	 7.504833E-05	 6.231927E-05	 4.714333E-05	 5.166388E-05	 3.779674E-05
0.95525	 0.000000E+00	-4.479384E-04	-9.829407E-04	 2.951014E-04	-5.650862E-04	 2.586426E-04	-8.952525E-06	 1.357271E-04	 9.688852E-05	 1.011426E-04	 1.002646E-04	 7.261906E-05	 6.048990E-05	 4.619143E-05	 5.187547E-05	 3.800630E-05
0.95786	 0.000000E+00	-4.513542E-04	-1.028501E-03	 2.732890E-04	-6.254302E-04	 2.470370E-04	-4.058842E-05	 1.253686E-04	 8.264068E-05	 9.540380E-05	 9.462250E-05	 6.948268E-05	 5.795008E-05	 4.468212E-05	 5.176562E-05	 3.788279E-05
0.96047	 0.000000E+00	-4.597928E-04	-1.073699E-03	 2.474640E-04	-6.897480E-04	 2.335451E-04	-7.599822E-05	 1.132624E-04	 6.613391E-05	 8.843407E-05	 8.762504E-05	 6.513168E-05	 5.441163E-05	 4.284712E-05	 5.112632E-05	 3.717805E-05
0.96307	 0.000000E+00	-4.731315E-04	-1.117266E-03	 2.177972E-04	-7.574914E-04	 2.184600E-04	-1.152892E-04	 9.949559E-05	 4.730223E-05	 8.017558E-05	 7.914050E-05	 5.992130E-05	 5.001383E-05	 4.006538E-05	 4.990826E-05	 3.589768E-05
0.96566	 0.000000E+00	-4.858448E-04	-1.157699E-03	 1.862880E-04	-8.277280E-04	 2.029606E-04	-1.580923E-04	 8.475922E-05	 2.640843E-05	 7.101971E-05	 6.937026E-05	 5.393638E-05	 4.480774E-05	 3.671035E-05	 4.818168E-05	 3.400543E-05
0.96825	 0.000000E+00	-4.978877E-04	-1.193180E-03	 1.536245E-04	-8.992584E-04	 1.879469E-04	-2.039681E-04	 6.957856E-05	 3.664396E-06	 6.126983E-05	 5.845828E-05	 4.731997E-05	 3.886413E-05	 3.291848E-05	 4.597675E-05	 3.149503E-05
0.97082	 0.000000E+00	-5.057803E-04	-1.221560E-03	 1.213546E-04	-9.705040E-04	 1.745896E-04	-2.522725E-04	 5.468622E-05	-2.048617E-05	 5.131649E-05	 4.662104E-05	 4.057592E-05	 3.236328E-05	 2.864614E-05	 4.344361E-05	 2.839443E-05
0.97340	 0.000000E+00	-5.089109E-04	-1.240086E-03	 8.990165E-05	-1.039566E-03	 1.638297E-04	-3.022995E-04	 4.078414E-05	-4.560484E-05	 4.168616E-05	 3.416684E-05	 3.367292E-05	 2.540704E-05	 2.448062E-05	 4.060314E-05	 2.479801E-05
0.97596	 0.000000E+00	-5.090173E-04	-1.245401E-03	 5.873745E-05	-1.104190E-03	 1.562329E-04	-3.535012E-04	 2.843391E-05	-7.135607E-05	 3.267200E-05	 2.132856E-05	 2.704635E-05	 1.818743E-05	 2.045650E-05	 3.753960E-05	 2.076303E-05
0.97852	 0.000000E+00	-5.047794E-04	-1.233033E-03	 2.828910E-05	-1.161259E-03	 1.527083E-04	-4.049379E-04	 1.859505E-05	-9.717810E-05	 2.485293E-05	 8.589182E-06	 2.119045E-05	 1.104689E-05	 1.699719E-05	 3.439308E-05	 1.653599E-05
0.98107	 0.000000E+00	-4.975446E-04	-1.196155E-03	-1.184359E-06	-1.205261E-03	 1.546779E-04	-4.541629E-04	 1.281250E-05	-1.217960E-04	 1.932168E-05	-3.041702E-06	 1.675825E-05	 4.733339E-06	 1.490561E-05	 3.145575E-05	 1.271129E-05
0.98362	 0.000000E+00	-4.851621E-04	-1.124084E-03	-2.642250E-05	-1.226515E-03	 1.658703E-04	-4.954746E-04	 1.456162E-05	-1.419035E-04	 1.833640E-05	-1.106910E-05	 1.604324E-05	 9.879170E-07	 1.538471E-05	 2.988357E-05	 1.035229E-05
0.98615	 0.000000E+00	-4.603181E-04	-1.000080E-03	-4.026851E-05	-1.209882E-03	 1.933120E-04	-5.191318E-04	 3.004740E-05	-1.513583E-04	 2.648672E-05	-1.092845E-05	 2.248194E-05	 3.072274E-06	 2.120352E-05	 3.185437E-05	 1.175320E-05
0.98869	 0.000000E+00	-4.184300E-04	-7.963032E-04	-3.367649E-05	-1.130471E-03	 2.476271E-04	-5.091521E-04	 6.889211E-05	-1.397377E-04	 5.155617E-05	 5.180605E-06	 4.159089E-05	 1.662858E-05	 3.690700E-05	 4.124992E-05	 2.085764E-05
0.99121	 0.000000E+00	-3.497970E-04	-4.614420E-04	 1.089579E-05	-9.430744E-04	 3.477500E-04	-4.352920E-04	 1.488554E-04	-8.676549E-05	 1.079145E-04	 5.281179E-05	 8.486501E-05	 5.243325E-05	 7.080186E-05	 6.612864E-05	 4.454928E-05
0.99373	 0.000000E+00	-2.380672E-04	 1.036191E-04	 1.255295E-04	-5.630696E-04	 5.270505E-04	-2.387428E-04	 3.037205E-04	 4.819856E-05	 2.242109E-04	 1.623375E-04	 1.735910E-04	 1.326806E-04	 1.394147E-04	 1.225577E-04	 9.662350E-05
0.99624	 0.000000E+00	-5.301735E-05	 1.077241E-03	 3.641972E-04	 1.601546E-04	 8.398557E-04	 1.903870E-04	 5.967498E-04	 3.438856E-04	 4.540921E-04	 3.902158E-04	 3.479544E-04	 3.011123E-04	 2.730393E-04	 2.419885E-04	 2.027306E-04
0.99875	 0.000000E+00	 2.497383E-04	 2.606203E-03	 7.620684E-04	 1.360980E-03	 1.322433E-03	 9.606822E-04	 1.086881E-03	 8.872405E-04	 8.519198E-04	 7.918167E-04	 6.508219E-04	 6.093983E-04	 5.025132E-04	 4.639278E-04	 3.914172E-04
