r	   0/   0	   1/   0	   2/   0	   3/   0	   4/   0	   5/   0	   6/   0	   7/   0	   8/   0	   9/   0	  10/   0	  11/   0	  12/   0	  13/   0	  14/   0	  15/   0
0.05000	 0.000000E+00	-2.033656E-05	-3.094271E-06	-6.696952E-07	-1.313443E-07	 3.091350E-08	 5.500863E-08	 5.109584E-08	 1.251313E-08	-1.432173E-09	-1.476119E-09	-4.498013E-10	-5.682142E-10	 3.169006E-10	-3.274278E-13	 2.257666E-11
0.08660	 0.000000E+00	-2.923383E-05	-5.608214E-06	-1.083925E-06	-3.486220E-07	-9.494083E-08	 8.890762E-08	 1.012277E-07	 4.014072E-08	-8.358478E-10	-1.664918E-09	-4.612781E-10	-3.672053E-10	 4.398420E-10	 1.187395E-10	 1.028488E-10
0.11180	 0.000000E+00	-3.557614E-05	-7.986985E-06	-1.388185E-06	-4.767705E-07	-2.276837E-07	 7.621343E-08	 1.170363E-07	 4.679647E-08	-1.138519E-09	-1.808460E-09	-4.677609E-11	-7.048961E-11	 5.729007E-10	 3.215111E-10	-1.592995E-10
0.13229	 0.000000E+00	-4.068330E-05	-1.042387E-05	-1.802918E-06	-5.586097E-07	-2.889290E-07	 6.543761E-08	 1.150072E-07	 4.060187E-08	-4.560956E-09	-2.348869E-09	 1.829761E-10	 4.456841E-10	 6.722126E-10	 5.788567E-10	-5.758145E-10
0.15000	 0.000000E+00	-4.498896E-05	-1.287421E-05	-2.375068E-06	-6.794785E-07	-3.111818E-07	 6.648927E-08	 1.010408E-07	 3.060547E-08	-8.370310E-09	-3.777892E-09	 5.811118E-10	 7.128597E-10	 4.869916E-10	 7.988843E-10	-1.087551E-09
0.16583	 0.000000E+00	-4.871980E-05	-1.531721E-05	-3.084449E-06	-8.352532E-07	-3.144040E-07	 6.150771E-08	 7.849432E-08	 2.384134E-08	-1.057840E-08	-5.234315E-09	 1.190894E-09	 6.803612E-10	 1.795732E-10	 8.130545E-10	-1.180977E-09
0.18028	 0.000000E+00	-5.201903E-05	-1.772409E-05	-3.899179E-06	-1.028161E-06	-3.157183E-07	 4.958434E-08	 5.316907E-08	 1.923164E-08	-1.124498E-08	-5.918372E-09	 1.734944E-09	 4.678145E-10	-8.977319E-11	 6.357932E-10	-8.502031E-10
0.19365	 0.000000E+00	-5.498587E-05	-2.006952E-05	-4.785525E-06	-1.256974E-06	-3.273243E-07	 3.170127E-08	 2.901780E-08	 1.590874E-08	-1.072081E-08	-5.924419E-09	 2.046588E-09	 2.307783E-10	-2.663758E-10	 3.336609E-10	-2.702969E-10
0.20616	 0.000000E+00	-5.769581E-05	-2.233599E-05	-5.715502E-06	-1.517065E-06	-3.551839E-07	 8.852614E-09	 7.686576E-09	 1.326644E-08	-9.446642E-09	-5.499344E-09	 2.103186E-09	 2.904906E-11	-3.508439E-10	-2.710162E-11	 3.966373E-10
0.21794	 0.000000E+00	-6.019452E-05	-2.451429E-05	-6.668474E-06	-1.802684E-06	-4.011380E-07	-1.811004E-08	-9.877687E-09	 1.102875E-08	-7.941852E-09	-4.835724E-09	 1.969220E-09	-1.175729E-10	-3.651455E-10	-3.759464E-10	 1.014716E-09
0.22913	 0.000000E+00	-6.251154E-05	-2.660327E-05	-7.631837E-06	-2.109303E-06	-4.647257E-07	-4.817123E-08	-2.330413E-08	 9.018055E-09	-6.614282E-09	-4.058969E-09	 1.723995E-09	-2.061821E-10	-3.382503E-10	-6.555770E-10	 1.492060E-09
0.23979	 0.000000E+00	-6.468117E-05	-2.860835E-05	-8.600197E-06	-2.434698E-06	-5.446825E-07	-8.050083E-08	-3.270282E-08	 7.151423E-09	-5.686960E-09	-3.233970E-09	 1.444517E-09	-2.415844E-10	-2.976946E-10	-8.284501E-10	 1.787891E-09
0.25000	 0.000000E+00	-6.672869E-05	-3.053894E-05	-9.573670E-06	-2.779177E-06	-6.397867E-07	-1.144645E-07	-3.882780E-08	 5.245437E-09	-5.198891E-09	-2.392437E-09	 1.173875E-09	-2.420938E-10	-2.616072E-10	-8.879943E-10	 1.908981E-09
0.25981	 0.000000E+00	-6.866061E-05	-3.240625E-05	-1.055547E-05	-3.144168E-06	-7.488673E-07	-1.499279E-07	-4.316152E-08	 3.119634E-09	-5.018354E-09	-1.604734E-09	 9.167487E-10	-2.213385E-10	-2.338933E-10	-8.749981E-10	 1.919403E-09
0.26926	 0.000000E+00	-7.047998E-05	-3.422006E-05	-1.154927E-05	-3.530934E-06	-8.709102E-07	-1.873899E-07	-4.712389E-08	 8.225070E-10	-4.972216E-09	-9.339759E-10	 6.826645E-10	-1.804112E-10	-2.148664E-10	-8.387519E-10	 1.895553E-09
0.27839	 0.000000E+00	-7.219069E-05	-3.598701E-05	-1.255764E-05	-3.940401E-06	-1.005221E-06	-2.274535E-07	-5.181092E-08	-1.619205E-09	-4.937247E-09	-4.031101E-10	 4.717667E-10	-1.289231E-10	-2.013174E-10	-8.170731E-10	 1.893441E-09
0.28723	 0.000000E+00	-7.379685E-05	-3.771091E-05	-1.358136E-05	-4.372517E-06	-1.151073E-06	-2.706401E-07	-5.811742E-08	-4.215219E-09	-4.812350E-09	-3.201005E-11	 2.676558E-10	-7.447234E-11	-1.839685E-10	-8.463731E-10	 1.958201E-09
0.29580	 0.000000E+00	-7.531083E-05	-3.939284E-05	-1.461918E-05	-4.826029E-06	-1.307631E-06	-3.174720E-07	-6.646945E-08	-6.879255E-09	-4.564121E-09	 1.702769E-10	 6.896184E-11	-1.592018E-11	-1.569988E-10	-9.489144E-10	 2.115869E-09
0.30414	 0.000000E+00	-7.674499E-05	-4.103250E-05	-1.566892E-05	-5.299296E-06	-1.474223E-06	-3.682838E-07	-7.678543E-08	-9.540032E-09	-4.246133E-09	 2.412747E-10	-1.091942E-10	 4.539552E-11	-1.225505E-10	-1.122727E-09	 2.363005E-09
0.31225	 0.000000E+00	-7.810743E-05	-4.262932E-05	-1.672848E-05	-5.790881E-06	-1.650391E-06	-4.231549E-07	-8.884447E-08	-1.224129E-08	-3.925044E-09	 2.435900E-10	-2.586704E-10	 1.003192E-10	-8.375277E-11	-1.353422E-09	 2.680303E-09
0.32016	 0.000000E+00	-7.940549E-05	-4.418293E-05	-1.779605E-05	-6.299536E-06	-1.835772E-06	-4.821015E-07	-1.024879E-07	-1.504599E-08	-3.637713E-09	 2.167746E-10	-3.814027E-10	 1.416502E-10	-3.984039E-11	-1.632101E-09	 3.052637E-09
0.32787	 0.000000E+00	-8.064464E-05	-4.569319E-05	-1.887018E-05	-6.824323E-06	-2.030143E-06	-5.452124E-07	-1.175241E-07	-1.795217E-08	-3.417570E-09	 1.856756E-10	-4.712524E-10	 1.729540E-10	 7.713693E-12	-1.951115E-09	 3.467791E-09
0.33541	 0.000000E+00	-8.182880E-05	-4.715967E-05	-1.994999E-05	-7.364920E-06	-2.233590E-06	-6.126686E-07	-1.337964E-07	-2.095588E-08	-3.296093E-09	 1.760299E-10	-5.211619E-10	 1.971846E-10	 5.438433E-11	-2.301212E-09	 3.912438E-09
0.34278	 0.000000E+00	-8.288847E-05	-4.858743E-05	-2.103546E-05	-7.921042E-06	-2.446626E-06	-6.847516E-07	-1.511718E-07	-2.417117E-08	-3.354240E-09	 2.080609E-10	-5.242271E-10	 2.040692E-10	 9.629028E-11	-2.680078E-09	 4.383243E-09
0.35000	 0.000000E+00	-8.374879E-05	-4.998390E-05	-2.212712E-05	-8.492301E-06	-2.669605E-06	-7.616493E-07	-1.697650E-07	-2.765425E-08	-3.538661E-09	 2.953840E-10	-4.933324E-10	 1.931958E-10	 1.411232E-10	-3.083860E-09	 4.871966E-09
0.35707	 0.000000E+00	-8.447879E-05	-5.134805E-05	-2.322465E-05	-9.079561E-06	-2.902808E-06	-8.436868E-07	-1.899424E-07	-3.135888E-08	-3.729171E-09	 4.151527E-10	-4.512160E-10	 1.799868E-10	 1.989490E-10	-3.520607E-09	 5.377641E-09
0.36401	 0.000000E+00	-8.515246E-05	-5.267899E-05	-2.432748E-05	-9.683975E-06	-3.146737E-06	-9.313021E-07	-2.119612E-07	-3.534644E-08	-3.923210E-09	 5.506734E-10	-4.055830E-10	 1.650833E-10	 2.724989E-10	-4.006332E-09	 5.912152E-09
0.37081	 0.000000E+00	-8.574683E-05	-5.398194E-05	-2.543531E-05	-1.030541E-05	-3.401705E-06	-1.024804E-06	-2.359604E-07	-3.973042E-08	-4.141424E-09	 7.171596E-10	-3.579487E-10	 1.371636E-10	 3.633273E-10	-4.546613E-09	 6.480277E-09
0.37749	 0.000000E+00	-8.623741E-05	-5.526063E-05	-2.654764E-05	-1.094317E-05	-3.667738E-06	-1.124420E-06	-2.620953E-07	-4.457445E-08	-4.365660E-09	 9.268473E-10	-3.142542E-10	 9.288280E-11	 4.743588E-10	-5.140026E-09	 7.077198E-09
0.38406	 0.000000E+00	-8.665139E-05	-5.651342E-05	-2.766352E-05	-1.159685E-05	-3.944659E-06	-1.230293E-06	-2.905709E-07	-4.990515E-08	-4.544769E-09	 1.179922E-09	-2.838644E-10	 3.302739E-11	 6.102056E-10	-5.791097E-09	 7.697102E-09
0.39051	 0.000000E+00	-8.701797E-05	-5.773738E-05	-2.878154E-05	-1.226581E-05	-4.232154E-06	-1.342516E-06	-3.215069E-07	-5.573659E-08	-4.667641E-09	 1.472386E-09	-2.669602E-10	-4.150655E-11	 7.755224E-10	-6.510266E-09	 8.345740E-09
0.39686	 0.000000E+00	-8.728572E-05	-5.893601E-05	-2.990026E-05	-1.294817E-05	-4.529770E-06	-1.461118E-06	-3.547928E-07	-6.209416E-08	-4.796384E-09	 1.811919E-09	-2.457208E-10	-1.328149E-10	 9.662532E-10	-7.307914E-09	 9.036081E-09
0.40311	 0.000000E+00	-8.740033E-05	-6.011474E-05	-3.101843E-05	-1.364177E-05	-4.836865E-06	-1.585992E-06	-3.903438E-07	-6.895470E-08	-4.918522E-09	 2.215711E-09	-2.038322E-10	-2.393708E-10	 1.180897E-09	-8.178408E-09	 9.754165E-09
0.40927	 0.000000E+00	-8.741698E-05	-6.127192E-05	-3.213458E-05	-1.434614E-05	-5.152945E-06	-1.717099E-06	-4.282787E-07	-7.625849E-08	-4.956407E-09	 2.688954E-09	-1.395795E-10	-3.475416E-10	 1.424698E-09	-9.120485E-09	 1.049167E-08
0.41533	 0.000000E+00	-8.739344E-05	-6.240717E-05	-3.324744E-05	-1.506130E-05	-5.477818E-06	-1.854550E-06	-4.686660E-07	-8.401611E-08	-4.911881E-09	 3.242459E-09	-3.923492E-11	-4.537566E-10	 1.697438E-09	-1.014984E-08	 1.126287E-08
0.42131	 0.000000E+00	-8.730330E-05	-6.352764E-05	-3.435614E-05	-1.578630E-05	-5.811276E-06	-1.998463E-06	-5.114679E-07	-9.227705E-08	-4.827827E-09	 3.906419E-09	 1.223922E-10	-5.644381E-10	 1.996918E-09	-1.127404E-08	 1.207369E-08
0.42720	 0.000000E+00	-8.711833E-05	-6.464020E-05	-3.546005E-05	-1.652023E-05	-6.153108E-06	-2.148983E-06	-5.567272E-07	-1.010795E-07	-4.700292E-09	 4.709802E-09	 3.599561E-10	-6.771368E-10	 2.322187E-09	-1.248535E-08	 1.291320E-08
0.43301	 0.000000E+00	-8.686869E-05	-6.574640E-05	-3.655870E-05	-1.726334E-05	-6.503288E-06	-2.306332E-06	-6.046641E-07	-1.104580E-07	-4.478669E-09	 5.674138E-09	 6.799950E-10	-7.830528E-10	 2.679756E-09	-1.378413E-08	 1.377143E-08
0.43875	 0.000000E+00	-8.658567E-05	-6.684719E-05	-3.765177E-05	-1.801624E-05	-6.861960E-06	-2.470847E-06	-6.555043E-07	-1.204852E-07	-4.157634E-09	 6.816277E-09	 1.095588E-09	-8.781689E-10	 3.077576E-09	-1.518760E-08	 1.465761E-08
0.44441	 0.000000E+00	-8.623852E-05	-6.794853E-05	-3.873913E-05	-1.877865E-05	-7.229230E-06	-2.642900E-06	-7.093734E-07	-1.312642E-07	-3.785602E-09	 8.158415E-09	 1.630370E-09	-9.616143E-10	 3.518060E-09	-1.671096E-08	 1.558680E-08
0.45000	 0.000000E+00	-8.579480E-05	-6.905622E-05	-3.982092E-05	-1.955025E-05	-7.605158E-06	-2.822837E-06	-7.664734E-07	-1.428999E-07	-3.373919E-09	 9.729114E-09	 2.303012E-09	-1.026271E-09	 4.005440E-09	-1.834895E-08	 1.654640E-08
0.45552	 0.000000E+00	-8.528640E-05	-7.016984E-05	-4.089740E-05	-2.033188E-05	-7.989943E-06	-3.011047E-06	-8.271820E-07	-1.555035E-07	-2.881639E-09	 1.154816E-08	 3.119787E-09	-1.061493E-09	 4.551555E-09	-2.010232E-08	 1.752231E-08
0.46098	 0.000000E+00	-8.474651E-05	-7.128841E-05	-4.196893E-05	-2.112446E-05	-8.383834E-06	-3.207971E-06	-8.918430E-07	-1.692200E-07	-2.319931E-09	 1.363071E-08	 4.094206E-09	-1.059717E-09	 5.168381E-09	-2.199074E-08	 1.852502E-08
0.46637	 0.000000E+00	-8.415146E-05	-7.241573E-05	-4.303586E-05	-2.192775E-05	-8.786868E-06	-3.413983E-06	-9.606655E-07	-1.842026E-07	-1.745850E-09	 1.599637E-08	 5.251789E-09	-1.013942E-09	 5.864941E-09	-2.402710E-08	 1.956502E-08
0.47170	 0.000000E+00	-8.347673E-05	-7.355557E-05	-4.409844E-05	-2.274133E-05	-9.198927E-06	-3.629378E-06	-1.033882E-06	-2.005866E-07	-1.183852E-09	 1.866614E-08	 6.615933E-09	-9.105033E-10	 6.651505E-09	-2.621101E-08	 2.063214E-08
0.47697	 0.000000E+00	-8.274700E-05	-7.470733E-05	-4.515698E-05	-2.356563E-05	-9.619928E-06	-3.854442E-06	-1.111841E-06	-2.185166E-07	-6.228545E-10	 2.166200E-08	 8.204295E-09	-7.291883E-10	 7.544547E-09	-2.854383E-08	 2.171730E-08
0.48218	 0.000000E+00	-8.198797E-05	-7.587023E-05	-4.621181E-05	-2.440106E-05	-1.004976E-05	-4.089447E-06	-1.194826E-06	-2.381622E-07	-9.120693E-11	 2.500706E-08	 1.004474E-08	-4.550998E-10	 8.561048E-09	-3.104099E-08	 2.283220E-08
0.48734	 0.000000E+00	-8.118308E-05	-7.704679E-05	-4.726324E-05	-2.524701E-05	-1.048804E-05	-4.334534E-06	-1.282975E-06	-2.596866E-07	 3.443619E-10	 2.872952E-08	 1.217204E-08	-7.334517E-11	 9.711493E-09	-3.370857E-08	 2.398001E-08
0.49244	 0.000000E+00	-8.031500E-05	-7.823875E-05	-4.831165E-05	-2.610268E-05	-1.093423E-05	-4.589731E-06	-1.376392E-06	-2.832252E-07	 6.405613E-10	 3.285178E-08	 1.461832E-08	 4.394423E-10	 1.100793E-08	-3.653561E-08	 2.514869E-08
0.49749	 0.000000E+00	-7.940166E-05	-7.944426E-05	-4.935764E-05	-2.696799E-05	-1.138792E-05	-4.855060E-06	-1.475252E-06	-3.089125E-07	 7.806857E-10	 3.739220E-08	 1.741378E-08	 1.109696E-09	 1.246941E-08	-3.951798E-08	 2.633070E-08
0.50249	 0.000000E+00	-7.846162E-05	-8.066134E-05	-5.040183E-05	-2.784301E-05	-1.184874E-05	-5.130569E-06	-1.579707E-06	-3.369037E-07	 7.140458E-10	 4.236641E-08	 2.059163E-08	 1.965282E-09	 1.411707E-08	-4.266528E-08	 2.753999E-08
0.50744	 0.000000E+00	-7.747700E-05	-8.189147E-05	-5.144471E-05	-2.872710E-05	-1.231620E-05	-5.416263E-06	-1.689786E-06	-3.673500E-07	 3.448265E-10	 4.778480E-08	 2.419672E-08	 3.036926E-09	 1.596944E-08	-4.598435E-08	 2.879067E-08
0.51235	 0.000000E+00	-7.642898E-05	-8.313585E-05	-5.248689E-05	-2.961959E-05	-1.278982E-05	-5.712108E-06	-1.805531E-06	-4.004014E-07	-4.065730E-10	 5.365966E-08	 2.826819E-08	 4.357240E-09	 1.804060E-08	-4.945631E-08	 3.006900E-08
0.51720	 0.000000E+00	-7.533570E-05	-8.439187E-05	-5.352938E-05	-3.052067E-05	-1.326933E-05	-6.018129E-06	-1.927098E-06	-4.362264E-07	-1.585976E-09	 5.999160E-08	 3.283317E-08	 5.958621E-09	 2.035141E-08	-5.306307E-08	 3.136267E-08
0.52202	 0.000000E+00	-7.421563E-05	-8.565714E-05	-5.457333E-05	-3.143072E-05	-1.375462E-05	-6.334415E-06	-2.054626E-06	-4.750117E-07	-3.284144E-09	 6.677200E-08	 3.791881E-08	 7.876657E-09	 2.292960E-08	-5.680664E-08	 3.268491E-08
0.52678	 0.000000E+00	-7.306285E-05	-8.693187E-05	-5.561977E-05	-3.234970E-05	-1.424556E-05	-6.661069E-06	-2.188211E-06	-5.169528E-07	-5.622170E-09	 7.398605E-08	 4.355996E-08	 1.015062E-08	 2.580242E-08	-6.068119E-08	 3.404630E-08
0.53151	 0.000000E+00	-7.187121E-05	-8.821594E-05	-5.666960E-05	-3.327768E-05	-1.474206E-05	-6.998239E-06	-2.327992E-06	-5.622671E-07	-8.720614E-09	 8.160858E-08	 4.978959E-08	 1.281802E-08	 2.899520E-08	-6.466857E-08	 3.544509E-08
0.53619	 0.000000E+00	-7.064599E-05	-8.950776E-05	-5.772382E-05	-3.421507E-05	-1.524422E-05	-7.346128E-06	-2.474187E-06	-6.112014E-07	-1.270635E-08	 8.961017E-08	 5.662520E-08	 1.591866E-08	 3.253534E-08	-6.874675E-08	 3.687813E-08
0.54083	 0.000000E+00	-6.939271E-05	-9.080553E-05	-5.878337E-05	-3.516236E-05	-1.575216E-05	-7.704974E-06	-2.627022E-06	-6.640193E-07	-1.772385E-08	 9.794973E-08	 6.408541E-08	 1.949473E-08	 3.645616E-08	-7.289868E-08	 3.835181E-08
0.54544	 0.000000E+00	-6.810275E-05	-9.210878E-05	-5.984897E-05	-3.611966E-05	-1.626596E-05	-8.074999E-06	-2.786676E-06	-7.209914E-07	-2.394000E-08	 1.065712E-07	 7.219112E-08	 2.358306E-08	 4.079424E-08	-7.710809E-08	 3.987666E-08
0.55000	 0.000000E+00	-6.676725E-05	-9.341725E-05	-6.092137E-05	-3.708713E-05	-1.678569E-05	-8.456411E-06	-2.953337E-06	-7.823919E-07	-3.152722E-08	 1.154100E-07	 8.095317E-08	 2.822324E-08	 4.558134E-08	-8.134331E-08	 4.145300E-08
0.55453	 0.000000E+00	-6.539383E-05	-9.472900E-05	-6.200149E-05	-3.806525E-05	-1.731153E-05	-8.849454E-06	-3.127254E-06	-8.485137E-07	-4.065728E-08	 1.243985E-07	 9.037183E-08	 3.345830E-08	 5.085404E-08	-8.556809E-08	 4.308130E-08
0.55902	 0.000000E+00	-6.399030E-05	-9.604254E-05	-6.309043E-05	-3.905457E-05	-1.784371E-05	-9.254397E-06	-3.308656E-06	-9.196604E-07	-5.151914E-08	 1.334548E-07	 1.004493E-07	 3.932825E-08	 5.665477E-08	-8.975691E-08	 4.477722E-08
0.56347	 0.000000E+00	-6.255983E-05	-9.735652E-05	-6.418924E-05	-4.005543E-05	-1.838245E-05	-9.671479E-06	-3.497758E-06	-9.961446E-07	-6.431488E-08	 1.424849E-07	 1.111800E-07	 4.586947E-08	 6.301784E-08	-9.386454E-08	 4.654238E-08
0.56789	 0.000000E+00	-6.110585E-05	-9.866914E-05	-6.529880E-05	-4.106815E-05	-1.892796E-05	-1.010094E-05	-3.694779E-06	-1.078275E-06	-7.925881E-08	 1.513833E-07	 1.225480E-07	 5.311889E-08	 6.998899E-08	-9.785667E-08	 4.839630E-08
0.57228	 0.000000E+00	-5.962460E-05	-9.997977E-05	-6.641980E-05	-4.209291E-05	-1.948033E-05	-1.054297E-05	-3.899883E-06	-1.166351E-06	-9.657302E-08	 1.600316E-07	 1.345394E-07	 6.111567E-08	 7.761497E-08	-1.017003E-07	 5.036486E-08
0.57663	 0.000000E+00	-5.811211E-05	-1.012876E-04	-6.755296E-05	-4.312978E-05	-2.003965E-05	-1.099774E-05	-4.113207E-06	-1.260673E-06	-1.164850E-07	 1.683047E-07	 1.471315E-07	 6.989082E-08	 8.593008E-08	-1.053387E-07	 5.245525E-08
0.58095	 0.000000E+00	-5.657625E-05	-1.025903E-04	-6.869924E-05	-4.417899E-05	-2.060609E-05	-1.146539E-05	-4.334919E-06	-1.361535E-06	-1.392100E-07	 1.760753E-07	 1.602835E-07	 7.947405E-08	 9.497458E-08	-1.087111E-07	 5.467767E-08
0.58523	 0.000000E+00	-5.502535E-05	-1.038854E-04	-6.985950E-05	-4.524074E-05	-2.117974E-05	-1.194604E-05	-4.565142E-06	-1.469212E-06	-1.649641E-07	 1.832002E-07	 1.739523E-07	 8.989203E-08	 1.047983E-07	-1.117793E-07	 5.707109E-08
0.58949	 0.000000E+00	-5.345142E-05	-1.051723E-04	-7.103421E-05	-4.631483E-05	-2.176058E-05	-1.243975E-05	-4.803890E-06	-1.583956E-06	-1.939850E-07	 1.895231E-07	 1.880976E-07	 1.011684E-07	 1.154420E-07	-1.144897E-07	 5.966685E-08
0.59372	 0.000000E+00	-5.184616E-05	-1.064501E-04	-7.222381E-05	-4.740091E-05	-2.234854E-05	-1.294651E-05	-5.051166E-06	-1.705996E-06	-2.264986E-07	 1.948817E-07	 2.026617E-07	 1.133245E-07	 1.269394E-07	-1.167779E-07	 6.248840E-08
0.59791	 0.000000E+00	-5.021465E-05	-1.077165E-04	-7.342897E-05	-4.849906E-05	-2.294369E-05	-1.346640E-05	-5.307033E-06	-1.835582E-06	-2.627218E-07	 1.991095E-07	 2.175750E-07	 1.263718E-07	 1.393311E-07	-1.185849E-07	 6.557263E-08
0.60208	 0.000000E+00	-4.856199E-05	-1.089696E-04	-7.465039E-05	-4.960930E-05	-2.354615E-05	-1.399950E-05	-5.571536E-06	-1.972961E-06	-3.028839E-07	 2.020300E-07	 2.327632E-07	 1.403207E-07	 1.526550E-07	-1.198452E-07	 6.895530E-08
0.60622	 0.000000E+00	-4.688297E-05	-1.102083E-04	-7.588861E-05	-5.073138E-05	-2.415594E-05	-1.454586E-05	-5.844657E-06	-2.118357E-06	-3.472207E-07	 2.034462E-07	 2.481469E-07	 1.551736E-07	 1.669464E-07	-1.205034E-07	 7.268311E-08
0.61033	 0.000000E+00	-4.517194E-05	-1.114320E-04	-7.714438E-05	-5.186508E-05	-2.477315E-05	-1.510554E-05	-6.126366E-06	-2.271986E-06	-3.959735E-07	 2.031592E-07	 2.636321E-07	 1.709258E-07	 1.822298E-07	-1.204892E-07	 7.679801E-08
0.61441	 0.000000E+00	-4.344589E-05	-1.126377E-04	-7.841902E-05	-5.301071E-05	-2.539813E-05	-1.567868E-05	-6.416763E-06	-2.434104E-06	-4.493530E-07	 2.009770E-07	 2.791095E-07	 1.875583E-07	 1.985324E-07	-1.197190E-07	 8.132028E-08
0.61847	 0.000000E+00	-4.172256E-05	-1.138216E-04	-7.971359E-05	-5.416857E-05	-2.603123E-05	-1.626544E-05	-6.715932E-06	-2.604963E-06	-5.075835E-07	 1.966889E-07	 2.944643E-07	 2.050489E-07	 2.158838E-07	-1.181382E-07	 8.631647E-08
0.62249	 0.000000E+00	-3.998466E-05	-1.149832E-04	-8.102815E-05	-5.533798E-05	-2.667246E-05	-1.686586E-05	-7.023748E-06	-2.784731E-06	-5.709169E-07	 1.900572E-07	 3.095758E-07	 2.233716E-07	 2.342919E-07	-1.156860E-07	 9.185024E-08
0.62650	 0.000000E+00	-3.821459E-05	-1.161211E-04	-8.236243E-05	-5.651809E-05	-2.732175E-05	-1.747987E-05	-7.340094E-06	-2.973557E-06	-6.395719E-07	 1.808479E-07	 3.243116E-07	 2.424807E-07	 2.537697E-07	-1.122914E-07	 9.795784E-08
0.63048	 0.000000E+00	-3.641710E-05	-1.172315E-04	-8.371667E-05	-5.770861E-05	-2.797932E-05	-1.810758E-05	-7.664983E-06	-3.171642E-06	-7.137561E-07	 1.688305E-07	 3.385201E-07	 2.623200E-07	 2.743200E-07	-1.078840E-07	 1.046831E-07
0.63443	 0.000000E+00	-3.459680E-05	-1.183111E-04	-8.509129E-05	-5.890926E-05	-2.864544E-05	-1.874909E-05	-7.998438E-06	-3.379190E-06	-7.936874E-07	 1.537658E-07	 3.520447E-07	 2.828265E-07	 2.959403E-07	-1.024017E-07	 1.120791E-07
0.63836	 0.000000E+00	-3.274850E-05	-1.193584E-04	-8.648660E-05	-6.011958E-05	-2.932031E-05	-1.940454E-05	-8.340425E-06	-3.596376E-06	-8.795913E-07	 1.353973E-07	 3.647244E-07	 3.039303E-07	 3.186257E-07	-9.579089E-08	 1.202088E-07
0.64226	 0.000000E+00	-3.086629E-05	-1.203727E-04	-8.790339E-05	-6.133917E-05	-3.000423E-05	-2.007406E-05	-8.690914E-06	-3.823393E-06	-9.717047E-07	 1.134564E-07	 3.763877E-07	 3.255476E-07	 3.423573E-07	-8.799050E-08	 1.291242E-07
0.64614	 0.000000E+00	-2.897863E-05	-1.213499E-04	-8.934358E-05	-6.256853E-05	-3.069798E-05	-2.075799E-05	-9.050135E-06	-4.060543E-06	-1.070235E-06	 8.770549E-08	 3.868475E-07	 3.475702E-07	 3.671235E-07	-7.891232E-08	 1.388357E-07
0.65000	 0.000000E+00	-2.711533E-05	-1.222846E-04	-9.080853E-05	-6.380802E-05	-3.140231E-05	-2.145667E-05	-9.418302E-06	-4.308106E-06	-1.175402E-06	 5.788811E-08	 3.959065E-07	 3.699019E-07	 3.928921E-07	-6.851218E-08	 1.494157E-07
0.65383	 0.000000E+00	-2.524734E-05	-1.231764E-04	-9.229740E-05	-6.505628E-05	-3.211717E-05	-2.217010E-05	-9.795217E-06	-4.566180E-06	-1.287452E-06	 2.370602E-08	 4.033724E-07	 3.924351E-07	 4.196065E-07	-5.676833E-08	 1.609473E-07
0.65765	 0.000000E+00	-2.334534E-05	-1.240238E-04	-9.380861E-05	-6.631168E-05	-3.284232E-05	-2.289818E-05	-1.018070E-05	-4.834849E-06	-1.406568E-06	-1.511410E-08	 4.090377E-07	 4.150274E-07	 4.472141E-07	-4.361988E-08	 1.734446E-07
0.66144	 0.000000E+00	-2.141123E-05	-1.248222E-04	-9.534145E-05	-6.757326E-05	-3.357788E-05	-2.364092E-05	-1.057476E-05	-5.114269E-06	-1.532910E-06	-5.882987E-08	 4.126851E-07	 4.375336E-07	 4.756576E-07	-2.903028E-08	 1.869477E-07
0.66521	 0.000000E+00	-1.944638E-05	-1.255683E-04	-9.689587E-05	-6.884026E-05	-3.432407E-05	-2.439838E-05	-1.097735E-05	-5.404577E-06	-1.666639E-06	-1.076947E-07	 4.140971E-07	 4.598041E-07	 5.048688E-07	-1.297260E-08	 2.015030E-07
0.66895	 0.000000E+00	-1.744856E-05	-1.262608E-04	-9.847202E-05	-7.011188E-05	-3.508105E-05	-2.517064E-05	-1.138841E-05	-5.705883E-06	-1.807913E-06	-1.619656E-07	 4.130592E-07	 4.816886E-07	 5.347730E-07	 4.573779E-09	 2.171610E-07
0.67268	 0.000000E+00	-1.541465E-05	-1.268993E-04	-1.000709E-04	-7.138745E-05	-3.584917E-05	-2.595778E-05	-1.180782E-05	-6.018293E-06	-1.956889E-06	-2.219058E-07	 4.093601E-07	 5.030267E-07	 5.652850E-07	 2.362119E-08	 2.339717E-07
0.67639	 0.000000E+00	-1.337876E-05	-1.274792E-04	-1.016952E-04	-7.266709E-05	-3.662938E-05	-2.676011E-05	-1.223582E-05	-6.342079E-06	-2.113713E-06	-2.877359E-07	 4.027738E-07	 5.236141E-07	 5.963245E-07	 4.422378E-08	 2.519000E-07
0.68007	 0.000000E+00	-1.137667E-05	-1.279943E-04	-1.033464E-04	-7.395066E-05	-3.742258E-05	-2.757795E-05	-1.267267E-05	-6.677507E-06	-2.278547E-06	-3.597025E-07	 3.930630E-07	 5.432781E-07	 6.277675E-07	 6.638165E-08	 2.709860E-07
0.68374	 0.000000E+00	-9.373228E-06	-1.284448E-04	-1.050231E-04	-7.523612E-05	-3.822851E-05	-2.841112E-05	-1.311800E-05	-7.024528E-06	-2.451532E-06	-4.380866E-07	 3.800047E-07	 5.618478E-07	 6.594718E-07	 9.004766E-08	 2.913047E-07
0.68739	 0.000000E+00	-7.333225E-06	-1.288295E-04	-1.067224E-04	-7.652108E-05	-3.904660E-05	-2.925930E-05	-1.357149E-05	-7.383090E-06	-2.632741E-06	-5.231232E-07	 3.633725E-07	 5.790968E-07	 6.913213E-07	 1.152133E-07	 3.128296E-07
0.69101	 0.000000E+00	-5.254891E-06	-1.291432E-04	-1.084428E-04	-7.780395E-05	-3.987680E-05	-3.012240E-05	-1.403307E-05	-7.753279E-06	-2.822253E-06	-6.150418E-07	 3.429300E-07	 5.948083E-07	 7.231809E-07	 1.418426E-07	 3.355799E-07
0.69462	 0.000000E+00	-3.135584E-06	-1.293824E-04	-1.101834E-04	-7.908326E-05	-4.071924E-05	-3.100037E-05	-1.450267E-05	-8.135175E-06	-3.020152E-06	-7.140614E-07	 3.184409E-07	 6.087570E-07	 7.548971E-07	 1.699042E-07	 3.595419E-07
0.69821	 0.000000E+00	-9.768174E-07	-1.295434E-04	-1.119438E-04	-8.035753E-05	-4.157413E-05	-3.189313E-05	-1.498022E-05	-8.528853E-06	-3.226513E-06	-8.203917E-07	 2.896743E-07	 6.207059E-07	 7.863131E-07	 1.993527E-07	 3.846893E-07
0.70178	 0.000000E+00	 1.219917E-06	-1.296227E-04	-1.137237E-04	-8.162524E-05	-4.244165E-05	-3.280063E-05	-1.546567E-05	-8.934388E-06	-3.441401E-06	-9.342461E-07	 2.564084E-07	 6.304172E-07	 8.172628E-07	 2.301252E-07	 4.110039E-07
0.70534	 0.000000E+00	 3.456782E-06	-1.296173E-04	-1.155225E-04	-8.288470E-05	-4.332192E-05	-3.372278E-05	-1.595893E-05	-9.351836E-06	-3.664868E-06	-1.055827E-06	 2.184149E-07	 6.376519E-07	 8.475666E-07	 2.621552E-07	 4.384522E-07
0.70887	 0.000000E+00	 5.735988E-06	-1.295241E-04	-1.173395E-04	-8.413412E-05	-4.421504E-05	-3.465941E-05	-1.645989E-05	-9.781235E-06	-3.896959E-06	-1.185325E-06	 1.754753E-07	 6.421605E-07	 8.770451E-07	 2.953557E-07	 4.669900E-07
0.71239	 0.000000E+00	 8.056887E-06	-1.293401E-04	-1.191742E-04	-8.537180E-05	-4.512117E-05	-3.561043E-05	-1.696849E-05	-1.022266E-05	-4.137717E-06	-1.322928E-06	 1.273708E-07	 6.436924E-07	 9.055116E-07	 3.296346E-07	 4.965673E-07
0.71589	 0.000000E+00	 1.041878E-05	-1.290619E-04	-1.210260E-04	-8.659592E-05	-4.604043E-05	-3.657569E-05	-1.748467E-05	-1.067618E-05	-4.387172E-06	-1.468816E-06	 7.388930E-08	 6.419934E-07	 9.327638E-07	 3.649027E-07	 5.271055E-07
0.71937	 0.000000E+00	 1.282552E-05	-1.286864E-04	-1.228938E-04	-8.780440E-05	-4.697284E-05	-3.755494E-05	-1.800829E-05	-1.114182E-05	-4.645341E-06	-1.623156E-06	 1.482316E-08	 6.368066E-07	 9.585946E-07	 4.010372E-07	 5.585384E-07
0.72284	 0.000000E+00	 1.528104E-05	-1.282104E-04	-1.247764E-04	-8.899529E-05	-4.791849E-05	-3.854797E-05	-1.853925E-05	-1.161961E-05	-4.912235E-06	-1.786113E-06	-5.003840E-08	 6.278700E-07	 9.828031E-07	 4.379116E-07	 5.907872E-07
0.72629	 0.000000E+00	 1.778257E-05	-1.276291E-04	-1.266723E-04	-9.016650E-05	-4.887749E-05	-3.955451E-05	-1.907749E-05	-1.210965E-05	-5.187849E-06	-1.957822E-06	-1.208902E-07	 6.149141E-07	 1.005171E-06	 4.754070E-07	 6.237201E-07
0.72973	 0.000000E+00	 2.032531E-05	-1.269343E-04	-1.285776E-04	-9.131498E-05	-4.984923E-05	-4.057398E-05	-1.962290E-05	-1.261197E-05	-5.472121E-06	-2.138388E-06	-1.979160E-07	 5.976577E-07	 1.025463E-06	 5.134380E-07	 6.571020E-07
0.73314	 0.000000E+00	 2.298524E-05	-1.261265E-04	-1.304836E-04	-9.243550E-05	-5.083132E-05	-4.160522E-05	-2.017440E-05	-1.312602E-05	-5.764851E-06	-2.327980E-06	-2.812746E-07	 5.759896E-07	 1.043352E-06	 5.517858E-07	 6.910417E-07
0.73655	 0.000000E+00	 2.584209E-05	-1.252094E-04	-1.323839E-04	-9.352328E-05	-5.182169E-05	-4.264699E-05	-2.073092E-05	-1.365122E-05	-6.065791E-06	-2.526625E-06	-3.711039E-07	 5.495737E-07	 1.058702E-06	 5.901603E-07	 7.253886E-07
0.73993	 0.000000E+00	 2.882124E-05	-1.241722E-04	-1.342816E-04	-9.457770E-05	-5.282175E-05	-4.369943E-05	-2.129320E-05	-1.418816E-05	-6.374999E-06	-2.734354E-06	-4.676029E-07	 5.179907E-07	 1.071400E-06	 6.284109E-07	 7.598082E-07
0.74330	 0.000000E+00	 3.184811E-05	-1.230080E-04	-1.361821E-04	-9.559913E-05	-5.383380E-05	-4.476313E-05	-2.186207E-05	-1.473742E-05	-6.692671E-06	-2.951393E-06	-5.709750E-07	 4.810605E-07	 1.081117E-06	 6.664486E-07	 7.942203E-07
0.74666	 0.000000E+00	 3.493716E-05	-1.217188E-04	-1.380859E-04	-9.658547E-05	-5.485816E-05	-4.583778E-05	-2.243728E-05	-1.529897E-05	-7.018800E-06	-3.177904E-06	-6.813685E-07	 4.385551E-07	 1.087585E-06	 7.041164E-07	 8.284123E-07
0.75000	 0.000000E+00	 3.810137E-05	-1.203036E-04	-1.399914E-04	-9.753376E-05	-5.589450E-05	-4.692275E-05	-2.301853E-05	-1.587273E-05	-7.353308E-06	-3.413983E-06	-7.989456E-07	 3.902100E-07	 1.090603E-06	 7.411461E-07	 8.622288E-07
0.75333	 0.000000E+00	 4.133007E-05	-1.187568E-04	-1.418969E-04	-9.844159E-05	-5.694301E-05	-4.801765E-05	-2.360590E-05	-1.645890E-05	-7.696180E-06	-3.659716E-06	-9.238758E-07	 3.357394E-07	 1.089964E-06	 7.773201E-07	 8.954407E-07
0.75664	 0.000000E+00	 4.460962E-05	-1.170688E-04	-1.437973E-04	-9.930490E-05	-5.800271E-05	-4.912146E-05	-2.419927E-05	-1.705753E-05	-8.047300E-06	-3.915151E-06	-1.056270E-06	 2.748732E-07	 1.085395E-06	 8.125832E-07	 9.275299E-07
0.75993	 0.000000E+00	 4.804184E-05	-1.152418E-04	-1.456798E-04	-1.001164E-04	-5.906958E-05	-5.023211E-05	-2.479689E-05	-1.766761E-05	-8.406170E-06	-4.180370E-06	-1.196194E-06	 2.076665E-07	 1.076486E-06	 8.466798E-07	 9.587278E-07
0.76322	 0.000000E+00	 5.173358E-05	-1.132822E-04	-1.475344E-04	-1.008700E-04	-6.014037E-05	-5.134776E-05	-2.539714E-05	-1.828829E-05	-8.772314E-06	-4.455242E-06	-1.343708E-06	 1.337613E-07	 1.063199E-06	 8.790297E-07	 9.888532E-07
0.76649	 0.000000E+00	 5.558439E-05	-1.111770E-04	-1.493661E-04	-1.015651E-04	-6.121712E-05	-5.246842E-05	-2.600120E-05	-1.892046E-05	-9.145891E-06	-4.739744E-06	-1.498975E-06	 5.260824E-08	 1.045481E-06	 9.093725E-07	 1.017214E-06
0.76974	 0.000000E+00	 5.949387E-05	-1.089180E-04	-1.511829E-04	-1.022021E-04	-6.230308E-05	-5.359467E-05	-2.661033E-05	-1.956501E-05	-9.527192E-06	-5.034172E-06	-1.662191E-06	-3.589216E-08	 1.022920E-06	 9.377113E-07	 1.043674E-06
0.77298	 0.000000E+00	 6.349299E-05	-1.065105E-04	-1.529843E-04	-1.027785E-04	-6.339833E-05	-5.472599E-05	-2.722409E-05	-2.022179E-05	-9.916150E-06	-5.338732E-06	-1.833476E-06	-1.318748E-07	 9.952420E-07	 9.638443E-07	 1.068041E-06
0.77621	 0.000000E+00	 6.761139E-05	-1.039571E-04	-1.547676E-04	-1.032903E-04	-6.450189E-05	-5.586125E-05	-2.784189E-05	-2.089057E-05	-1.031258E-05	-5.653473E-06	-2.012940E-06	-2.355917E-07	 9.622900E-07	 9.873789E-07	 1.090016E-06
0.77942	 0.000000E+00	 7.182436E-05	-1.012535E-04	-1.565333E-04	-1.037346E-04	-6.561410E-05	-5.699965E-05	-2.846388E-05	-2.157157E-05	-1.071642E-05	-5.978444E-06	-2.200711E-06	-3.473542E-07	 9.239119E-07	 1.007981E-06	 1.109198E-06
0.78262	 0.000000E+00	 7.610729E-05	-9.839652E-05	-1.582824E-04	-1.041089E-04	-6.673579E-05	-5.814072E-05	-2.909035E-05	-2.226510E-05	-1.112772E-05	-6.313822E-06	-2.396928E-06	-4.673414E-07	 8.798529E-07	 1.025425E-06	 1.125368E-06
0.78581	 0.000000E+00	 8.046551E-05	-9.538545E-05	-1.600137E-04	-1.044098E-04	-6.786688E-05	-5.928342E-05	-2.972104E-05	-2.297108E-05	-1.154630E-05	-6.659689E-06	-2.601678E-06	-5.957455E-07	 8.298996E-07	 1.039448E-06	 1.138144E-06
0.78899	 0.000000E+00	 8.490376E-05	-9.221844E-05	-1.617252E-04	-1.046329E-04	-6.900688E-05	-6.042635E-05	-3.035559E-05	-2.368936E-05	-1.197196E-05	-7.016075E-06	-2.815033E-06	-7.327635E-07	 7.738838E-07	 1.049693E-06	 1.147217E-06
0.79215	 0.000000E+00	 8.942075E-05	-8.889275E-05	-1.634148E-04	-1.047743E-04	-7.015557E-05	-6.156843E-05	-3.099390E-05	-2.441998E-05	-1.240453E-05	-7.383053E-06	-3.037080E-06	-8.785886E-07	 7.116463E-07	 1.055804E-06	 1.152287E-06
0.79530	 0.000000E+00	 9.401483E-05	-8.540503E-05	-1.650803E-04	-1.048293E-04	-7.131235E-05	-6.270799E-05	-3.163562E-05	-2.516277E-05	-1.284377E-05	-7.760622E-06	-3.267833E-06	-1.033369E-06	 6.430145E-07	 1.057527E-06	 1.152848E-06
0.79844	 0.000000E+00	 9.869685E-05	-8.175371E-05	-1.667184E-04	-1.047926E-04	-7.247611E-05	-6.384294E-05	-3.228014E-05	-2.591728E-05	-1.328930E-05	-8.148759E-06	-3.507312E-06	-1.197208E-06	 5.678213E-07	 1.054532E-06	 1.148598E-06
0.80156	 0.000000E+00	 1.034789E-04	-7.793981E-05	-1.683262E-04	-1.046605E-04	-7.364659E-05	-6.497231E-05	-3.292742E-05	-2.668375E-05	-1.374108E-05	-8.547747E-06	-3.755713E-06	-1.370351E-06	 4.859161E-07	 1.046349E-06	 1.139294E-06
0.80467	 0.000000E+00	 1.083555E-04	-7.396496E-05	-1.699039E-04	-1.044306E-04	-7.482446E-05	-6.609552E-05	-3.357783E-05	-2.746269E-05	-1.419931E-05	-8.958049E-06	-4.013303E-06	-1.553131E-06	 3.970850E-07	 1.032624E-06	 1.124402E-06
0.80777	 0.000000E+00	 1.133252E-04	-6.983542E-05	-1.714566E-04	-1.041013E-04	-7.601217E-05	-6.721203E-05	-3.423183E-05	-2.825441E-05	-1.466415E-05	-9.380132E-06	-4.280415E-06	-1.745731E-06	 3.009955E-07	 1.012765E-06	 1.104068E-06
0.81086	 0.000000E+00	 1.182743E-04	-6.554645E-05	-1.729995E-04	-1.036751E-04	-7.721670E-05	-6.832330E-05	-3.489244E-05	-2.906117E-05	-1.513674E-05	-9.814696E-06	-4.557615E-06	-1.949112E-06	 1.977248E-07	 9.858521E-07	 1.076707E-06
0.81394	 0.000000E+00	 1.230828E-04	-6.108801E-05	-1.745424E-04	-1.031526E-04	-7.844365E-05	-6.943050E-05	-3.556252E-05	-2.988511E-05	-1.561820E-05	-1.026304E-05	-4.845603E-06	-2.163628E-06	 8.668315E-08	 9.523575E-07	 1.041793E-06
0.81701	 0.000000E+00	 1.278733E-04	-5.647020E-05	-1.760722E-04	-1.025252E-04	-7.968922E-05	-7.053027E-05	-3.623983E-05	-3.072469E-05	-1.610771E-05	-1.072560E-05	-5.144511E-06	-2.388955E-06	-3.263011E-08	 9.123323E-07	 9.997144E-07
0.82006	 0.000000E+00	 1.327685E-04	-5.169855E-05	-1.775723E-04	-1.017821E-04	-8.094784E-05	-7.161822E-05	-3.692190E-05	-3.157839E-05	-1.660423E-05	-1.120215E-05	-5.454323E-06	-2.625413E-06	-1.600273E-07	 8.643313E-07	 9.497064E-07
0.82310	 0.000000E+00	 1.377207E-04	-4.676225E-05	-1.790405E-04	-1.009182E-04	-8.222027E-05	-7.269290E-05	-3.760992E-05	-3.244726E-05	-1.710807E-05	-1.169325E-05	-5.775469E-06	-2.873607E-06	-2.956279E-07	 8.073511E-07	 8.909325E-07
0.82614	 0.000000E+00	 1.426840E-04	-4.165462E-05	-1.804779E-04	-9.992887E-05	-8.350844E-05	-7.375308E-05	-3.830520E-05	-3.333217E-05	-1.761964E-05	-1.219984E-05	-6.108393E-06	-3.133943E-06	-4.398295E-07	 7.412684E-07	 8.227319E-07
0.82916	 0.000000E+00	 1.477119E-04	-3.638249E-05	-1.818807E-04	-9.880673E-05	-8.481082E-05	-7.479565E-05	-3.900668E-05	-3.423220E-05	-1.813845E-05	-1.272245E-05	-6.453291E-06	-3.406482E-06	-5.929991E-07	 6.657069E-07	 7.450854E-07
0.83217	 0.000000E+00	 1.528682E-04	-3.096187E-05	-1.832548E-04	-9.754889E-05	-8.613067E-05	-7.581958E-05	-3.971461E-05	-3.514701E-05	-1.866438E-05	-1.326171E-05	-6.810550E-06	-3.691249E-06	-7.556208E-07	 5.788461E-07	 6.592856E-07
0.83516	 0.000000E+00	 1.578654E-04	-2.537298E-05	-1.846420E-04	-9.616219E-05	-8.748535E-05	-7.682832E-05	-4.043699E-05	-3.608149E-05	-1.920049E-05	-1.381880E-05	-7.181143E-06	-3.990263E-06	-9.269051E-07	 4.778353E-07	 5.605863E-07
0.83815	 0.000000E+00	 1.624016E-04	-1.958672E-05	-1.860744E-04	-9.464802E-05	-8.888851E-05	-7.782357E-05	-4.118074E-05	-3.703923E-05	-1.974936E-05	-1.439628E-05	-7.566429E-06	-4.304215E-06	-1.107966E-06	 3.649451E-07	 4.486496E-07
0.84113	 0.000000E+00	 1.667782E-04	-1.362865E-05	-1.875190E-04	-9.298964E-05	-9.032924E-05	-7.879794E-05	-4.193962E-05	-3.801508E-05	-2.030820E-05	-1.499459E-05	-7.966244E-06	-4.631673E-06	-1.299839E-06	 2.414964E-07	 3.267128E-07
0.84410	 0.000000E+00	 1.712989E-04	-7.516758E-06	-1.889365E-04	-9.116719E-05	-9.179318E-05	-7.974183E-05	-4.270685E-05	-3.900419E-05	-2.087392E-05	-1.561238E-05	-8.379739E-06	-4.972362E-06	-1.501728E-06	 1.033996E-07	 1.937680E-07
0.84705	 0.000000E+00	 1.757636E-04	-1.218499E-06	-1.903396E-04	-8.917360E-05	-9.328626E-05	-8.065257E-05	-4.348700E-05	-4.000889E-05	-2.144808E-05	-1.625034E-05	-8.807426E-06	-5.327449E-06	-1.713200E-06	-5.238869E-08	 4.688164E-08
0.85000	 0.000000E+00	 1.799716E-04	 5.292807E-06	-1.917455E-04	-8.700365E-05	-9.481734E-05	-8.152878E-05	-4.428524E-05	-4.103121E-05	-2.203252E-05	-1.691055E-05	-9.250284E-06	-5.697756E-06	-1.935151E-06	-2.245205E-07	-1.144291E-07
0.85294	 0.000000E+00	 1.841277E-04	 1.200054E-05	-1.931296E-04	-8.464153E-05	-9.637863E-05	-8.236284E-05	-4.509711E-05	-4.206678E-05	-2.262504E-05	-1.759364E-05	-9.708136E-06	-6.082440E-06	-2.168522E-06	-4.122935E-07	-2.878287E-07
0.85586	 0.000000E+00	 1.884459E-04	 1.888423E-05	-1.944735E-04	-8.207340E-05	-9.796465E-05	-8.314737E-05	-4.591894E-05	-4.311168E-05	-2.322365E-05	-1.829923E-05	-1.018039E-05	-6.480774E-06	-2.413504E-06	-6.194895E-07	-4.725342E-07
0.85878	 0.000000E+00	 1.925886E-04	 2.597910E-05	-1.958232E-04	-7.929945E-05	-9.959466E-05	-8.388287E-05	-4.676084E-05	-4.417065E-05	-2.383259E-05	-1.902893E-05	-1.066815E-05	-6.894641E-06	-2.668959E-06	-8.508137E-07	-6.743380E-07
0.86168	 0.000000E+00	 1.962054E-04	 3.332365E-05	-1.972194E-04	-7.631629E-05	-1.012861E-04	-8.456904E-05	-4.763217E-05	-4.524686E-05	-2.445563E-05	-1.978598E-05	-1.117323E-05	-7.325597E-06	-2.936278E-06	-1.103436E-06	-8.934154E-07
0.86458	 0.000000E+00	 1.996472E-04	 4.088862E-05	-1.986164E-04	-7.310072E-05	-1.030238E-04	-8.519345E-05	-4.852403E-05	-4.633155E-05	-2.508829E-05	-2.057021E-05	-1.169454E-05	-7.771608E-06	-3.217067E-06	-1.375108E-06	-1.124422E-06
0.86747	 0.000000E+00	 2.032711E-04	 4.864893E-05	-1.999668E-04	-6.962769E-05	-1.047901E-04	-8.574126E-05	-4.942701E-05	-4.741617E-05	-2.572594E-05	-2.137925E-05	-1.222976E-05	-8.230589E-06	-3.510706E-06	-1.671023E-06	-1.367325E-06
0.87034	 0.000000E+00	 2.067426E-04	 5.664926E-05	-2.013084E-04	-6.588896E-05	-1.066001E-04	-8.620854E-05	-5.035029E-05	-4.850352E-05	-2.637267E-05	-2.221423E-05	-1.277953E-05	-8.703815E-06	-3.816154E-06	-1.995846E-06	-1.627069E-06
0.87321	 0.000000E+00	 2.097205E-04	 6.493097E-05	-2.026801E-04	-6.187623E-05	-1.084710E-04	-8.659234E-05	-5.130340E-05	-4.959532E-05	-2.703264E-05	-2.307781E-05	-1.334530E-05	-9.193072E-06	-4.134835E-06	-2.347147E-06	-1.903799E-06
0.87607	 0.000000E+00	 2.125453E-04	 7.346597E-05	-2.040312E-04	-5.756362E-05	-1.103856E-04	-8.687701E-05	-5.227617E-05	-5.068059E-05	-2.770072E-05	-2.396872E-05	-1.392494E-05	-9.695945E-06	-4.468685E-06	-2.722540E-06	-2.191535E-06
0.87892	 0.000000E+00	 2.155645E-04	 8.222715E-05	-2.053125E-04	-5.292481E-05	-1.123250E-04	-8.704448E-05	-5.325762E-05	-5.174804E-05	-2.837155E-05	-2.488342E-05	-1.451475E-05	-1.020918E-05	-4.817246E-06	-3.125931E-06	-2.489326E-06
0.88176	 0.000000E+00	 2.184137E-04	 9.125835E-05	-2.065727E-04	-4.795059E-05	-1.143072E-04	-8.708867E-05	-5.425750E-05	-5.279863E-05	-2.905000E-05	-2.582202E-05	-1.511482E-05	-1.073371E-05	-5.179111E-06	-3.560719E-06	-2.801983E-06
0.88459	 0.000000E+00	 2.207207E-04	 1.006013E-04	-2.078588E-04	-4.263146E-05	-1.163514E-04	-8.700509E-05	-5.528640E-05	-5.383299E-05	-2.974150E-05	-2.678630E-05	-1.572649E-05	-1.127169E-05	-5.555906E-06	-4.024900E-06	-3.129443E-06
0.88741	 0.000000E+00	 2.228548E-04	 1.102229E-04	-2.091104E-04	-3.694060E-05	-1.184361E-04	-8.677524E-05	-5.633172E-05	-5.483760E-05	-3.044043E-05	-2.777359E-05	-1.634651E-05	-1.182044E-05	-5.950486E-06	-4.515957E-06	-3.464691E-06
0.89022	 0.000000E+00	 2.251959E-04	 1.200901E-04	-2.102755E-04	-3.085412E-05	-1.205395E-04	-8.637890E-05	-5.737970E-05	-5.579769E-05	-3.114072E-05	-2.877845E-05	-1.696970E-05	-1.237590E-05	-6.362759E-06	-5.035150E-06	-3.805734E-06
0.89303	 0.000000E+00	 2.272134E-04	 1.302638E-04	-2.114424E-04	-2.436901E-05	-1.226924E-04	-8.581239E-05	-5.844522E-05	-5.671503E-05	-3.185088E-05	-2.979965E-05	-1.759712E-05	-1.294050E-05	-6.789807E-06	-5.583366E-06	-4.159434E-06
0.89582	 0.000000E+00	 2.283619E-04	 1.408105E-04	-2.126891E-04	-1.747675E-05	-1.249241E-04	-8.507295E-05	-5.954400E-05	-5.759170E-05	-3.258003E-05	-3.083784E-05	-1.823133E-05	-1.351754E-05	-7.232936E-06	-6.159675E-06	-4.526694E-06
0.89861	 0.000000E+00	 2.291670E-04	 1.517077E-04	-2.139112E-04	-1.013920E-05	-1.271919E-04	-8.413470E-05	-6.065369E-05	-5.840783E-05	-3.331913E-05	-3.188710E-05	-1.886723E-05	-1.410296E-05	-7.696404E-06	-6.761200E-06	-4.898654E-06
0.90139	 0.000000E+00	 2.301550E-04	 1.629572E-04	-2.149996E-04	-2.312951E-06	-1.294372E-04	-8.296681E-05	-6.174621E-05	-5.914085E-05	-3.405788E-05	-3.293817E-05	-1.949950E-05	-1.469332E-05	-8.178952E-06	-7.385776E-06	-5.276486E-06
0.90416	 0.000000E+00	 2.307515E-04	 1.746581E-04	-2.160409E-04	 6.020197E-06	-1.316755E-04	-8.156156E-05	-6.283311E-05	-5.979111E-05	-3.480535E-05	-3.398782E-05	-2.013267E-05	-1.529423E-05	-8.675094E-06	-8.030977E-06	-5.671140E-06
0.90692	 0.000000E+00	 2.303882E-04	 1.868636E-04	-2.171389E-04	 1.487025E-05	-1.339433E-04	-7.991590E-05	-6.393178E-05	-6.036094E-05	-3.557076E-05	-3.503424E-05	-2.076978E-05	-1.590656E-05	-9.184121E-06	-8.700177E-06	-6.084253E-06
0.90967	 0.000000E+00	 2.296355E-04	 1.994950E-04	-2.182083E-04	 2.426149E-05	-1.362053E-04	-7.800432E-05	-6.501560E-05	-6.082607E-05	-3.633952E-05	-3.606689E-05	-2.140165E-05	-1.652060E-05	-9.709633E-06	-9.392148E-06	-6.504157E-06
0.91241	 0.000000E+00	 2.290889E-04	 2.124799E-04	-2.191903E-04	 3.420338E-05	-1.384326E-04	-7.581097E-05	-6.606079E-05	-6.116333E-05	-3.709831E-05	-3.707524E-05	-2.202263E-05	-1.713236E-05	-1.024950E-05	-1.009546E-05	-6.927917E-06
0.91515	 0.000000E+00	 2.275575E-04	 2.259378E-04	-2.203645E-04	 4.467402E-05	-1.407275E-04	-7.336239E-05	-6.711670E-05	-6.139392E-05	-3.787420E-05	-3.806110E-05	-2.265227E-05	-1.776078E-05	-1.078868E-05	-1.080014E-05	-7.376768E-06
0.91788	 0.000000E+00	 2.238065E-04	 2.399942E-04	-2.219753E-04	 5.567237E-05	-1.431867E-04	-7.067875E-05	-6.822990E-05	-6.153835E-05	-3.869333E-05	-3.902628E-05	-2.330318E-05	-1.840586E-05	-1.132976E-05	-1.152432E-05	-7.855267E-06
0.92060	 0.000000E+00	 2.190256E-04	 2.545545E-04	-2.237499E-04	 6.725467E-05	-1.457120E-04	-6.771449E-05	-6.934061E-05	-6.155663E-05	-3.952512E-05	-3.994973E-05	-2.395167E-05	-1.904378E-05	-1.188632E-05	-1.226966E-05	-8.338454E-06
0.92331	 0.000000E+00	 2.143549E-04	 2.695831E-04	-2.253362E-04	 7.951722E-05	-1.481270E-04	-6.438780E-05	-7.035540E-05	-6.139412E-05	-4.032290E-05	-4.079778E-05	-2.457495E-05	-1.966349E-05	-1.243934E-05	-1.301461E-05	-8.824622E-06
0.92601	 0.000000E+00	 2.099571E-04	 2.851303E-04	-2.265684E-04	 9.253983E-05	-1.503212E-04	-6.064146E-05	-7.121929E-05	-6.101494E-05	-4.105567E-05	-4.154683E-05	-2.515902E-05	-2.024948E-05	-1.297440E-05	-1.375333E-05	-9.312651E-06
0.92871	 0.000000E+00	 2.060657E-04	 3.011980E-04	-2.273504E-04	 1.063636E-04	-1.522484E-04	-5.644322E-05	-7.190120E-05	-6.039193E-05	-4.170057E-05	-4.217846E-05	-2.569207E-05	-2.079184E-05	-1.347986E-05	-1.447190E-05	-9.797332E-06
0.93140	 0.000000E+00	 2.024380E-04	 3.178396E-04	-2.277029E-04	 1.210386E-04	-1.539183E-04	-5.176487E-05	-7.239813E-05	-5.951012E-05	-4.225024E-05	-4.268135E-05	-2.617168E-05	-2.128657E-05	-1.394297E-05	-1.516383E-05	-1.028016E-05
0.93408	 0.000000E+00	 1.988241E-04	 3.351542E-04	-2.276131E-04	 1.366701E-04	-1.553221E-04	-4.654830E-05	-7.270282E-05	-5.834831E-05	-4.269895E-05	-4.304608E-05	-2.659501E-05	-2.172434E-05	-1.435842E-05	-1.583662E-05	-1.076282E-05
0.93675	 0.000000E+00	 1.957947E-04	 3.531813E-04	-2.268602E-04	 1.534141E-04	-1.563591E-04	-4.068656E-05	-7.276204E-05	-5.685054E-05	-4.301509E-05	-4.325607E-05	-2.693920E-05	-2.208215E-05	-1.473641E-05	-1.649224E-05	-1.123451E-05
0.93941	 0.000000E+00	 1.939519E-04	 3.718943E-04	-2.252597E-04	 1.713982E-04	-1.569563E-04	-3.407255E-05	-7.252802E-05	-5.495624E-05	-4.316405E-05	-4.328736E-05	-2.718981E-05	-2.235251E-05	-1.505775E-05	-1.711239E-05	-1.169269E-05
0.94207	 0.000000E+00	 1.927660E-04	 3.912633E-04	-2.229493E-04	 1.906658E-04	-1.571983E-04	-2.665738E-05	-7.202469E-05	-5.264387E-05	-4.314652E-05	-4.312341E-05	-2.734991E-05	-2.253516E-05	-1.529636E-05	-1.768601E-05	-1.213882E-05
0.94472	 0.000000E+00	 1.917014E-04	 4.112054E-04	-2.200861E-04	 2.112152E-04	-1.572024E-04	-1.842090E-05	-7.128854E-05	-4.990189E-05	-4.297173E-05	-4.275088E-05	-2.740784E-05	-2.260980E-05	-1.545884E-05	-1.821643E-05	-1.255552E-05
0.94736	 0.000000E+00	 1.909972E-04	 4.316211E-04	-2.165921E-04	 2.331030E-04	-1.569813E-04	-9.290530E-06	-7.030392E-05	-4.668479E-05	-4.262361E-05	-4.214248E-05	-2.733426E-05	-2.255146E-05	-1.555225E-05	-1.869551E-05	-1.292173E-05
0.95000	 0.000000E+00	 1.908892E-04	 4.524988E-04	-2.123212E-04	 2.565106E-04	-1.565062E-04	 9.001222E-07	-6.904067E-05	-4.291275E-05	-4.207778E-05	-4.125936E-05	-2.711112E-05	-2.234520E-05	-1.555993E-05	-1.910990E-05	-1.322606E-05
0.95263	 0.000000E+00	 1.911729E-04	 4.738688E-04	-2.072001E-04	 2.816734E-04	-1.557857E-04	 1.236727E-05	-6.749211E-05	-3.849686E-05	-4.132616E-05	-4.005692E-05	-2.673186E-05	-2.197660E-05	-1.545685E-05	-1.944963E-05	-1.346032E-05
0.95525	 0.000000E+00	 1.915506E-04	 4.956277E-04	-2.011228E-04	 3.087208E-04	-1.547933E-04	 2.529052E-05	-6.562691E-05	-3.335919E-05	-4.034920E-05	-3.847310E-05	-2.617246E-05	-2.139964E-05	-1.521062E-05	-1.971154E-05	-1.360257E-05
0.95786	 0.000000E+00	 1.931975E-04	 5.172997E-04	-1.935744E-04	 3.375866E-04	-1.533408E-04	 3.979754E-05	-6.332624E-05	-2.739457E-05	-3.907815E-05	-3.643892E-05	-2.530994E-05	-2.052556E-05	-1.486272E-05	-1.985252E-05	-1.359086E-05
0.96047	 0.000000E+00	 1.973692E-04	 5.382224E-04	-1.841281E-04	 3.680727E-04	-1.513310E-04	 5.598736E-05	-6.052228E-05	-2.050970E-05	-3.745223E-05	-3.388757E-05	-2.412589E-05	-1.933702E-05	-1.433428E-05	-1.982851E-05	-1.338127E-05
0.96307	 0.000000E+00	 2.027133E-04	 5.578557E-04	-1.732032E-04	 3.999333E-04	-1.490443E-04	 7.388064E-05	-5.736480E-05	-1.270399E-05	-3.553169E-05	-3.080744E-05	-2.271764E-05	-1.787027E-05	-1.355544E-05	-1.964439E-05	-1.296517E-05
0.96566	 0.000000E+00	 2.078974E-04	 5.755246E-04	-1.613260E-04	 4.327875E-04	-1.468800E-04	 9.339247E-05	-5.408422E-05	-4.020028E-06	-3.344649E-05	-2.724073E-05	-2.111602E-05	-1.612700E-05	-1.263914E-05	-1.930871E-05	-1.232156E-05
0.96825	 0.000000E+00	 2.121079E-04	 5.903508E-04	-1.488971E-04	 4.660763E-04	-1.452187E-04	 1.143688E-04	-5.090738E-05	 5.459210E-06	-3.131719E-05	-2.322387E-05	-1.945070E-05	-1.413811E-05	-1.158746E-05	-1.885185E-05	-1.144190E-05
0.97082	 0.000000E+00	 2.143901E-04	 6.012114E-04	-1.362310E-04	 4.990623E-04	-1.444303E-04	 1.365970E-04	-4.808806E-05	 1.560683E-05	-2.930649E-05	-1.882610E-05	-1.779813E-05	-1.193174E-05	-1.050972E-05	-1.828896E-05	-1.033709E-05
0.97340	 0.000000E+00	 2.151104E-04	 6.065615E-04	-1.231112E-04	 5.307639E-04	-1.447339E-04	 1.598564E-04	-4.584505E-05	 2.630918E-05	-2.755880E-05	-1.412693E-05	-1.621919E-05	-9.540623E-06	-9.537065E-06	-1.761813E-05	-9.025524E-06
0.97596	 0.000000E+00	 2.144856E-04	 6.044405E-04	-1.092692E-04	 5.599033E-04	-1.463001E-04	 1.838789E-04	-4.444034E-05	 3.743578E-05	-2.621686E-05	-9.233425E-06	-1.489398E-05	-7.045488E-06	-8.746674E-06	-1.685955E-05	-7.554479E-06
0.97852	 0.000000E+00	 2.126837E-04	 5.920423E-04	-9.451579E-05	 5.844390E-04	-1.493884E-04	 2.079853E-04	-4.428511E-05	 4.868489E-05	-2.555562E-05	-4.397922E-06	-1.400567E-05	-4.624493E-06	-8.373234E-06	-1.604604E-05	-6.080562E-06
0.98107	 0.000000E+00	 2.097579E-04	 5.650814E-04	-7.914810E-05	 6.008282E-04	-1.546999E-04	 2.304690E-04	-4.618890E-05	 5.922392E-05	-2.609277E-05	-2.418668E-07	-1.405574E-05	-2.700515E-06	-8.746793E-06	-1.538743E-05	-4.893402E-06
0.98362	 0.000000E+00	 2.037216E-04	 5.170343E-04	-6.483626E-05	 6.034294E-04	-1.639313E-04	 2.481086E-04	-5.175696E-05	 6.728672E-05	-2.892019E-05	 1.963035E-06	-1.600936E-05	-2.132031E-06	-1.050821E-05	-1.541078E-05	-4.570780E-06
0.98615	 0.000000E+00	 1.922112E-04	 4.372097E-04	-5.415013E-05	 5.830969E-04	-1.799188E-04	 2.554878E-04	-6.361743E-05	 6.970555E-05	-3.609122E-05	-5.258923E-08	-2.129741E-05	-4.479177E-06	-1.486970E-05	-1.708883E-05	-6.204786E-06
0.98869	 0.000000E+00	 1.727481E-04	 3.064832E-04	-5.117463E-05	 5.237005E-04	-2.073246E-04	 2.427507E-04	-8.627980E-05	 6.048181E-05	-5.127236E-05	-1.066835E-05	-3.269822E-05	-1.264320E-05	-2.389803E-05	-2.243098E-05	-1.161667E-05
0.99121	 0.000000E+00	 1.408602E-04	 8.841477E-05	-6.358445E-05	 3.952898E-04	-2.541581E-04	 1.907242E-04	-1.282215E-04	 2.750428E-05	-8.162382E-05	-3.860196E-05	-5.553625E-05	-3.255901E-05	-4.154069E-05	-3.557904E-05	-2.421438E-05
0.99373	 0.000000E+00	 8.854645E-05	-2.844858E-04	-1.044313E-04	 1.433349E-04	-3.331306E-04	 6.267458E-05	-2.055526E-04	-5.339553E-05	-1.409693E-04	-1.004262E-04	-9.971134E-05	-7.638872E-05	-7.513461E-05	-6.482304E-05	-5.043546E-05
0.99624	 0.000000E+00	 7.511617E-07	-8.919412E-04	-1.868310E-04	-2.992182E-04	-4.561457E-04	-1.901274E-04	-3.388053E-04	-2.169723E-04	-2.476923E-04	-2.176411E-04	-1.787794E-04	-1.623881E-04	-1.339466E-04	-1.231059E-04	-9.902473E-05
0.99875	 0.000000E+00	-1.173561E-04	-1.642896E-03	-3.052406E-04	-8.608929E-04	-6.120514E-04	-5.242400E-04	-5.098820E-04	-4.358916E-04	-3.852872E-04	-3.703922E-04	-2.799931E-04	-2.755724E-04	-2.079747E-04	-1.998796E-04	-1.608660E-04
