r	   0/   0	   1/   0	   2/   0	   3/   0	   4/   0	   5/   0	   6/   0	   7/   0	   8/   0	   9/   0	  10/   0	  11/   0	  12/   0	  13/   0	  14/   0	  15/   0
0.05000	-2.441916E+00	 9.697795E-02	 7.584604E-04	-3.286068E-05	-7.344618E-06	-1.090048E-05	 1.353492E-06	 2.547317E-06	-3.385155E-07	-3.865534E-07	 8.226404E-08	-2.522056E-08	 2.072633E-08	 1.177530E-08	-7.710617E-10	-1.947602E-09
0.08660	-2.446151E+00	 1.407630E-01	 1.207215E-03	 1.495399E-04	-2.396485E-06	-4.564154E-05	 2.887514E-06	 5.048385E-06	-1.045937E-06	-7.056071E-07	-1.678247E-07	-4.235927E-09	 2.663104E-08	 1.881079E-08	 3.458088E-09	-1.898916E-09
0.11180	-2.449680E+00	 1.730198E-01	 1.743523E-03	 3.483123E-04	 7.335238E-06	-5.938752E-05	 2.550297E-06	 5.569581E-06	-6.361175E-07	-1.242022E-06	-1.863993E-07	 5.044665E-08	 1.738862E-08	 2.678234E-08	 1.112341E-08	-3.344574E-08
0.13229	-2.453697E+00	 2.000127E-01	 2.338737E-03	 4.660744E-04	 2.230827E-05	-5.361748E-05	 3.588206E-06	 6.184621E-06	-8.075482E-07	-1.726867E-06	-9.672034E-08	 9.123716E-08	 3.703660E-08	 2.987070E-08	 1.795983E-08	-6.696495E-08
0.15000	-2.458175E+00	 2.237404E-01	 3.017632E-03	 5.549156E-04	 3.781097E-05	-4.104465E-05	 5.725928E-06	 6.251606E-06	-8.547330E-07	-1.909618E-06	-4.879709E-08	 1.559280E-07	 4.961378E-08	 1.729836E-08	 3.497000E-08	-1.030028E-07
0.16583	-2.462845E+00	 2.451924E-01	 3.745937E-03	 6.309280E-04	 6.061376E-05	-2.482825E-05	 6.405932E-06	 5.683258E-06	-3.908271E-07	-1.917826E-06	-4.680408E-08	 2.207899E-07	 4.114502E-08	 3.571350E-10	 5.402774E-08	-1.291566E-07
0.18028	-2.467535E+00	 2.649385E-01	 4.485820E-03	 7.060972E-04	 9.009518E-05	-7.418204E-06	 6.337362E-06	 4.781156E-06	 1.961359E-07	-1.791170E-06	-3.964356E-08	 2.574327E-07	 2.135390E-08	-1.418743E-08	 6.904712E-08	-1.397919E-07
0.19365	-2.472179E+00	 2.833395E-01	 5.197298E-03	 7.870099E-04	 1.252421E-04	 9.726065E-06	 6.140560E-06	 3.824661E-06	 7.280930E-07	-1.572476E-06	-3.069583E-08	 2.631258E-07	 2.738076E-09	-2.454652E-08	 7.893155E-08	-1.383644E-07
0.20616	-2.476681E+00	 3.006496E-01	 5.844167E-03	 8.758455E-04	 1.653430E-04	 2.599284E-05	 6.167455E-06	 2.988249E-06	 1.148663E-06	-1.301354E-06	-2.180262E-08	 2.449462E-07	-1.049941E-08	-3.039583E-08	 8.519395E-08	-1.310130E-07
0.21794	-2.480976E+00	 3.170523E-01	 6.400644E-03	 9.725197E-04	 2.097694E-04	 4.117200E-05	 6.602072E-06	 2.410019E-06	 1.438889E-06	-1.025363E-06	-1.135200E-08	 2.131536E-07	-1.802224E-08	-3.260586E-08	 9.015003E-08	-1.239833E-07
0.22913	-2.485048E+00	 3.326838E-01	 6.857256E-03	 1.076188E-03	 2.578101E-04	 5.533356E-05	 7.568700E-06	 2.165098E-06	 1.591796E-06	-7.807162E-07	 3.306518E-09	 1.766115E-07	-2.077735E-08	-3.254290E-08	 9.589852E-08	-1.216484E-07
0.23979	-2.488906E+00	 3.476478E-01	 7.221851E-03	 1.186183E-03	 3.087600E-04	 6.873148E-05	 9.146651E-06	 2.271271E-06	 1.611677E-06	-5.891460E-07	 2.315397E-08	 1.412479E-07	-2.046499E-08	-3.178312E-08	 1.041656E-07	-1.264690E-07
0.25000	-2.492622E+00	 3.620197E-01	 7.515643E-03	 1.302186E-03	 3.620125E-04	 8.178400E-05	 1.139060E-05	 2.683578E-06	 1.517514E-06	-4.507913E-07	 4.835223E-08	 1.097192E-07	-1.870798E-08	-3.135103E-08	 1.157799E-07	-1.386987E-07
0.25981	-2.496251E+00	 3.758622E-01	 7.763477E-03	 1.423885E-03	 4.172155E-04	 9.500911E-05	 1.428505E-05	 3.311300E-06	 1.360643E-06	-3.482695E-07	 7.453727E-08	 8.288502E-08	-1.570085E-08	-3.169799E-08	 1.301568E-07	-1.561026E-07
0.26926	-2.499823E+00	 3.892299E-01	 7.986126E-03	 1.550814E-03	 4.742438E-04	 1.088559E-04	 1.775217E-05	 4.082882E-06	 1.199915E-06	-2.678562E-07	 9.535734E-08	 6.106521E-08	-1.151421E-08	-3.333365E-08	 1.467729E-07	-1.766337E-07
0.27839	-2.503374E+00	 4.021666E-01	 8.197888E-03	 1.682312E-03	 5.330820E-04	 1.236799E-04	 2.172291E-05	 4.946489E-06	 1.077202E-06	-1.972669E-07	 1.080920E-07	 4.349739E-08	-6.583259E-09	-3.628645E-08	 1.652959E-07	-1.988230E-07
0.28723	-2.506913E+00	 4.147126E-01	 8.404424E-03	 1.817612E-03	 5.938140E-04	 1.397307E-04	 2.613008E-05	 5.862173E-06	 1.025036E-06	-1.242016E-07	 1.112054E-07	 2.910427E-08	-6.769503E-10	-4.016327E-08	 1.848814E-07	-2.209011E-07
0.29580	-2.510424E+00	 4.269055E-01	 8.603350E-03	 1.955957E-03	 6.565588E-04	 1.571012E-04	 3.090312E-05	 6.822468E-06	 1.061087E-06	-4.584008E-08	 1.039979E-07	 1.773004E-08	 6.420898E-09	-4.496337E-08	 2.049814E-07	-2.418820E-07
0.30414	-2.513891E+00	 4.387773E-01	 8.789354E-03	 2.096732E-03	 7.213873E-04	 1.757734E-04	 3.600594E-05	 7.845682E-06	 1.178574E-06	 3.331450E-08	 8.952024E-08	 9.504912E-09	 1.396090E-08	-5.095991E-08	 2.259131E-07	-2.620755E-07
0.31225	-2.517313E+00	 4.503541E-01	 8.958010E-03	 2.239499E-03	 7.883132E-04	 1.957030E-04	 4.144260E-05	 8.949881E-06	 1.357876E-06	 1.106751E-07	 7.315177E-08	 3.927318E-09	 2.094739E-08	-5.809969E-08	 2.481218E-07	-2.820338E-07
0.32016	-2.520682E+00	 4.616590E-01	 9.106091E-03	 2.383957E-03	 8.573160E-04	 2.168430E-04	 4.722500E-05	 1.014720E-05	 1.583418E-06	 1.858750E-07	 5.824697E-08	 3.902109E-10	 2.716306E-08	-6.615378E-08	 2.715240E-07	-3.018123E-07
0.32787	-2.523994E+00	 4.727133E-01	 9.232357E-03	 2.529996E-03	 9.283300E-04	 2.391359E-04	 5.336692E-05	 1.145697E-05	 1.842932E-06	 2.551727E-07	 4.618667E-08	-9.288015E-10	 3.263118E-08	-7.533713E-08	 2.961865E-07	-3.216498E-07
0.33541	-2.527255E+00	 4.835333E-01	 9.339336E-03	 2.677653E-03	 1.001241E-03	 2.625535E-04	 5.990419E-05	 1.290089E-05	 2.123602E-06	 3.149168E-07	 3.869271E-08	 8.449129E-11	 3.703235E-08	-8.596975E-08	 3.226415E-07	-3.422075E-07
0.34278	-2.530480E+00	 4.941322E-01	 9.432664E-03	 2.827144E-03	 1.075926E-03	 2.871187E-04	 6.688597E-05	 1.449166E-05	 2.419807E-06	 3.662467E-07	 3.629346E-08	 2.747525E-09	 4.045367E-08	-9.794870E-08	 3.510701E-07	-3.637461E-07
0.35000	-2.533685E+00	 5.045222E-01	 9.518834E-03	 2.978987E-03	 1.152280E-03	 3.128701E-04	 7.435538E-05	 1.623900E-05	 2.735529E-06	 4.118742E-07	 3.725813E-08	 6.366753E-09	 4.359125E-08	-1.110919E-07	 3.812472E-07	-3.860895E-07
0.35707	-2.536881E+00	 5.147143E-01	 9.603980E-03	 3.133970E-03	 1.230212E-03	 3.398417E-04	 8.235111E-05	 1.815484E-05	 3.077962E-06	 4.540758E-07	 3.949756E-08	 1.049867E-08	 4.707868E-08	-1.253446E-07	 4.130671E-07	-4.091036E-07
0.36401	-2.540081E+00	 5.247181E-01	 9.693255E-03	 3.292978E-03	 1.309654E-03	 3.680674E-04	 9.091022E-05	 2.024991E-05	 3.454399E-06	 4.961236E-07	 4.170601E-08	 1.453910E-08	 5.128781E-08	-1.405753E-07	 4.465268E-07	-4.326646E-07
0.37081	-2.543294E+00	 5.345432E-01	 9.789957E-03	 3.456696E-03	 1.390570E-03	 3.975795E-04	 1.000621E-04	 2.253243E-05	 3.871932E-06	 5.420778E-07	 4.314746E-08	 1.774685E-08	 5.643392E-08	-1.565739E-07	 4.816944E-07	-4.566943E-07
0.37749	-2.546523E+00	 5.441985E-01	 9.895149E-03	 3.625408E-03	 1.472953E-03	 4.284029E-04	 1.098240E-04	 2.500873E-05	 4.336901E-06	 5.956068E-07	 4.333695E-08	 1.938620E-08	 6.263331E-08	-1.731600E-07	 5.187528E-07	-4.812631E-07
0.38406	-2.549767E+00	 5.536931E-01	 1.000783E-02	 3.799077E-03	 1.556822E-03	 4.605452E-04	 1.202007E-04	 2.768374E-05	 4.854821E-06	 6.593158E-07	 4.174852E-08	 1.889663E-08	 6.999615E-08	-1.901951E-07	 5.578042E-07	-5.063721E-07
0.39051	-2.553021E+00	 5.630358E-01	 1.012540E-02	 3.977582E-03	 1.642209E-03	 4.939836E-04	 1.311850E-04	 3.056312E-05	 5.430020E-06	 7.339274E-07	 3.773002E-08	 1.612004E-08	 7.862236E-08	-2.076725E-07	 5.988894E-07	-5.319621E-07
0.39686	-2.556279E+00	 5.722349E-01	 1.024447E-02	 4.160939E-03	 1.729132E-03	 5.286579E-04	 1.427636E-04	 3.365505E-05	 6.065434E-06	 8.181618E-07	 3.049088E-08	 1.123060E-08	 8.859253E-08	-2.257535E-07	 6.420651E-07	-5.580175E-07
0.40311	-2.559535E+00	 5.812979E-01	 1.036205E-02	 4.349598E-03	 1.817589E-03	 5.644744E-04	 1.549243E-04	 3.697232E-05	 6.762834E-06	 9.089979E-07	 1.911722E-08	 4.675851E-09	 9.991798E-08	-2.447319E-07	 6.873572E-07	-5.844559E-07
0.40927	-2.562788E+00	 5.902311E-01	 1.047649E-02	 4.544542E-03	 1.907539E-03	 6.013208E-04	 1.676665E-04	 4.053303E-05	 7.522597E-06	 1.002719E-06	 3.118409E-09	-3.051120E-09	 1.123775E-07	-2.649998E-07	 7.349477E-07	-6.112755E-07
0.41533	-2.566039E+00	 5.990396E-01	 1.058771E-02	 4.747160E-03	 1.998906E-03	 6.390869E-04	 1.810042E-04	 4.435741E-05	 8.344945E-06	 1.096835E-06	-1.760744E-08	-1.186879E-08	 1.256100E-07	-2.868008E-07	 7.850525E-07	-6.385081E-07
0.42131	-2.569292E+00	 6.077278E-01	 1.069668E-02	 4.959017E-03	 2.091582E-03	 6.776761E-04	 1.949622E-04	 4.846619E-05	 9.230965E-06	 1.190239E-06	-4.318860E-08	-2.208261E-08	 1.392525E-07	-3.102483E-07	 8.378526E-07	-6.662188E-07
0.42720	-2.572549E+00	 6.162998E-01	 1.080518E-02	 5.181587E-03	 2.185429E-03	 7.170144E-04	 2.095735E-04	 5.288086E-05	 1.018303E-05	 1.282668E-06	-7.395046E-08	-3.423514E-08	 1.529802E-07	-3.354489E-07	 8.935612E-07	-6.945255E-07
0.43301	-2.575818E+00	 6.247588E-01	 1.091577E-02	 5.416279E-03	 2.280304E-03	 7.570565E-04	 2.248794E-04	 5.762385E-05	 1.120537E-05	 1.374603E-06	-1.104737E-07	-4.899580E-08	 1.665058E-07	-3.624897E-07	 9.522870E-07	-7.234152E-07
0.43875	-2.579105E+00	 6.331078E-01	 1.103166E-02	 5.664420E-03	 2.376064E-03	 7.977850E-04	 2.409276E-04	 6.271877E-05	 1.230415E-05	 1.467303E-06	-1.533956E-07	-6.709921E-08	 1.795351E-07	-3.914861E-07	 1.014155E-06	-7.528824E-07
0.44441	-2.582417E+00	 6.413493E-01	 1.115644E-02	 5.927213E-03	 2.472575E-03	 8.392088E-04	 2.577693E-04	 6.819025E-05	 1.348774E-05	 1.562838E-06	-2.034907E-07	-8.939267E-08	 1.917833E-07	-4.225598E-07	 1.079242E-06	-7.828467E-07
0.45000	-2.585763E+00	 6.494855E-01	 1.129379E-02	 6.205732E-03	 2.569725E-03	 8.813605E-04	 2.754571E-04	 7.406335E-05	 1.476662E-05	 1.664246E-06	-2.615195E-07	-1.168490E-07	 2.029159E-07	-4.558285E-07	 1.147615E-06	-8.132095E-07
0.45552	-2.589150E+00	 6.575189E-01	 1.144714E-02	 6.500848E-03	 2.667426E-03	 9.242895E-04	 2.940401E-04	 8.036286E-05	 1.615322E-05	 1.775370E-06	-3.282880E-07	-1.505462E-07	 2.125760E-07	-4.914143E-07	 1.219364E-06	-8.439061E-07
0.46098	-2.592583E+00	 6.654515E-01	 1.161937E-02	 6.813235E-03	 2.765621E-03	 9.680542E-04	 3.135613E-04	 8.711311E-05	 1.766167E-05	 1.900597E-06	-4.046672E-07	-1.916510E-07	 2.203814E-07	-5.294730E-07	 1.294560E-06	-8.748804E-07
0.46637	-2.596066E+00	 6.732856E-01	 1.181266E-02	 7.143412E-03	 2.864278E-03	 1.012712E-03	 3.340548E-04	 9.433783E-05	 1.930784E-05	 2.044836E-06	-4.917151E-07	-2.414552E-07	 2.259523E-07	-5.701713E-07	 1.373262E-06	-9.061415E-07
0.47170	-2.599604E+00	 6.810235E-01	 1.202868E-02	 7.491966E-03	 2.963400E-03	 1.058307E-03	 3.555448E-04	 1.020615E-04	 2.110948E-05	 2.212932E-06	-5.908677E-07	-3.012469E-07	 2.288945E-07	-6.137218E-07	 1.455334E-06	-9.375091E-07
0.47697	-2.603198E+00	 6.886671E-01	 1.226869E-02	 7.859693E-03	 3.063024E-03	 1.104873E-03	 3.780480E-04	 1.103093E-04	 2.308496E-05	 2.409936E-06	-7.032030E-07	-3.723325E-07	 2.285357E-07	-6.604643E-07	 1.540676E-06	-9.687937E-07
0.48218	-2.606851E+00	 6.962187E-01	 1.253325E-02	 8.247323E-03	 3.163213E-03	 1.152441E-03	 4.015720E-04	 1.191034E-04	 2.525184E-05	 2.641687E-06	-8.290601E-07	-4.561778E-07	 2.238323E-07	-7.108362E-07	 1.629468E-06	-1.000075E-06
0.48734	-2.610562E+00	 7.036805E-01	 1.282185E-02	 8.655208E-03	 3.264040E-03	 1.201040E-03	 4.261117E-04	 1.284595E-04	 2.762653E-05	 2.914894E-06	-9.683885E-07	-5.545071E-07	 2.135666E-07	-7.652688E-07	 1.722025E-06	-1.031693E-06
0.49244	-2.614326E+00	 7.110552E-01	 1.313309E-02	 9.083358E-03	 3.365587E-03	 1.250702E-03	 4.516488E-04	 1.383884E-04	 3.022499E-05	 3.236041E-06	-1.121417E-06	-6.689777E-07	 1.965997E-07	-8.242549E-07	 1.818375E-06	-1.063815E-06
0.49749	-2.618141E+00	 7.183453E-01	 1.346546E-02	 9.531773E-03	 3.467955E-03	 1.301457E-03	 4.781600E-04	 1.489001E-04	 3.306292E-05	 3.611001E-06	-1.288297E-06	-8.009285E-07	 1.716835E-07	-8.885328E-07	 1.918390E-06	-1.096394E-06
0.50249	-2.622004E+00	 7.255529E-01	 1.381769E-02	 1.000050E-02	 3.571250E-03	 1.353341E-03	 5.056228E-04	 1.600048E-04	 3.615565E-05	 4.046226E-06	-1.468563E-06	-9.516519E-07	 1.373390E-07	-9.589544E-07	 2.022003E-06	-1.129479E-06
0.50744	-2.625911E+00	 7.326800E-01	 1.418863E-02	 1.048957E-02	 3.675584E-03	 1.406398E-03	 5.340155E-04	 1.717112E-04	 3.951817E-05	 4.548765E-06	-1.661240E-06	-1.122418E-06	 9.192586E-08	-1.036486E-06	 2.129138E-06	-1.163191E-06
0.51235	-2.629862E+00	 7.397286E-01	 1.457716E-02	 1.099879E-02	 3.781059E-03	 1.460685E-03	 5.633176E-04	 1.840266E-04	 4.316475E-05	 5.126448E-06	-1.864789E-06	-1.314474E-06	 3.370765E-08	-1.122175E-06	 2.239791E-06	-1.197835E-06
0.51720	-2.633851E+00	 7.467005E-01	 1.498227E-02	 1.152786E-02	 3.887772E-03	 1.516265E-03	 5.935105E-04	 1.969575E-04	 4.710960E-05	 5.787523E-06	-2.077434E-06	-1.528921E-06	-3.901037E-08	-1.217128E-06	 2.353784E-06	-1.233653E-06
0.52202	-2.637878E+00	 7.535972E-01	 1.540327E-02	 1.207643E-02	 3.995817E-03	 1.573211E-03	 6.245804E-04	 2.105121E-04	 5.136759E-05	 6.540701E-06	-2.297031E-06	-1.766649E-06	-1.279157E-07	-1.322551E-06	 2.470756E-06	-1.270824E-06
0.52678	-2.641941E+00	 7.604201E-01	 1.584003E-02	 1.264428E-02	 4.105296E-03	 1.631604E-03	 6.565204E-04	 2.247022E-04	 5.595489E-05	 7.395454E-06	-2.521001E-06	-2.028327E-06	-2.347209E-07	-1.439747E-06	 2.590153E-06	-1.309417E-06
0.53151	-2.646039E+00	 7.671701E-01	 1.629292E-02	 1.323131E-02	 4.216317E-03	 1.691534E-03	 6.893325E-04	 2.395436E-04	 6.088887E-05	 8.362372E-06	-2.745904E-06	-2.314388E-06	-3.612470E-07	-1.570242E-06	 2.711577E-06	-1.349752E-06
0.53619	-2.650174E+00	 7.738478E-01	 1.676259E-02	 1.383737E-02	 4.328991E-03	 1.753100E-03	 7.230249E-04	 2.550542E-04	 6.618824E-05	 9.453599E-06	-2.967535E-06	-2.625194E-06	-5.093336E-07	-1.715560E-06	 2.834555E-06	-1.392259E-06
0.54083	-2.654345E+00	 7.804542E-01	 1.724982E-02	 1.446233E-02	 4.443436E-03	 1.816405E-03	 7.576086E-04	 2.712533E-04	 7.187273E-05	 1.068230E-05	-3.181096E-06	-2.960849E-06	-6.807835E-07	-1.877311E-06	 2.958507E-06	-1.437404E-06
0.54544	-2.658554E+00	 7.869896E-01	 1.775535E-02	 1.510605E-02	 4.559779E-03	 1.881556E-03	 7.930962E-04	 2.881611E-04	 7.796296E-05	 1.206274E-05	-3.381144E-06	-3.321206E-06	-8.773719E-07	-2.057123E-06	 3.082632E-06	-1.485654E-06
0.55000	-2.662800E+00	 7.934547E-01	 1.827988E-02	 1.576848E-02	 4.678160E-03	 1.948658E-03	 8.295000E-04	 3.057983E-04	 8.448006E-05	 1.360990E-05	-3.561569E-06	-3.705761E-06	-1.100851E-06	-2.256808E-06	 3.206124E-06	-1.537624E-06
0.55453	-2.667084E+00	 7.998499E-01	 1.882400E-02	 1.644952E-02	 4.798724E-03	 2.017817E-03	 8.668322E-04	 3.241861E-04	 9.144549E-05	 1.533966E-05	-3.715441E-06	-4.113614E-06	-1.352929E-06	-2.478269E-06	 3.328058E-06	-1.594020E-06
0.55902	-2.671406E+00	 8.061758E-01	 1.938825E-02	 1.714917E-02	 4.921635E-03	 2.089146E-03	 9.051056E-04	 3.433454E-04	 9.888079E-05	 1.726851E-05	-3.835104E-06	-4.543422E-06	-1.635282E-06	-2.723487E-06	 3.447284E-06	-1.655539E-06
0.56347	-2.675767E+00	 8.124328E-01	 1.997296E-02	 1.786722E-02	 5.047050E-03	 2.162750E-03	 9.443329E-04	 3.632972E-04	 1.068070E-04	 1.941376E-05	-3.911845E-06	-4.993285E-06	-1.949446E-06	-2.994696E-06	 3.563098E-06	-1.723491E-06
0.56789	-2.680165E+00	 8.186214E-01	 2.057831E-02	 1.860348E-02	 5.175130E-03	 2.238735E-03	 9.845246E-04	 3.840614E-04	 1.152464E-04	 2.179368E-05	-3.936639E-06	-5.461066E-06	-2.296670E-06	-3.293778E-06	 3.673930E-06	-1.798664E-06
0.57228	-2.684601E+00	 8.247422E-01	 2.120451E-02	 1.935810E-02	 5.306079E-03	 2.317210E-03	 1.025690E-03	 4.056586E-04	 1.242208E-04	 2.442660E-05	-3.899817E-06	-5.943959E-06	-2.678194E-06	-3.622863E-06	 3.778000E-06	-1.881874E-06
0.57663	-2.689074E+00	 8.307953E-01	 2.185145E-02	 2.013104E-02	 5.440084E-03	 2.398282E-03	 1.067837E-03	 4.281071E-04	 1.337501E-04	 2.733133E-05	-3.790351E-06	-6.438502E-06	-3.095208E-06	-3.984443E-06	 3.874366E-06	-1.974977E-06
0.58095	-2.693583E+00	 8.367816E-01	 2.251853E-02	 2.092204E-02	 5.577310E-03	 2.482045E-03	 1.110969E-03	 4.514202E-04	 1.438526E-04	 3.052679E-05	-3.596939E-06	-6.940924E-06	-3.548467E-06	-4.380559E-06	 3.961494E-06	-2.079557E-06
0.58523	-2.698125E+00	 8.427017E-01	 2.320504E-02	 2.173100E-02	 5.717941E-03	 2.568596E-03	 1.155084E-03	 4.756104E-04	 1.545455E-04	 3.403126E-05	-3.308169E-06	-7.446806E-06	-4.038440E-06	-4.813179E-06	 4.037164E-06	-2.196793E-06
0.58949	-2.702699E+00	 8.485562E-01	 2.391016E-02	 2.255787E-02	 5.862165E-03	 2.658032E-03	 1.200181E-03	 5.006888E-04	 1.658440E-04	 3.786280E-05	-2.911708E-06	-7.950987E-06	-4.565461E-06	-5.284588E-06	 4.099775E-06	-2.328741E-06
0.59372	-2.707304E+00	 8.543456E-01	 2.463287E-02	 2.340247E-02	 6.010140E-03	 2.750439E-03	 1.246259E-03	 5.266646E-04	 1.777620E-04	 4.203935E-05	-2.394800E-06	-8.447789E-06	-5.129413E-06	-5.796772E-06	 4.147458E-06	-2.477431E-06
0.59791	-2.711936E+00	 8.600706E-01	 2.537230E-02	 2.426478E-02	 6.162050E-03	 2.845917E-03	 1.293318E-03	 5.535485E-04	 1.903134E-04	 4.657883E-05	-1.744260E-06	-8.930888E-06	-5.729860E-06	-6.351592E-06	 4.177872E-06	-2.644664E-06
0.60208	-2.716595E+00	 8.657316E-01	 2.612759E-02	 2.514473E-02	 6.318065E-03	 2.944565E-03	 1.341364E-03	 5.813507E-04	 2.035103E-04	 5.149918E-05	-9.460307E-07	-9.393230E-06	-6.366049E-06	-6.950965E-06	 4.189172E-06	-2.832983E-06
0.60622	-2.721278E+00	 8.713291E-01	 2.689785E-02	 2.604222E-02	 6.478344E-03	 3.046482E-03	 1.390402E-03	 6.100811E-04	 2.173641E-04	 5.681815E-05	 1.424036E-08	-9.827204E-06	-7.036697E-06	-7.596382E-06	 4.179027E-06	-3.044620E-06
0.61033	-2.725984E+00	 8.768636E-01	 2.768226E-02	 2.695712E-02	 6.643046E-03	 3.151778E-03	 1.440443E-03	 6.397502E-04	 2.318852E-04	 6.255330E-05	 1.151494E-06	-1.022445E-05	-7.740112E-06	-8.289285E-06	 4.145370E-06	-3.282267E-06
0.61441	-2.730711E+00	 8.823355E-01	 2.847994E-02	 2.788923E-02	 6.812309E-03	 3.260558E-03	 1.491499E-03	 6.703675E-04	 2.470826E-04	 6.872195E-05	 2.481005E-06	-1.057601E-05	-8.474036E-06	-9.030690E-06	 4.085961E-06	-3.548572E-06
0.61847	-2.735459E+00	 8.877453E-01	 2.929015E-02	 2.883840E-02	 6.986285E-03	 3.372942E-03	 1.543587E-03	 7.019441E-04	 2.629649E-04	 7.534096E-05	 4.018349E-06	-1.087226E-05	-9.235713E-06	-9.821343E-06	 3.998296E-06	-3.845996E-06
0.62249	-2.740224E+00	 8.930934E-01	 3.011212E-02	 2.980432E-02	 7.165091E-03	 3.489043E-03	 1.596728E-03	 7.344909E-04	 2.795387E-04	 8.242672E-05	 5.779624E-06	-1.110281E-05	-1.002180E-05	-1.066181E-05	 3.880604E-06	-4.177757E-06
0.62650	-2.745006E+00	 8.983805E-01	 3.094505E-02	 3.078658E-02	 7.348833E-03	 3.608976E-03	 1.650944E-03	 7.680194E-04	 2.968102E-04	 8.999503E-05	 7.780682E-06	-1.125686E-05	-1.082827E-05	-1.155186E-05	 3.730427E-06	-4.546381E-06
0.63048	-2.749804E+00	 9.036069E-01	 3.178834E-02	 3.178485E-02	 7.537619E-03	 3.732859E-03	 1.706265E-03	 8.025443E-04	 3.147859E-04	 9.806138E-05	 1.003774E-05	-1.132284E-05	-1.165048E-05	-1.249117E-05	 3.545829E-06	-4.954873E-06
0.63443	-2.754616E+00	 9.087732E-01	 3.264142E-02	 3.279875E-02	 7.731540E-03	 3.860803E-03	 1.762721E-03	 8.380822E-04	 3.334726E-04	 1.066415E-04	 1.256728E-05	-1.128870E-05	-1.248317E-05	-1.347880E-05	 3.324859E-06	-5.406129E-06
0.63836	-2.759441E+00	 9.138796E-01	 3.350389E-02	 3.382810E-02	 7.930712E-03	 3.992930E-03	 1.820349E-03	 8.746533E-04	 3.528783E-04	 1.157513E-04	 1.538585E-05	-1.114191E-05	-1.332051E-05	-1.451331E-05	 3.065342E-06	-5.902818E-06
0.64226	-2.764279E+00	 9.189264E-01	 3.437542E-02	 3.487270E-02	 8.135242E-03	 4.129361E-03	 1.879189E-03	 9.122806E-04	 3.730113E-04	 1.254067E-04	 1.851068E-05	-1.086909E-05	-1.415609E-05	-1.559318E-05	 2.766014E-06	-6.448296E-06
0.64614	-2.769130E+00	 9.239138E-01	 3.525569E-02	 3.593236E-02	 8.345225E-03	 4.270212E-03	 1.939283E-03	 9.509876E-04	 3.938797E-04	 1.356238E-04	 2.195900E-05	-1.045662E-05	-1.498286E-05	-1.671593E-05	 2.425279E-06	-7.045380E-06
0.65000	-2.773992E+00	 9.288422E-01	 3.614436E-02	 3.700689E-02	 8.560763E-03	 4.415610E-03	 2.000677E-03	 9.907998E-04	 4.154911E-04	 1.464178E-04	 2.574786E-05	-9.890317E-06	-1.579318E-05	-1.787880E-05	 2.041977E-06	-7.697048E-06
0.65383	-2.778865E+00	 9.337118E-01	 3.704114E-02	 3.809591E-02	 8.781926E-03	 4.565667E-03	 2.063418E-03	 1.031745E-03	 4.378534E-04	 1.578040E-04	 2.989466E-05	-9.155350E-06	-1.657859E-05	-1.907850E-05	 1.615601E-06	-8.406301E-06
0.65765	-2.783749E+00	 9.385231E-01	 3.794569E-02	 3.919900E-02	 9.008777E-03	 4.720488E-03	 2.127555E-03	 1.073850E-03	 4.609744E-04	 1.697971E-04	 3.441643E-05	-8.236839E-06	-1.733004E-05	-2.031078E-05	 1.145682E-06	-9.175803E-06
0.66144	-2.788643E+00	 9.432765E-01	 3.885754E-02	 4.031584E-02	 9.241379E-03	 4.880173E-03	 2.193132E-03	 1.117142E-03	 4.848614E-04	 1.824114E-04	 3.932952E-05	-7.119787E-06	-1.803796E-05	-2.157092E-05	 6.321458E-07	-1.000824E-05
0.66521	-2.793545E+00	 9.479723E-01	 3.977608E-02	 4.144626E-02	 9.479808E-03	 5.044824E-03	 2.260190E-03	 1.161648E-03	 5.095211E-04	 1.956604E-04	 4.464995E-05	-5.789155E-06	-1.869242E-05	-2.285355E-05	 7.495286E-08	-1.090602E-05
0.66895	-2.798455E+00	 9.526106E-01	 4.070066E-02	 4.259031E-02	 9.724158E-03	 5.214554E-03	 2.328770E-03	 1.207395E-03	 5.349587E-04	 2.095567E-04	 5.039332E-05	-4.229710E-06	-1.928318E-05	-2.415301E-05	-5.255227E-07	-1.187161E-05
0.67268	-2.803371E+00	 9.571918E-01	 4.163054E-02	 4.374793E-02	 9.974499E-03	 5.389467E-03	 2.398914E-03	 1.254410E-03	 5.611784E-04	 2.241119E-04	 5.657492E-05	-2.425912E-06	-1.979956E-05	-2.546327E-05	-1.167977E-06	-1.290768E-05
0.67639	-2.808294E+00	 9.617162E-01	 4.256505E-02	 4.491880E-02	 1.023086E-02	 5.569651E-03	 2.470667E-03	 1.302722E-03	 5.881841E-04	 2.393371E-04	 6.320978E-05	-3.621140E-07	-2.023020E-05	-2.677744E-05	-1.850616E-06	-1.401640E-05
0.68007	-2.813221E+00	 9.661842E-01	 4.350365E-02	 4.610256E-02	 1.049327E-02	 5.755193E-03	 2.544078E-03	 1.352363E-03	 6.159808E-04	 2.552435E-04	 7.031266E-05	 1.977448E-06	-2.056310E-05	-2.808782E-05	-2.571436E-06	-1.519929E-05
0.68374	-2.818151E+00	 9.705962E-01	 4.444585E-02	 4.729891E-02	 1.076176E-02	 5.946185E-03	 2.619198E-03	 1.403368E-03	 6.445744E-04	 2.718426E-04	 7.789808E-05	 4.608562E-06	-2.078584E-05	-2.938598E-05	-3.328072E-06	-1.645754E-05
0.68739	-2.823085E+00	 9.749524E-01	 4.539121E-02	 4.850765E-02	 1.103636E-02	 6.142724E-03	 2.696082E-03	 1.455772E-03	 6.739719E-04	 2.891459E-04	 8.598037E-05	 7.547069E-06	-2.088561E-05	-3.066297E-05	-4.117746E-06	-1.779205E-05
0.69101	-2.828022E+00	 9.792531E-01	 4.633935E-02	 4.972866E-02	 1.131711E-02	 6.344914E-03	 2.774787E-03	 1.509616E-03	 7.041811E-04	 3.071654E-04	 9.457399E-05	 1.080912E-05	-2.084915E-05	-3.190931E-05	-4.937111E-06	-1.920342E-05
0.69462	-2.832961E+00	 9.834984E-01	 4.728990E-02	 5.096169E-02	 1.160405E-02	 6.552848E-03	 2.855372E-03	 1.564940E-03	 7.352097E-04	 3.259131E-04	 1.036930E-04	 1.441074E-05	-2.066292E-05	-3.311499E-05	-5.781857E-06	-2.069221E-05
0.69821	-2.837902E+00	 9.876887E-01	 4.824238E-02	 5.220642E-02	 1.189716E-02	 6.766601E-03	 2.937890E-03	 1.621783E-03	 7.670646E-04	 3.453996E-04	 1.133503E-04	 1.836746E-05	-2.031303E-05	-3.426912E-05	-6.647432E-06	-2.225802E-05
0.70178	-2.842843E+00	 9.918244E-01	 4.919640E-02	 5.346259E-02	 1.219646E-02	 6.986257E-03	 3.022400E-03	 1.680189E-03	 7.997543E-04	 3.656361E-04	 1.235588E-04	 2.269476E-05	-1.978526E-05	-3.536030E-05	-7.528927E-06	-2.389992E-05
0.70534	-2.847785E+00	 9.959057E-01	 5.015156E-02	 5.472995E-02	 1.250194E-02	 7.211896E-03	 3.108961E-03	 1.740201E-03	 8.332874E-04	 3.866339E-04	 1.343308E-04	 2.740804E-05	-1.906524E-05	-3.637669E-05	-8.420459E-06	-2.561698E-05
0.70887	-2.852727E+00	 9.999329E-01	 5.110742E-02	 5.600826E-02	 1.281360E-02	 7.443587E-03	 3.197628E-03	 1.801863E-03	 8.676732E-04	 4.084043E-04	 1.456782E-04	 3.252227E-05	-1.813830E-05	-3.730575E-05	-9.315988E-06	-2.740729E-05
0.71239	-2.857668E+00	 1.003906E+00	 5.206366E-02	 5.729742E-02	 1.313146E-02	 7.681420E-03	 3.288463E-03	 1.865226E-03	 9.029232E-04	 4.309597E-04	 1.576131E-04	 3.805263E-05	-1.698955E-05	-3.813453E-05	-1.020902E-05	-2.926854E-05
0.71589	-2.862608E+00	 1.007825E+00	 5.301990E-02	 5.859726E-02	 1.345552E-02	 7.925468E-03	 3.381528E-03	 1.930339E-03	 9.390491E-04	 4.543125E-04	 1.701472E-04	 4.401411E-05	-1.560405E-05	-3.884979E-05	-1.109171E-05	-3.119872E-05
0.71937	-2.867545E+00	 1.011691E+00	 5.397577E-02	 5.990763E-02	 1.378577E-02	 8.175791E-03	 3.476879E-03	 1.997253E-03	 9.760634E-04	 4.784758E-04	 1.832918E-04	 5.042128E-05	-1.396657E-05	-3.943744E-05	-1.195627E-05	-3.319438E-05
0.72284	-2.872482E+00	 1.015503E+00	 5.493102E-02	 6.122853E-02	 1.412224E-02	 8.432487E-03	 3.574586E-03	 2.066026E-03	 1.013982E-03	 5.034642E-04	 1.970588E-04	 5.728903E-05	-1.206160E-05	-3.988306E-05	-1.279463E-05	-3.525165E-05
0.72629	-2.877416E+00	 1.019262E+00	 5.588534E-02	 6.255990E-02	 1.446494E-02	 8.695626E-03	 3.674711E-03	 2.136713E-03	 1.052819E-03	 5.292926E-04	 2.114597E-04	 6.463214E-05	-9.873782E-06	-4.017208E-05	-1.359694E-05	-3.736725E-05
0.72973	-2.882347E+00	 1.022967E+00	 5.683841E-02	 6.390164E-02	 1.481385E-02	 8.965270E-03	 3.777317E-03	 2.209372E-03	 1.092593E-03	 5.559765E-04	 2.265058E-04	 7.246486E-05	-7.387345E-06	-4.028894E-05	-1.435395E-05	-3.953585E-05
0.73314	-2.887275E+00	 1.026619E+00	 5.779008E-02	 6.525383E-02	 1.516902E-02	 9.241523E-03	 3.882481E-03	 2.284068E-03	 1.133322E-03	 5.835337E-04	 2.422093E-04	 8.080204E-05	-4.586283E-06	-4.021788E-05	-1.505575E-05	-4.175202E-05
0.73655	-2.892201E+00	 1.030217E+00	 5.874007E-02	 6.661639E-02	 1.553043E-02	 9.524449E-03	 3.990268E-03	 2.360862E-03	 1.175025E-03	 6.119815E-04	 2.585816E-04	 8.965815E-05	-1.454893E-06	-3.994296E-05	-1.569076E-05	-4.401078E-05
0.73993	-2.897123E+00	 1.033762E+00	 5.968812E-02	 6.798928E-02	 1.589808E-02	 9.814110E-03	 4.100743E-03	 2.439818E-03	 1.217723E-03	 6.413385E-04	 2.756339E-04	 9.904709E-05	 2.023006E-06	-3.944726E-05	-1.624831E-05	-4.630466E-05
0.74330	-2.902042E+00	 1.037253E+00	 6.063414E-02	 6.937263E-02	 1.627202E-02	 1.011062E-02	 4.213993E-03	 2.521010E-03	 1.261441E-03	 6.716264E-04	 2.933790E-04	 1.089838E-04	 5.863833E-06	-3.871378E-05	-1.671665E-05	-4.862670E-05
0.74666	-2.906958E+00	 1.040690E+00	 6.157788E-02	 7.076639E-02	 1.665222E-02	 1.041403E-02	 4.330083E-03	 2.604504E-03	 1.306201E-03	 7.028659E-04	 3.118284E-04	 1.194826E-04	 1.008355E-05	-3.772538E-05	-1.708247E-05	-5.097026E-05
0.75000	-2.911870E+00	 1.044073E+00	 6.251912E-02	 7.217060E-02	 1.703868E-02	 1.072441E-02	 4.449082E-03	 2.690368E-03	 1.352030E-03	 7.350801E-04	 3.309942E-04	 1.305575E-04	 1.469876E-05	-3.646377E-05	-1.733378E-05	-5.332579E-05
0.75333	-2.916779E+00	 1.047403E+00	 6.345781E-02	 7.358562E-02	 1.743151E-02	 1.104190E-02	 4.571088E-03	 2.778693E-03	 1.398960E-03	 7.682966E-04	 3.508906E-04	 1.422241E-04	 1.972658E-05	-3.491058E-05	-1.745740E-05	-5.568457E-05
0.75664	-2.921684E+00	 1.050677E+00	 6.439371E-02	 7.501155E-02	 1.783069E-02	 1.136656E-02	 4.696171E-03	 2.869549E-03	 1.447020E-03	 8.025420E-04	 3.715308E-04	 1.544977E-04	 2.518345E-05	-3.304749E-05	-1.743802E-05	-5.803892E-05
0.75993	-2.926585E+00	 1.053897E+00	 6.532660E-02	 7.644858E-02	 1.823625E-02	 1.169847E-02	 4.824404E-03	 2.963016E-03	 1.496242E-03	 8.378451E-04	 3.929285E-04	 1.673929E-04	 3.108651E-05	-3.085482E-05	-1.726206E-05	-6.037758E-05
0.76322	-2.931483E+00	 1.057061E+00	 6.625641E-02	 7.789731E-02	 1.864833E-02	 1.203783E-02	 4.955902E-03	 3.059194E-03	 1.546668E-03	 8.742413E-04	 4.151003E-04	 1.809270E-04	 3.745378E-05	-2.831256E-05	-1.691489E-05	-6.269019E-05
0.76649	-2.936378E+00	 1.060170E+00	 6.718291E-02	 7.935799E-02	 1.906697E-02	 1.238471E-02	 5.090744E-03	 3.158169E-03	 1.598332E-03	 9.117636E-04	 4.380617E-04	 1.951165E-04	 4.430226E-05	-2.540107E-05	-1.637926E-05	-6.496810E-05
0.76974	-2.941269E+00	 1.063222E+00	 6.810578E-02	 8.083085E-02	 1.949217E-02	 1.273919E-02	 5.229002E-03	 3.260019E-03	 1.651272E-03	 9.504465E-04	 4.618276E-04	 2.099769E-04	 5.164956E-05	-2.209925E-05	-1.564002E-05	-6.719835E-05
0.77298	-2.946157E+00	 1.066216E+00	 6.902487E-02	 8.231662E-02	 1.992412E-02	 1.310149E-02	 5.370804E-03	 3.364861E-03	 1.705535E-03	 9.903330E-04	 4.864171E-04	 2.255269E-04	 5.951459E-05	-1.838531E-05	-1.468139E-05	-6.936845E-05
0.77621	-2.951041E+00	 1.069153E+00	 6.993993E-02	 8.381578E-02	 2.036288E-02	 1.347178E-02	 5.516252E-03	 3.472793E-03	 1.761165E-03	 1.031464E-03	 5.118483E-04	 2.417852E-04	 6.791537E-05	-1.423784E-05	-1.348480E-05	-7.146824E-05
0.77942	-2.955922E+00	 1.072031E+00	 7.085056E-02	 8.532857E-02	 2.080847E-02	 1.385012E-02	 5.665427E-03	 3.583902E-03	 1.818201E-03	 1.073880E-03	 5.381380E-04	 2.587689E-04	 7.686998E-05	-9.634391E-06	-1.203355E-05	-7.348337E-05
0.78262	-2.960799E+00	 1.074850E+00	 7.175652E-02	 8.685561E-02	 2.126103E-02	 1.423677E-02	 5.818463E-03	 3.698308E-03	 1.876697E-03	 1.117630E-03	 5.653058E-04	 2.764972E-04	 8.639775E-05	-4.551593E-06	-1.031143E-05	-7.539827E-05
0.78581	-2.965673E+00	 1.077609E+00	 7.265747E-02	 8.839719E-02	 2.172058E-02	 1.463186E-02	 5.975465E-03	 3.816115E-03	 1.936699E-03	 1.162758E-03	 5.933699E-04	 2.949890E-04	 9.651673E-05	 1.033143E-06	-8.299479E-06	-7.720047E-05
0.78899	-2.970542E+00	 1.080307E+00	 7.355301E-02	 8.995342E-02	 2.218710E-02	 1.503547E-02	 6.136515E-03	 3.937411E-03	 1.998251E-03	 1.209309E-03	 6.223468E-04	 3.142619E-04	 1.072456E-04	 7.143711E-06	-5.981323E-06	-7.887196E-05
0.79215	-2.975408E+00	 1.082944E+00	 7.444292E-02	 9.152493E-02	 2.266074E-02	 1.544789E-02	 6.301777E-03	 4.062345E-03	 2.061417E-03	 1.257341E-03	 6.522570E-04	 3.343361E-04	 1.186047E-04	 1.380507E-05	-3.341833E-06	-8.039310E-05
0.79530	-2.980269E+00	 1.085520E+00	 7.532681E-02	 9.311172E-02	 2.314145E-02	 1.586915E-02	 6.471331E-03	 4.191017E-03	 2.126253E-03	 1.306902E-03	 6.831165E-04	 3.552302E-04	 1.306106E-04	 2.103975E-05	-3.614110E-07	-8.175218E-05
0.79844	-2.985125E+00	 1.088033E+00	 7.620408E-02	 9.471372E-02	 2.362904E-02	 1.629915E-02	 6.645180E-03	 4.323485E-03	 2.192801E-03	 1.358041E-03	 7.149405E-04	 3.769607E-04	 1.432813E-04	 2.887289E-05	 2.976144E-06	-8.293023E-05
0.80156	-2.989976E+00	 1.090482E+00	 7.707452E-02	 9.633311E-02	 2.412405E-02	 1.673841E-02	 6.823561E-03	 4.459975E-03	 2.261176E-03	 1.410852E-03	 7.477664E-04	 3.995604E-04	 1.566459E-04	 3.733734E-05	 6.686022E-06	-8.390302E-05
0.80467	-2.994826E+00	 1.092863E+00	 7.793796E-02	 9.797258E-02	 2.462715E-02	 1.718758E-02	 7.006743E-03	 4.600739E-03	 2.331508E-03	 1.465442E-03	 7.816412E-04	 4.230736E-04	 1.707348E-04	 4.646749E-05	 1.079338E-05	-8.466054E-05
0.80777	-2.999672E+00	 1.095174E+00	 7.879368E-02	 9.963377E-02	 2.513851E-02	 1.764680E-02	 7.194810E-03	 4.745912E-03	 2.403884E-03	 1.521901E-03	 8.166050E-04	 4.475393E-04	 1.855764E-04	 5.629839E-05	 1.532314E-05	-8.519030E-05
0.81086	-3.004516E+00	 1.097411E+00	 7.964119E-02	 1.013197E-01	 2.565883E-02	 1.811677E-02	 7.388044E-03	 4.895765E-03	 2.478448E-03	 1.580355E-03	 8.527140E-04	 4.730064E-04	 2.012089E-04	 6.687296E-05	 2.029531E-05	-8.546645E-05
0.81394	-3.009360E+00	 1.099568E+00	 8.048004E-02	 1.030337E-01	 2.618898E-02	 1.859844E-02	 7.586841E-03	 5.050652E-03	 2.555374E-03	 1.640951E-03	 8.900339E-04	 4.995359E-04	 2.176722E-04	 7.823689E-05	 2.573702E-05	-8.547434E-05
0.81701	-3.014203E+00	 1.101644E+00	 8.130931E-02	 1.047774E-01	 2.672912E-02	 1.909207E-02	 7.791343E-03	 5.210749E-03	 2.634769E-03	 1.703797E-03	 9.286122E-04	 5.271761E-04	 2.349984E-04	 9.043186E-05	 3.167450E-05	-8.520241E-05
0.82006	-3.019046E+00	 1.103636E+00	 8.212804E-02	 1.065524E-01	 2.727949E-02	 1.959802E-02	 8.001732E-03	 5.376257E-03	 2.716752E-03	 1.769015E-03	 9.685005E-04	 5.559762E-04	 2.532243E-04	 1.035040E-04	 3.812637E-05	-8.462407E-05
0.82310	-3.023888E+00	 1.105539E+00	 8.293545E-02	 1.083621E-01	 2.784088E-02	 2.011737E-02	 8.218451E-03	 5.547564E-03	 2.801518E-03	 1.836778E-03	 1.009774E-03	 5.860057E-04	 2.723986E-04	 1.175094E-04	 4.511420E-05	-8.371058E-05
0.82614	-3.028731E+00	 1.107349E+00	 8.373063E-02	 1.102091E-01	 2.841387E-02	 2.065101E-02	 8.441891E-03	 5.725017E-03	 2.889247E-03	 1.907250E-03	 1.052507E-03	 6.173379E-04	 2.925696E-04	 1.325057E-04	 5.266186E-05	-8.243831E-05
0.82916	-3.033574E+00	 1.109062E+00	 8.451255E-02	 1.120950E-01	 2.899865E-02	 2.119949E-02	 8.672319E-03	 5.908871E-03	 2.980083E-03	 1.980579E-03	 1.096762E-03	 6.500382E-04	 3.137829E-04	 1.485485E-04	 6.078683E-05	-8.077754E-05
0.83217	-3.038417E+00	 1.110676E+00	 8.528029E-02	 1.140214E-01	 2.959546E-02	 2.176355E-02	 8.910088E-03	 6.099447E-03	 3.074201E-03	 2.056931E-03	 1.142611E-03	 6.841768E-04	 3.360886E-04	 1.656965E-04	 6.950138E-05	-7.868927E-05
0.83516	-3.043260E+00	 1.112188E+00	 8.603294E-02	 1.159900E-01	 3.020456E-02	 2.234401E-02	 9.155597E-03	 6.297100E-03	 3.171791E-03	 2.136482E-03	 1.190125E-03	 7.198297E-04	 3.595398E-04	 1.840113E-04	 7.881579E-05	-7.613380E-05
0.83815	-3.048102E+00	 1.113594E+00	 8.676952E-02	 1.180017E-01	 3.082596E-02	 2.294151E-02	 9.409167E-03	 6.502135E-03	 3.273031E-03	 2.219401E-03	 1.239370E-03	 7.570701E-04	 3.841889E-04	 2.035531E-04	 8.873394E-05	-7.306729E-05
0.84113	-3.052943E+00	 1.114892E+00	 8.748905E-02	 1.200571E-01	 3.145960E-02	 2.355662E-02	 9.671101E-03	 6.714854E-03	 3.378105E-03	 2.305860E-03	 1.290416E-03	 7.959738E-04	 4.100917E-04	 2.243834E-04	 9.925407E-05	-6.944083E-05
0.84410	-3.057783E+00	 1.116080E+00	 8.819046E-02	 1.221577E-01	 3.210557E-02	 2.419011E-02	 9.941772E-03	 6.935621E-03	 3.487231E-03	 2.396060E-03	 1.343342E-03	 8.366294E-04	 4.373129E-04	 2.465697E-04	 1.103713E-04	-6.519836E-05
0.84705	-3.062620E+00	 1.117153E+00	 8.887254E-02	 1.243055E-01	 3.276410E-02	 2.484304E-02	 1.022164E-02	 7.164881E-03	 3.600669E-03	 2.490229E-03	 1.398243E-03	 8.791412E-04	 4.659281E-04	 2.701873E-04	 1.220788E-04	-6.027868E-05
0.85000	-3.067455E+00	 1.118106E+00	 8.953397E-02	 1.265028E-01	 3.343548E-02	 2.551654E-02	 1.051120E-02	 7.403121E-03	 3.718702E-03	 2.588618E-03	 1.455227E-03	 9.236271E-04	 4.960218E-04	 2.953170E-04	 1.343666E-04	-5.461545E-05
0.85294	-3.072288E+00	 1.118935E+00	 9.017344E-02	 1.287516E-01	 3.411988E-02	 2.621175E-02	 1.081095E-02	 7.650838E-03	 3.841627E-03	 2.691486E-03	 1.514406E-03	 9.702139E-04	 5.276860E-04	 3.220422E-04	 1.472198E-04	-4.813561E-05
0.85586	-3.077119E+00	 1.119636E+00	 9.078968E-02	 1.310537E-01	 3.481732E-02	 2.692976E-02	 1.112139E-02	 7.908533E-03	 3.969747E-03	 2.799098E-03	 1.575895E-03	 1.019035E-03	 5.610186E-04	 3.504466E-04	 1.606167E-04	-4.075842E-05
0.85878	-3.081946E+00	 1.120204E+00	 9.138142E-02	 1.334105E-01	 3.552771E-02	 2.767168E-02	 1.144301E-02	 8.176729E-03	 4.103381E-03	 2.911729E-03	 1.639815E-03	 1.070231E-03	 5.961244E-04	 3.806130E-04	 1.745279E-04	-3.239249E-05
0.86168	-3.086770E+00	 1.120636E+00	 9.194748E-02	 1.358228E-01	 3.625079E-02	 2.843854E-02	 1.177629E-02	 8.455950E-03	 4.242853E-03	 3.029652E-03	 1.706285E-03	 1.123949E-03	 6.331145E-04	 4.126214E-04	 1.889173E-04	-2.293887E-05
0.86458	-3.091588E+00	 1.120929E+00	 9.248669E-02	 1.382909E-01	 3.698604E-02	 2.923125E-02	 1.212165E-02	 8.746682E-03	 4.388477E-03	 3.153133E-03	 1.775421E-03	 1.180337E-03	 6.721041E-04	 4.465456E-04	 2.037405E-04	-1.228845E-05
0.86747	-3.096400E+00	 1.121081E+00	 9.299788E-02	 1.408149E-01	 3.773281E-02	 3.005066E-02	 1.247947E-02	 9.049410E-03	 4.540573E-03	 3.282438E-03	 1.847343E-03	 1.239553E-03	 7.132174E-04	 4.824550E-04	 2.189489E-04	-3.188251E-07
0.87034	-3.101206E+00	 1.121089E+00	 9.348001E-02	 1.433953E-01	 3.849053E-02	 3.089791E-02	 1.285027E-02	 9.364727E-03	 4.699510E-03	 3.417866E-03	 1.922189E-03	 1.301777E-03	 7.565975E-04	 5.204207E-04	 2.344960E-04	 1.311342E-05
0.87321	-3.106003E+00	 1.120949E+00	 9.393235E-02	 1.460322E-01	 3.925856E-02	 3.177424E-02	 1.323460E-02	 9.693296E-03	 4.865697E-03	 3.559739E-03	 2.000116E-03	 1.367210E-03	 8.024021E-04	 5.605113E-04	 2.503404E-04	 2.816517E-05
0.87607	-3.110793E+00	 1.120659E+00	 9.435449E-02	 1.487248E-01	 4.003586E-02	 3.268052E-02	 1.363287E-02	 1.003569E-02	 5.039503E-03	 3.708346E-03	 2.081266E-03	 1.436050E-03	 8.507874E-04	 6.027772E-04	 2.664422E-04	 4.500171E-05
0.87892	-3.115573E+00	 1.120220E+00	 9.474636E-02	 1.514709E-01	 4.082081E-02	 3.361702E-02	 1.404528E-02	 1.039233E-02	 5.221226E-03	 3.863910E-03	 2.165754E-03	 1.508476E-03	 9.018982E-04	 6.472383E-04	 2.827609E-04	 6.379577E-05
0.88176	-3.120340E+00	 1.119632E+00	 9.510829E-02	 1.542676E-01	 4.161149E-02	 3.458379E-02	 1.447188E-02	 1.076354E-02	 5.411120E-03	 4.026621E-03	 2.253683E-03	 1.584668E-03	 9.558811E-04	 6.938928E-04	 2.992716E-04	 8.474151E-05
0.88459	-3.125097E+00	 1.118895E+00	 9.544152E-02	 1.571140E-01	 4.240647E-02	 3.558180E-02	 1.491315E-02	 1.115003E-02	 5.609623E-03	 4.196796E-03	 2.345231E-03	 1.664872E-03	 1.012926E-03	 7.427473E-04	 3.159949E-04	 1.080810E-04
0.88741	-3.129848E+00	 1.118004E+00	 9.574905E-02	 1.600086E-01	 4.320451E-02	 3.661233E-02	 1.536982E-02	 1.155281E-02	 5.817324E-03	 4.374858E-03	 2.440651E-03	 1.749390E-03	 1.073247E-03	 7.938094E-04	 3.329998E-04	 1.340647E-04
0.89022	-3.134594E+00	 1.116966E+00	 9.603596E-02	 1.629457E-01	 4.400292E-02	 3.767421E-02	 1.584167E-02	 1.197204E-02	 6.034440E-03	 4.560935E-03	 2.540073E-03	 1.838429E-03	 1.136986E-03	 8.470106E-04	 3.503758E-04	 1.628966E-04
0.89303	-3.139337E+00	 1.115789E+00	 9.630818E-02	 1.659181E-01	 4.479793E-02	 3.876487E-02	 1.632783E-02	 1.240734E-02	 6.260929E-03	 4.754959E-03	 2.643524E-03	 1.932114E-03	 1.204220E-03	 9.022020E-04	 3.682373E-04	 1.947846E-04
0.89582	-3.144080E+00	 1.114472E+00	 9.657231E-02	 1.689237E-01	 4.558670E-02	 3.988437E-02	 1.682839E-02	 1.285942E-02	 6.497258E-03	 4.957275E-03	 2.751233E-03	 2.030720E-03	 1.275102E-03	 9.592651E-04	 3.867632E-04	 2.299906E-04
0.89861	-3.148842E+00	 1.113013E+00	 9.684207E-02	 1.719619E-01	 4.636839E-02	 4.103389E-02	 1.734411E-02	 1.332961E-02	 6.744323E-03	 5.168590E-03	 2.863721E-03	 2.134740E-03	 1.349915E-03	 1.018247E-03	 4.062816E-04	 2.687058E-04
0.90139	-3.153656E+00	 1.111411E+00	 9.714035E-02	 1.750271E-01	 4.714364E-02	 4.221162E-02	 1.787497E-02	 1.381800E-02	 7.002681E-03	 5.389342E-03	 2.981565E-03	 2.244656E-03	 1.428975E-03	 1.079345E-03	 4.272869E-04	 3.109787E-04
0.90416	-3.158542E+00	 1.109670E+00	 9.748424E-02	 1.781132E-01	 4.791188E-02	 4.341536E-02	 1.842045E-02	 1.432426E-02	 7.272579E-03	 5.619785E-03	 3.105173E-03	 2.360797E-03	 1.512473E-03	 1.142665E-03	 4.502146E-04	 3.568525E-04
0.90692	-3.163498E+00	 1.107793E+00	 9.787663E-02	 1.812190E-01	 4.866979E-02	 4.464575E-02	 1.898022E-02	 1.484902E-02	 7.554373E-03	 5.860355E-03	 3.234796E-03	 2.483412E-03	 1.600456E-03	 1.208132E-03	 4.753207E-04	 4.063734E-04
0.90967	-3.168521E+00	 1.105783E+00	 9.832145E-02	 1.843410E-01	 4.941413E-02	 4.590243E-02	 1.955365E-02	 1.539259E-02	 7.848275E-03	 6.111340E-03	 3.370622E-03	 2.612730E-03	 1.692953E-03	 1.275689E-03	 5.029210E-04	 4.594711E-04
0.91241	-3.173629E+00	 1.103653E+00	 9.883358E-02	 1.874690E-01	 5.014370E-02	 4.718108E-02	 2.013922E-02	 1.595371E-02	 8.154019E-03	 6.372560E-03	 3.512795E-03	 2.748873E-03	 1.789983E-03	 1.345380E-03	 5.334946E-04	 5.159597E-04
0.91515	-3.178834E+00	 1.101418E+00	 9.942796E-02	 1.905925E-01	 5.085711E-02	 4.847698E-02	 2.073499E-02	 1.653085E-02	 8.471193E-03	 6.643769E-03	 3.661395E-03	 2.891887E-03	 1.891490E-03	 1.417192E-03	 5.674665E-04	 5.756488E-04
0.91788	-3.184140E+00	 1.099087E+00	 1.001135E-01	 1.937063E-01	 5.155220E-02	 4.978775E-02	 2.133929E-02	 1.712336E-02	 8.799641E-03	 6.924979E-03	 3.816509E-03	 3.041861E-03	 1.997412E-03	 1.491085E-03	 6.051355E-04	 6.383431E-04
0.92060	-3.189557E+00	 1.096665E+00	 1.009009E-01	 1.968067E-01	 5.222876E-02	 5.111161E-02	 2.195082E-02	 1.773084E-02	 9.139423E-03	 7.216325E-03	 3.978354E-03	 3.198986E-03	 2.107806E-03	 1.567172E-03	 6.468338E-04	 7.038044E-04
0.92331	-3.195106E+00	 1.094158E+00	 1.018044E-01	 1.998886E-01	 5.288875E-02	 5.244533E-02	 2.256802E-02	 1.835237E-02	 9.490473E-03	 7.517808E-03	 4.147173E-03	 3.363439E-03	 2.222801E-03	 1.645665E-03	 6.928796E-04	 7.717581E-04
0.92601	-3.200798E+00	 1.091579E+00	 1.028353E-01	 2.029471E-01	 5.353392E-02	 5.378381E-02	 2.318823E-02	 1.898614E-02	 9.852225E-03	 7.829047E-03	 4.322977E-03	 3.535222E-03	 2.342447E-03	 1.726664E-03	 7.433783E-04	 8.418957E-04
0.92871	-3.206631E+00	 1.088936E+00	 1.039959E-01	 2.059821E-01	 5.416535E-02	 5.512187E-02	 2.380808E-02	 1.962991E-02	 1.022374E-02	 8.149392E-03	 4.505553E-03	 3.714239E-03	 2.466755E-03	 1.810107E-03	 7.981975E-04	 9.139812E-04
0.93140	-3.212598E+00	 1.086215E+00	 1.052792E-01	 2.090082E-01	 5.478629E-02	 5.646049E-02	 2.442577E-02	 2.028350E-02	 1.060497E-02	 8.479045E-03	 4.695101E-03	 3.900898E-03	 2.596138E-03	 1.896142E-03	 8.572212E-04	 9.880444E-04
0.93408	-3.218713E+00	 1.083361E+00	 1.066738E-01	 2.120590E-01	 5.540742E-02	 5.781270E-02	 2.504411E-02	 2.095162E-02	 1.099834E-02	 8.820475E-03	 4.893173E-03	 4.096829E-03	 2.732003E-03	 1.985863E-03	 9.207615E-04	 1.064481E-03
0.93675	-3.225013E+00	 1.080287E+00	 1.081661E-01	 2.151779E-01	 5.604619E-02	 5.920090E-02	 2.567020E-02	 2.164316E-02	 1.140851E-02	 9.178185E-03	 5.102640E-03	 4.304801E-03	 2.876676E-03	 2.081298E-03	 9.896843E-04	 1.144021E-03
0.93941	-3.231508E+00	 1.076923E+00	 1.097327E-01	 2.183990E-01	 5.671465E-02	 6.064408E-02	 2.630937E-02	 2.236555E-02	 1.183892E-02	 9.555858E-03	 5.325863E-03	 4.527317E-03	 3.032094E-03	 2.184070E-03	 1.064858E-03	 1.227386E-03
0.94207	-3.238152E+00	 1.073253E+00	 1.113398E-01	 2.217354E-01	 5.741127E-02	 6.214773E-02	 2.696015E-02	 2.312006E-02	 1.228902E-02	 9.953867E-03	 5.563114E-03	 4.765380E-03	 3.198717E-03	 2.294308E-03	 1.146676E-03	 1.314935E-03
0.94472	-3.244890E+00	 1.069282E+00	 1.129565E-01	 2.251896E-01	 5.813138E-02	 6.370988E-02	 2.761865E-02	 2.390486E-02	 1.275650E-02	 1.037098E-02	 5.813825E-03	 5.019374E-03	 3.376403E-03	 2.411580E-03	 1.235524E-03	 1.406877E-03
0.94736	-3.251703E+00	 1.064982E+00	 1.145583E-01	 2.287771E-01	 5.887841E-02	 6.533751E-02	 2.828534E-02	 2.472178E-02	 1.324103E-02	 1.080768E-02	 6.078610E-03	 5.290801E-03	 3.565867E-03	 2.536163E-03	 1.332512E-03	 1.503880E-03
0.95000	-3.258604E+00	 1.060252E+00	 1.161148E-01	 2.325399E-01	 5.966363E-02	 6.706149E-02	 2.896957E-02	 2.558378E-02	 1.374752E-02	 1.126957E-02	 6.361086E-03	 5.584054E-03	 3.769698E-03	 2.670166E-03	 1.440073E-03	 1.607400E-03
0.95263	-3.265613E+00	 1.054961E+00	 1.175900E-01	 2.365245E-01	 6.049755E-02	 6.892411E-02	 2.968513E-02	 2.651049E-02	 1.428368E-02	 1.176542E-02	 6.666688E-03	 5.905445E-03	 3.991493E-03	 2.816981E-03	 1.561637E-03	 1.719180E-03
0.95525	-3.272720E+00	 1.049059E+00	 1.189627E-01	 2.407414E-01	 6.137929E-02	 7.094264E-02	 3.043713E-02	 2.751020E-02	 1.485063E-02	 1.229800E-02	 6.997459E-03	 6.258271E-03	 4.232525E-03	 2.978630E-03	 1.699925E-03	 1.839995E-03
0.95786	-3.279882E+00	 1.042579E+00	 1.202216E-01	 2.451692E-01	 6.229607E-02	 7.311011E-02	 3.122252E-02	 2.858016E-02	 1.544336E-02	 1.286417E-02	 7.351984E-03	 6.642598E-03	 4.491303E-03	 3.155143E-03	 1.856683E-03	 1.969766E-03
0.96047	-3.287047E+00	 1.035527E+00	 1.213438E-01	 2.497899E-01	 6.322941E-02	 7.542951E-02	 3.204190E-02	 2.972461E-02	 1.605985E-02	 1.346389E-02	 7.730460E-03	 7.060074E-03	 4.766420E-03	 3.346916E-03	 2.034205E-03	 2.108755E-03
0.96307	-3.294178E+00	 1.027863E+00	 1.223024E-01	 2.546004E-01	 6.416150E-02	 7.791991E-02	 3.290145E-02	 3.095724E-02	 1.670229E-02	 1.410161E-02	 8.135601E-03	 7.514619E-03	 5.057337E-03	 3.556072E-03	 2.235815E-03	 2.257589E-03
0.96566	-3.301277E+00	 1.019541E+00	 1.230922E-01	 2.595968E-01	 6.508007E-02	 8.059812E-02	 3.380789E-02	 3.229135E-02	 1.737292E-02	 1.478218E-02	 8.570454E-03	 8.009720E-03	 5.363329E-03	 3.786087E-03	 2.464931E-03	 2.416735E-03
0.96825	-3.308362E+00	 1.010536E+00	 1.237253E-01	 2.647665E-01	 6.597290E-02	 8.347111E-02	 3.476524E-02	 3.373620E-02	 1.807226E-02	 1.550959E-02	 9.037581E-03	 8.547490E-03	 5.682752E-03	 4.040905E-03	 2.724119E-03	 2.586336E-03
0.97082	-3.315422E+00	 1.000835E+00	 1.242119E-01	 2.700952E-01	 6.681814E-02	 8.654244E-02	 3.577404E-02	 3.529956E-02	 1.879958E-02	 1.628800E-02	 9.539484E-03	 9.129302E-03	 6.012793E-03	 4.324527E-03	 3.014804E-03	 2.766355E-03
0.97340	-3.322441E+00	 9.903860E-01	 1.245528E-01	 2.755814E-01	 6.758828E-02	 8.982869E-02	 3.683673E-02	 3.699572E-02	 1.955683E-02	 1.712596E-02	 1.008101E-02	 9.757824E-03	 6.351024E-03	 4.643050E-03	 3.338159E-03	 2.957433E-03
0.97596	-3.329438E+00	 9.790621E-01	 1.247468E-01	 2.812369E-01	 6.825724E-02	 9.337037E-02	 3.796218E-02	 3.885261E-02	 2.035250E-02	 1.804118E-02	 1.067171E-02	 1.043888E-02	 6.697497E-03	 5.007114E-03	 3.695790E-03	 3.162147E-03
0.97852	-3.336461E+00	 9.667342E-01	 1.248159E-01	 2.870606E-01	 6.879676E-02	 9.720744E-02	 3.915681E-02	 4.090017E-02	 2.119654E-02	 1.905615E-02	 1.132276E-02	 1.117817E-02	 7.053904E-03	 5.430166E-03	 4.087399E-03	 3.384944E-03
0.98107	-3.343554E+00	 9.533892E-01	 1.248298E-01	 2.930157E-01	 6.917423E-02	 1.013400E-01	 4.041123E-02	 4.314582E-02	 2.209005E-02	 2.018589E-02	 1.203965E-02	 1.197400E-02	 7.420409E-03	 5.922406E-03	 4.506676E-03	 3.630678E-03
0.98362	-3.350761E+00	 9.390795E-01	 1.248848E-01	 2.990469E-01	 6.935560E-02	 1.057462E-01	 4.170487E-02	 4.558344E-02	 2.302994E-02	 2.144235E-02	 1.282408E-02	 1.282058E-02	 7.798843E-03	 6.490958E-03	 4.942757E-03	 3.906096E-03
0.98615	-3.358135E+00	 9.237964E-01	 1.250685E-01	 3.051048E-01	 6.930602E-02	 1.104251E-01	 4.301681E-02	 4.821903E-02	 2.401923E-02	 2.284742E-02	 1.368075E-02	 1.371754E-02	 8.198345E-03	 7.144009E-03	 5.385137E-03	 4.222724E-03
0.98869	-3.365743E+00	 9.075001E-01	 1.254721E-01	 3.111449E-01	 6.899493E-02	 1.153853E-01	 4.432162E-02	 5.106206E-02	 2.506191E-02	 2.442687E-02	 1.461300E-02	 1.466898E-02	 8.634860E-03	 7.887760E-03	 5.825008E-03	 4.595981E-03
0.99121	-3.373672E+00	 8.901845E-01	 1.262112E-01	 3.171236E-01	 6.840798E-02	 1.206214E-01	 4.558373E-02	 5.410805E-02	 2.615430E-02	 2.619820E-02	 1.561744E-02	 1.568294E-02	 9.128433E-03	 8.720963E-03	 6.257203E-03	 5.041064E-03
0.99373	-3.382024E+00	 8.718075E-01	 1.274105E-01	 3.230198E-01	 6.755052E-02	 1.261274E-01	 4.674825E-02	 5.735230E-02	 2.729025E-02	 2.817401E-02	 1.669620E-02	 1.678674E-02	 9.699654E-03	 9.638324E-03	 6.683563E-03	 5.566870E-03
0.99624	-3.390939E+00	 8.522227E-01	 1.292088E-01	 3.288584E-01	 6.644754E-02	 1.319073E-01	 4.773187E-02	 6.079802E-02	 2.847707E-02	 3.039113E-02	 1.785208E-02	 1.800203E-02	 1.037644E-02	 1.063855E-02	 7.109694E-03	 6.190290E-03
0.99875	-3.400298E+00	 8.318410E-01	 1.312872E-01	 3.346970E-01	 6.527732E-02	 1.378511E-01	 4.865635E-02	 6.438139E-02	 2.973052E-02	 3.277756E-02	 1.906783E-02	 1.929348E-02	 1.112713E-02	 1.169172E-02	 7.544290E-03	 6.874744E-03
