r	   0/   0	   1/   0	   2/   0	   3/   0	   4/   0	   5/   0	   6/   0	   7/   0	   8/   0	   9/   0	  10/   0	  11/   0	  12/   0	  13/   0	  14/   0	  15/   0
0.05000	-4.100854E-01	-1.194700E-02	-2.372606E-04	 1.097584E-05	 2.204901E-06	-1.479172E-06	-6.814451E-08	-3.832461E-08	-1.149147E-07	 3.417989E-08	-4.553855E-08	-7.664217E-10	 1.878567E-10	-8.924844E-10	-2.602562E-10	 3.045956E-09
0.08660	-4.095906E-01	-2.062846E-02	-6.641941E-04	-2.280426E-05	 2.515333E-07	 5.223751E-06	-2.713768E-07	-8.258814E-07	 1.992701E-07	 9.791010E-08	 2.350262E-08	 8.065914E-09	-7.009049E-09	-3.321627E-09	 3.700277E-10	-2.569307E-09
0.11180	-4.093787E-01	-2.656144E-02	-1.102425E-03	-8.979164E-05	-3.694099E-06	 9.863684E-06	 7.884452E-08	-8.594377E-07	 6.837799E-08	 1.574828E-07	 4.714210E-08	-3.161999E-09	-1.973013E-09	-3.567516E-09	-1.914879E-09	 2.629229E-09
0.13229	-4.091009E-01	-3.136154E-02	-1.537926E-03	-1.409944E-04	-1.059439E-05	 9.096642E-06	 2.853664E-07	-9.689344E-07	 4.656533E-08	 2.709117E-07	 4.370262E-08	-7.912405E-09	-5.221365E-09	-6.102460E-09	-1.790076E-09	 6.842609E-09
0.15000	-4.087217E-01	-3.547911E-02	-1.985745E-03	-1.912036E-04	-1.703315E-05	 6.795271E-06	-3.310711E-07	-1.082502E-06	 1.048986E-07	 3.209274E-07	 3.370084E-08	-1.761674E-08	-9.968658E-09	-5.450255E-09	-3.532740E-09	 1.201315E-08
0.16583	-4.082883E-01	-3.913228E-02	-2.440967E-03	-2.429440E-04	-2.534849E-05	 3.433289E-06	-7.846876E-07	-1.076023E-06	 4.336275E-08	 3.300841E-07	 3.645909E-08	-2.985884E-08	-1.135857E-08	-3.045125E-09	-6.121869E-09	 1.649843E-08
0.18028	-4.078459E-01	-4.244821E-02	-2.898779E-03	-2.979878E-04	-3.562926E-05	-5.509258E-07	-1.160886E-06	-9.870322E-07	-5.319964E-08	 3.071116E-07	 3.483806E-08	-3.816871E-08	-9.143312E-09	-5.026750E-10	-8.393435E-09	 1.872121E-08
0.19365	-4.074069E-01	-4.550230E-02	-3.352839E-03	-3.569397E-04	-4.773167E-05	-4.835500E-06	-1.559165E-06	-8.823741E-07	-1.462609E-07	 2.653261E-07	 3.054092E-08	-4.124061E-08	-6.118502E-09	 1.608429E-09	-9.947631E-09	 1.888200E-08
0.20616	-4.069817E-01	-4.834615E-02	-3.797029E-03	-4.193609E-04	-6.147342E-05	-9.288440E-06	-2.047180E-06	-7.990104E-07	-2.245304E-07	 2.114746E-07	 2.452495E-08	-3.982082E-08	-3.426451E-09	 2.978025E-09	-1.094420E-08	 1.776574E-08
0.21794	-4.065916E-01	-5.102203E-02	-4.226862E-03	-4.843786E-04	-7.667341E-05	-1.385283E-05	-2.652593E-06	-7.672272E-07	-2.884603E-07	 1.542073E-07	 1.772229E-08	-3.563344E-08	-1.437054E-09	 3.624141E-09	-1.165937E-08	 1.629457E-08
0.22913	-4.062367E-01	-5.355664E-02	-4.639645E-03	-5.510709E-04	-9.310426E-05	-1.851134E-05	-3.397484E-06	-8.086515E-07	-3.382216E-07	 1.012470E-07	 1.031563E-08	-3.034768E-08	-1.690779E-10	 3.698021E-09	-1.239599E-08	 1.526860E-08
0.23979	-4.059220E-01	-5.597306E-02	-5.035869E-03	-6.189002E-04	-1.105767E-04	-2.328625E-05	-4.297673E-06	-9.321941E-07	-3.764901E-07	 5.686755E-08	 2.684356E-09	-2.516890E-08	 4.297867E-10	 3.417685E-09	-1.334201E-08	 1.506780E-08
0.25000	-4.056390E-01	-5.828535E-02	-5.418230E-03	-6.877962E-04	-1.289633E-04	-2.822181E-05	-5.368291E-06	-1.140868E-06	-4.053054E-07	 2.361932E-08	-4.846001E-09	-2.069592E-08	 6.793174E-10	 3.047071E-09	-1.469356E-08	 1.594947E-08
0.25981	-4.053723E-01	-6.050141E-02	-5.790470E-03	-7.579622E-04	-1.482061E-04	-3.340152E-05	-6.625696E-06	-1.424634E-06	-4.301684E-07	-1.845554E-09	-1.251009E-08	-1.710903E-08	 6.965359E-10	 2.661234E-09	-1.642934E-08	 1.768417E-08
0.26926	-4.051184E-01	-6.263173E-02	-6.156511E-03	-8.297263E-04	-1.683290E-04	-3.891524E-05	-8.070332E-06	-1.771921E-06	-4.618720E-07	-2.398046E-08	-1.953732E-08	-1.439898E-08	 3.903922E-10	 2.333561E-09	-1.841491E-08	 1.987634E-08
0.27839	-4.048706E-01	-6.468312E-02	-6.519040E-03	-9.032862E-04	-1.893584E-04	-4.483185E-05	-9.700666E-06	-2.177201E-06	-5.082927E-07	-4.550208E-08	-2.557442E-08	-1.247065E-08	-1.190072E-10	 2.158112E-09	-2.065139E-08	 2.235851E-08
0.28723	-4.046239E-01	-6.666127E-02	-6.879534E-03	-9.786796E-04	-2.113151E-04	-5.120969E-05	-1.151862E-05	-2.634839E-06	-5.751258E-07	-7.005961E-08	-3.100588E-08	-1.111034E-08	-7.891494E-10	 2.068092E-09	-2.307341E-08	 2.489384E-08
0.29580	-4.043803E-01	-6.857374E-02	-7.238277E-03	-1.055771E-03	-2.342104E-04	-5.808138E-05	-1.351983E-05	-3.142274E-06	-6.674235E-07	-1.001656E-07	-3.593746E-08	-1.023441E-08	-1.728571E-09	 2.012147E-09	-2.556459E-08	 2.725608E-08
0.30414	-4.041432E-01	-7.042766E-02	-7.594659E-03	-1.134285E-03	-2.580249E-04	-6.544927E-05	-1.569850E-05	-3.702172E-06	-7.867793E-07	-1.358665E-07	-4.057052E-08	-9.914114E-09	-2.912028E-09	 2.039795E-09	-2.811175E-08	 2.942268E-08
0.31225	-4.039141E-01	-7.222854E-02	-7.947997E-03	-1.213962E-03	-2.827249E-04	-7.330425E-05	-1.805561E-05	-4.319514E-06	-9.312057E-07	-1.763338E-07	-4.570058E-08	-1.024115E-08	-4.151523E-09	 2.202158E-09	-3.080135E-08	 3.149407E-08
0.32016	-4.036926E-01	-7.398023E-02	-8.297694E-03	-1.294568E-03	-3.082702E-04	-8.163744E-05	-2.059573E-05	-4.997670E-06	-1.098462E-06	-2.216403E-07	-5.223245E-08	-1.121368E-08	-5.347332E-09	 2.453732E-09	-3.366192E-08	 3.350589E-08
0.32787	-4.034810E-01	-7.568772E-02	-8.643565E-03	-1.375961E-03	-3.346309E-04	-9.043916E-05	-2.332157E-05	-5.740124E-06	-1.287819E-06	-2.717079E-07	-6.041673E-08	-1.286010E-08	-6.560202E-09	 2.774082E-09	-3.664550E-08	 3.544348E-08
0.33541	-4.032792E-01	-7.735439E-02	-8.985753E-03	-1.458098E-03	-3.617805E-04	-9.969927E-05	-2.623824E-05	-6.552789E-06	-1.498460E-06	-3.256108E-07	-7.037133E-08	-1.531765E-08	-7.771635E-09	 3.239781E-09	-3.979694E-08	 3.738661E-08
0.34278	-4.030847E-01	-7.898205E-02	-9.324886E-03	-1.541050E-03	-3.897068E-04	-1.094201E-04	-2.935754E-05	-7.441563E-06	-1.730042E-06	-3.833516E-07	-8.244881E-08	-1.860063E-08	-8.928182E-09	 3.860106E-09	-4.318593E-08	 3.941264E-08
0.35000	-4.028947E-01	-8.057212E-02	-9.661860E-03	-1.624997E-03	-4.184218E-04	-1.196140E-04	-3.269257E-05	-8.411627E-06	-1.984330E-06	-4.459485E-07	-9.669971E-08	-2.260731E-08	-1.012096E-08	 4.570830E-09	-4.678878E-08	 4.150564E-08
0.35707	-4.027074E-01	-8.212631E-02	-9.997643E-03	-1.710207E-03	-4.479597E-04	-1.302963E-04	-3.625588E-05	-9.469023E-06	-2.264312E-06	-5.144434E-07	-1.129700E-07	-2.729060E-08	-1.148303E-08	 5.338579E-09	-5.057807E-08	 4.363970E-08
0.36401	-4.025202E-01	-8.364544E-02	-1.033298E-02	-1.796947E-03	-4.783605E-04	-1.414829E-04	-4.006016E-05	-1.062011E-05	-2.573126E-06	-5.900184E-07	-1.312705E-07	-3.261754E-08	-1.309149E-08	 6.132541E-09	-5.456186E-08	 4.580180E-08
0.37081	-4.023314E-01	-8.513069E-02	-1.066848E-02	-1.885470E-03	-5.096706E-04	-1.531917E-04	-4.411800E-05	-1.187086E-05	-2.913988E-06	-6.741929E-07	-1.518147E-07	-3.854861E-08	-1.500126E-08	 6.901043E-09	-5.875062E-08	 4.796221E-08
0.37749	-4.021401E-01	-8.658328E-02	-1.100439E-02	-1.975897E-03	-5.419191E-04	-1.654366E-04	-4.843926E-05	-1.322645E-05	-3.289911E-06	-7.684752E-07	-1.748872E-07	-4.505836E-08	-1.724557E-08	 7.590729E-09	-6.317943E-08	 5.011303E-08
0.38406	-4.019461E-01	-8.800474E-02	-1.134071E-02	-2.068231E-03	-5.751178E-04	-1.782272E-04	-5.303090E-05	-1.469116E-05	-3.703577E-06	-8.742177E-07	-2.007791E-07	-5.212646E-08	-1.985050E-08	 8.157866E-09	-6.788664E-08	 5.225786E-08
0.39051	-4.017498E-01	-8.939658E-02	-1.167712E-02	-2.162371E-03	-6.092609E-04	-1.915652E-04	-5.789596E-05	-1.626817E-05	-4.157302E-06	-9.924819E-07	-2.297055E-07	-5.977574E-08	-2.285427E-08	 8.565243E-09	-7.288338E-08	 5.437555E-08
0.39686	-4.015525E-01	-9.076081E-02	-1.201322E-02	-2.258202E-03	-6.443394E-04	-2.054465E-04	-6.303468E-05	-1.796041E-05	-4.653011E-06	-1.123883E-06	-2.618045E-07	-6.808610E-08	-2.629286E-08	 8.812276E-09	-7.818399E-08	 5.645687E-08
0.40311	-4.013548E-01	-9.209889E-02	-1.234852E-02	-2.355616E-03	-6.803399E-04	-2.198588E-04	-6.844482E-05	-1.977056E-05	-5.192350E-06	-1.268713E-06	-2.971109E-07	-7.714864E-08	-3.020386E-08	 8.914010E-09	-8.379095E-08	 5.849279E-08
0.40927	-4.011581E-01	-9.341260E-02	-1.268279E-02	-2.454652E-03	-7.172764E-04	-2.347914E-04	-7.412564E-05	-2.170268E-05	-5.777060E-06	-1.427005E-06	-3.356172E-07	-8.709486E-08	-3.460613E-08	 8.916451E-09	-8.970237E-08	 6.045939E-08
0.41533	-4.009617E-01	-9.470256E-02	-1.301588E-02	-2.555443E-03	-7.551735E-04	-2.502340E-04	-8.007879E-05	-2.376194E-05	-6.408944E-06	-1.598920E-06	-3.774668E-07	-9.804017E-08	-3.946675E-08	 8.870405E-09	-9.595606E-08	 6.235949E-08
0.42131	-4.007656E-01	-9.596966E-02	-1.334791E-02	-2.658237E-03	-7.940799E-04	-2.661836E-04	-8.630973E-05	-2.595458E-05	-7.090375E-06	-1.785085E-06	-4.228862E-07	-1.100332E-07	-4.475514E-08	 8.782499E-09	-1.025668E-07	 6.417318E-08
0.42720	-4.005687E-01	-9.721427E-02	-1.367907E-02	-2.763294E-03	-8.340426E-04	-2.826399E-04	-9.282573E-05	-2.828746E-05	-7.824050E-06	-1.986344E-06	-4.721539E-07	-1.231040E-07	-5.043015E-08	 8.665853E-09	-1.095679E-07	 6.590971E-08
0.43301	-4.003707E-01	-9.843691E-02	-1.400968E-02	-2.870881E-03	-8.751108E-04	-2.996083E-04	-9.963699E-05	-3.076836E-05	-8.613286E-06	-2.203847E-06	-5.255583E-07	-1.372508E-07	-5.646518E-08	 8.521026E-09	-1.169820E-07	 6.755897E-08
0.43875	-4.001700E-01	-9.963749E-02	-1.434009E-02	-2.981284E-03	-9.173395E-04	-3.170998E-04	-1.067561E-04	-3.340602E-05	-9.461992E-06	-2.439010E-06	-5.834505E-07	-1.524925E-07	-6.283182E-08	 8.356893E-09	-1.248187E-07	 6.910066E-08
0.44441	-3.999658E-01	-1.008163E-01	-1.467075E-02	-3.094787E-03	-9.607873E-04	-3.351320E-04	-1.141985E-04	-3.621017E-05	-1.037477E-05	-2.693613E-06	-6.462813E-07	-1.688553E-07	-6.950960E-08	 8.178689E-09	-1.331050E-07	 7.052208E-08
0.45000	-3.997564E-01	-1.019729E-01	-1.500208E-02	-3.211661E-03	-1.005514E-03	-3.537262E-04	-1.219808E-04	-3.919125E-05	-1.135687E-05	-2.969740E-06	-7.145530E-07	-1.863724E-07	-7.647961E-08	 7.995676E-09	-1.418404E-07	 7.178447E-08
0.45552	-3.995407E-01	-1.031075E-01	-1.533452E-02	-3.332156E-03	-1.051582E-03	-3.729090E-04	-1.301214E-04	-4.236019E-05	-1.241410E-05	-3.269881E-06	-7.889328E-07	-2.050945E-07	-8.371640E-08	 7.811363E-09	-1.510515E-07	 7.286941E-08
0.46098	-3.993175E-01	-1.042198E-01	-1.566840E-02	-3.456470E-03	-1.099046E-03	-3.927074E-04	-1.386378E-04	-4.572794E-05	-1.355269E-05	-3.596729E-06	-8.701050E-07	-2.250817E-07	-9.120554E-08	 7.631512E-09	-1.607447E-07	 7.374351E-08
0.46637	-3.990861E-01	-1.053099E-01	-1.600399E-02	-3.584751E-03	-1.147956E-03	-4.131488E-04	-1.475469E-04	-4.930526E-05	-1.477914E-05	-3.953233E-06	-9.588810E-07	-2.464090E-07	-9.892217E-08	 7.469297E-09	-1.709381E-07	 7.439141E-08
0.47170	-3.988458E-01	-1.063779E-01	-1.634145E-02	-3.717111E-03	-1.198359E-03	-4.342588E-04	-1.568636E-04	-5.310252E-05	-1.610029E-05	-4.342508E-06	-1.056043E-06	-2.691418E-07	-1.068585E-07	 7.331296E-09	-1.816313E-07	 7.479691E-08
0.47697	-3.985962E-01	-1.074238E-01	-1.668090E-02	-3.853687E-03	-1.250315E-03	-4.560638E-04	-1.666020E-04	-5.713034E-05	-1.752337E-05	-4.767778E-06	-1.162417E-06	-2.933806E-07	-1.149927E-07	 7.255054E-09	-1.927891E-07	 7.490997E-08
0.48218	-3.983366E-01	-1.084478E-01	-1.702240E-02	-3.994622E-03	-1.303891E-03	-4.785905E-04	-1.767750E-04	-6.139902E-05	-1.905561E-05	-5.232490E-06	-1.279051E-06	-3.192544E-07	-1.232439E-07	 7.299985E-09	-2.044127E-07	 7.470942E-08
0.48734	-3.980673E-01	-1.094502E-01	-1.736591E-02	-4.139991E-03	-1.359141E-03	-5.018642E-04	-1.873941E-04	-6.591765E-05	-2.070383E-05	-5.740194E-06	-1.407139E-06	-3.469047E-07	-1.314873E-07	 7.540597E-09	-2.165238E-07	 7.419944E-08
0.49244	-3.977882E-01	-1.104314E-01	-1.771120E-02	-4.289740E-03	-1.416089E-03	-5.259023E-04	-1.984656E-04	-7.069260E-05	-2.247398E-05	-6.294400E-06	-1.547903E-06	-3.764366E-07	-1.395894E-07	 8.039675E-09	-2.291456E-07	 7.342103E-08
0.49749	-3.975008E-01	-1.113924E-01	-1.805810E-02	-4.443794E-03	-1.474755E-03	-5.507228E-04	-2.099951E-04	-7.572984E-05	-2.437194E-05	-6.898395E-06	-1.702446E-06	-4.080170E-07	-1.474546E-07	 8.904072E-09	-2.422143E-07	 7.235752E-08
0.50249	-3.972047E-01	-1.123333E-01	-1.840630E-02	-4.602075E-03	-1.535159E-03	-5.763415E-04	-2.219873E-04	-8.103492E-05	-2.640333E-05	-7.555502E-06	-1.872049E-06	-4.418810E-07	-1.549374E-07	 1.028471E-08	-2.556958E-07	 7.101141E-08
0.50744	-3.969011E-01	-1.132551E-01	-1.875571E-02	-4.764533E-03	-1.597327E-03	-6.027800E-04	-2.344492E-04	-8.661416E-05	-2.857412E-05	-8.269351E-06	-2.058163E-06	-4.783149E-07	-1.619049E-07	 1.232799E-08	-2.695276E-07	 6.938818E-08
0.51235	-3.965898E-01	-1.141578E-01	-1.910605E-02	-4.931092E-03	-1.661280E-03	-6.300568E-04	-2.473868E-04	-9.247317E-05	-3.088993E-05	-9.043572E-06	-2.262373E-06	-5.176610E-07	-1.681932E-07	 1.522471E-08	-2.836553E-07	 6.751697E-08
0.51720	-3.962719E-01	-1.150424E-01	-1.945722E-02	-5.101637E-03	-1.727020E-03	-6.581913E-04	-2.608072E-04	-9.861758E-05	-3.335639E-05	-9.882041E-06	-2.486435E-06	-5.603198E-07	-1.736777E-07	 1.913831E-08	-2.980179E-07	 6.544955E-08
0.52202	-3.959473E-01	-1.159090E-01	-1.980902E-02	-5.276060E-03	-1.794556E-03	-6.872028E-04	-2.747177E-04	-1.050533E-04	-3.597923E-05	-1.078863E-05	-2.732146E-06	-6.067752E-07	-1.782541E-07	 2.427163E-08	-3.125078E-07	 6.321679E-08
0.52678	-3.956168E-01	-1.167582E-01	-2.016135E-02	-5.454246E-03	-1.863887E-03	-7.171108E-04	-2.891270E-04	-1.117868E-04	-3.876460E-05	-1.176760E-05	-3.001562E-06	-6.576156E-07	-1.818593E-07	 3.081149E-08	-3.270058E-07	 6.087286E-08
0.53151	-3.952802E-01	-1.175901E-01	-2.051422E-02	-5.636179E-03	-1.935044E-03	-7.479443E-04	-3.040483E-04	-1.188272E-04	-4.171967E-05	-1.282358E-05	-3.296932E-06	-7.135638E-07	-1.844596E-07	 3.897830E-08	-3.413494E-07	 5.843874E-08
0.53619	-3.949375E-01	-1.184050E-01	-2.086756E-02	-5.821787E-03	-2.008036E-03	-7.797276E-04	-3.194947E-04	-1.261837E-04	-4.485191E-05	-1.396174E-05	-3.620929E-06	-7.754962E-07	-1.860491E-07	 4.899269E-08	-3.554374E-07	 5.602884E-08
0.54083	-3.945886E-01	-1.192030E-01	-2.122146E-02	-6.011074E-03	-2.082899E-03	-8.124947E-04	-3.354834E-04	-1.338674E-04	-4.816976E-05	-1.518772E-05	-3.976420E-06	-8.443891E-07	-1.866884E-07	 6.104463E-08	-3.690853E-07	 5.370114E-08
0.54544	-3.942334E-01	-1.199840E-01	-2.157590E-02	-6.203973E-03	-2.159645E-03	-8.462722E-04	-3.520298E-04	-1.418888E-04	-5.168163E-05	-1.650740E-05	-4.366584E-06	-9.214061E-07	-1.864873E-07	 7.534646E-08	-3.821596E-07	 5.159469E-08
0.55000	-3.938719E-01	-1.207483E-01	-2.193090E-02	-6.400478E-03	-2.238306E-03	-8.810940E-04	-3.691517E-04	-1.502598E-04	-5.539662E-05	-1.792712E-05	-4.794803E-06	-1.007815E-06	-1.856282E-07	 9.206372E-08	-3.944186E-07	 4.979048E-08
0.55453	-3.935039E-01	-1.214958E-01	-2.228648E-02	-6.600558E-03	-2.318909E-03	-9.169911E-04	-3.868663E-04	-1.589921E-04	-5.932388E-05	-1.945339E-05	-5.264776E-06	-1.105108E-06	-1.843457E-07	 1.114156E-07	-4.057154E-07	 4.847261E-08
0.55902	-3.931295E-01	-1.222268E-01	-2.264260E-02	-6.804175E-03	-2.401476E-03	-9.539941E-04	-4.051907E-04	-1.680974E-04	-6.347281E-05	-2.109309E-05	-5.780418E-06	-1.214901E-06	-1.829667E-07	 1.335485E-07	-4.157739E-07	 4.776319E-08
0.56347	-3.927486E-01	-1.229412E-01	-2.299928E-02	-7.011323E-03	-2.486046E-03	-9.921397E-04	-4.241443E-04	-1.775885E-04	-6.785314E-05	-2.285328E-05	-6.345968E-06	-1.339063E-06	-1.818812E-07	 1.586582E-07	-4.243920E-07	 4.786761E-08
0.56789	-3.923612E-01	-1.236393E-01	-2.335643E-02	-7.221889E-03	-2.572615E-03	-1.031450E-03	-4.437421E-04	-1.874764E-04	-7.247406E-05	-2.474118E-05	-6.965895E-06	-1.479618E-06	-1.816105E-07	 1.868590E-07	-4.313894E-07	 4.903602E-08
0.57228	-3.919674E-01	-1.243212E-01	-2.371403E-02	-7.435860E-03	-2.661221E-03	-1.071960E-03	-4.640027E-04	-1.977737E-04	-7.734578E-05	-2.676444E-05	-7.644829E-06	-1.638731E-06	-1.827846E-07	 2.182142E-07	-4.363948E-07	 5.141412E-08
0.57663	-3.915671E-01	-1.249868E-01	-2.407200E-02	-7.653227E-03	-2.751901E-03	-1.113704E-03	-4.849446E-04	-2.084930E-04	-8.247827E-05	-2.893075E-05	-8.387771E-06	-1.818882E-06	-1.860963E-07	 2.528533E-07	-4.391668E-07	 5.528574E-08
0.58095	-3.911607E-01	-1.256365E-01	-2.443023E-02	-7.873897E-03	-2.844663E-03	-1.156708E-03	-5.065832E-04	-2.196453E-04	-8.788063E-05	-3.124775E-05	-9.199893E-06	-2.022666E-06	-1.923557E-07	 2.908062E-07	-4.395154E-07	 6.099799E-08
0.58523	-3.907484E-01	-1.262706E-01	-2.478859E-02	-8.097766E-03	-2.939510E-03	-1.200993E-03	-5.289313E-04	-2.312400E-04	-9.356146E-05	-3.372282E-05	-1.008627E-05	-2.252787E-06	-2.025306E-07	 3.320076E-07	-4.371123E-07	 6.881550E-08
0.58949	-3.903303E-01	-1.268893E-01	-2.514692E-02	-8.324778E-03	-3.036463E-03	-1.246588E-03	-5.520044E-04	-2.432876E-04	-9.952960E-05	-3.636343E-05	-1.105222E-05	-2.512187E-06	-2.176764E-07	 3.764153E-07	-4.316324E-07	 7.904495E-08
0.59372	-3.899070E-01	-1.274928E-01	-2.550506E-02	-8.554836E-03	-3.135525E-03	-1.293513E-03	-5.758151E-04	-2.557975E-04	-1.057930E-04	-3.917687E-05	-1.210321E-05	-2.803994E-06	-2.389717E-07	 4.239169E-07	-4.228837E-07	 9.212140E-08
0.59791	-3.894787E-01	-1.280816E-01	-2.586286E-02	-8.787843E-03	-3.236699E-03	-1.341788E-03	-6.003758E-04	-2.687786E-04	-1.123598E-04	-4.217043E-05	-1.324473E-05	-3.131465E-06	-2.677787E-07	 4.742789E-07	-4.105364E-07	 1.083671E-07
0.60208	-3.890456E-01	-1.286557E-01	-2.622016E-02	-9.023740E-03	-3.340000E-03	-1.391439E-03	-6.257021E-04	-2.822415E-04	-1.192384E-04	-4.535166E-05	-1.448263E-05	-3.498154E-06	-3.055735E-07	 5.272580E-07	-3.943353E-07	 1.281971E-07
0.60622	-3.886082E-01	-1.292155E-01	-2.657682E-02	-9.262431E-03	-3.445427E-03	-1.442486E-03	-6.518071E-04	-2.961956E-04	-1.264368E-04	-4.872798E-05	-1.582284E-05	-3.907771E-06	-3.540209E-07	 5.824688E-07	-3.741010E-07	 1.520684E-07
0.61033	-3.881664E-01	-1.297612E-01	-2.693268E-02	-9.503839E-03	-3.552986E-03	-1.494951E-03	-6.787062E-04	-3.106513E-04	-1.339631E-04	-5.230690E-05	-1.727138E-05	-4.364217E-06	-4.149542E-07	 6.394298E-07	-3.495540E-07	 1.803510E-07
0.61441	-3.877208E-01	-1.302931E-01	-2.728761E-02	-9.747863E-03	-3.662668E-03	-1.548854E-03	-7.064136E-04	-3.256184E-04	-1.418251E-04	-5.609584E-05	-1.883453E-05	-4.871643E-06	-4.903739E-07	 6.975719E-07	-3.206345E-07	 2.135795E-07
0.61847	-3.872715E-01	-1.308114E-01	-2.764148E-02	-9.994407E-03	-3.774469E-03	-1.604212E-03	-7.349437E-04	-3.411069E-04	-1.500308E-04	-6.010225E-05	-2.051850E-05	-5.434304E-06	-5.824899E-07	 7.561422E-07	-2.871257E-07	 2.521045E-07
0.62249	-3.868187E-01	-1.313163E-01	-2.799415E-02	-1.024339E-02	-3.888388E-03	-1.661051E-03	-7.643138E-04	-3.571280E-04	-1.585882E-04	-6.433365E-05	-2.232982E-05	-6.056764E-06	-6.936724E-07	 8.143441E-07	-2.490057E-07	 2.964187E-07
0.62650	-3.863627E-01	-1.318080E-01	-2.834549E-02	-1.049466E-02	-4.004390E-03	-1.719378E-03	-7.945357E-04	-3.736905E-04	-1.675044E-04	-6.879714E-05	-2.427488E-05	-6.743656E-06	-8.265110E-07	 8.711487E-07	-2.063232E-07	 3.469607E-07
0.63048	-3.859038E-01	-1.322869E-01	-2.869539E-02	-1.074813E-02	-4.122464E-03	-1.779212E-03	-8.256257E-04	-3.908058E-04	-1.767873E-04	-7.350006E-05	-2.636016E-05	-7.499791E-06	-9.837811E-07	 9.254049E-07	-1.590609E-07	 4.040714E-07
0.63443	-3.854420E-01	-1.327531E-01	-2.904374E-02	-1.100366E-02	-4.242582E-03	-1.840564E-03	-8.575981E-04	-4.084843E-04	-1.864449E-04	-7.844978E-05	-2.859240E-05	-8.330267E-06	-1.168483E-06	 9.758268E-07	-1.074948E-07	 4.682228E-07
0.63836	-3.849776E-01	-1.332069E-01	-2.939043E-02	-1.126116E-02	-4.364722E-03	-1.903448E-03	-8.904679E-04	-4.267376E-04	-1.964853E-04	-8.365392E-05	-3.097837E-05	-9.240249E-06	-1.383821E-06	 1.020883E-06	-5.177422E-08	 5.396737E-07
0.64226	-3.845107E-01	-1.336482E-01	-2.973541E-02	-1.152056E-02	-4.488884E-03	-1.967886E-03	-9.242551E-04	-4.455796E-04	-2.069181E-04	-8.912058E-05	-3.352522E-05	-1.023528E-05	-1.633214E-06	 1.058978E-06	 7.727240E-09	 6.188111E-07
0.64614	-3.840412E-01	-1.340774E-01	-3.007858E-02	-1.178177E-02	-4.615041E-03	-2.033886E-03	-9.589744E-04	-4.650224E-04	-2.177520E-04	-9.485778E-05	-3.624021E-05	-1.132104E-05	-1.920318E-06	 1.088257E-06	 7.050901E-08	 7.059211E-07
0.65000	-3.835694E-01	-1.344945E-01	-3.041987E-02	-1.204472E-02	-4.743187E-03	-2.101469E-03	-9.946452E-04	-4.850800E-04	-2.289966E-04	-1.008737E-04	-3.913063E-05	-1.250334E-05	-2.248962E-06	 1.106688E-06	 1.360581E-07	 8.012108E-07
0.65383	-3.830953E-01	-1.348996E-01	-3.075922E-02	-1.230933E-02	-4.873301E-03	-2.170648E-03	-1.031285E-03	-5.057659E-04	-2.406612E-04	-1.071765E-04	-4.220387E-05	-1.378820E-05	-2.623202E-06	 1.112105E-06	 2.036107E-07	 9.048926E-07
0.65765	-3.826190E-01	-1.352930E-01	-3.109654E-02	-1.257547E-02	-5.005344E-03	-2.241427E-03	-1.068907E-03	-5.270927E-04	-2.527548E-04	-1.137741E-04	-4.546733E-05	-1.518177E-05	-3.047323E-06	 1.102043E-06	 2.722812E-07	 1.017025E-06
0.66144	-3.821405E-01	-1.356747E-01	-3.143176E-02	-1.284305E-02	-5.139287E-03	-2.313813E-03	-1.107526E-03	-5.490732E-04	-2.652865E-04	-1.206745E-04	-4.892834E-05	-1.669020E-05	-3.525752E-06	 1.073885E-06	 3.410633E-07	 1.137631E-06
0.66521	-3.816602E-01	-1.360451E-01	-3.176480E-02	-1.311195E-02	-5.275097E-03	-2.387810E-03	-1.147156E-03	-5.717190E-04	-2.782649E-04	-1.278854E-04	-5.259408E-05	-1.831969E-05	-4.063046E-06	 1.024841E-06	 4.088015E-07	 1.266648E-06
0.66895	-3.811780E-01	-1.364041E-01	-3.209555E-02	-1.338213E-02	-5.412762E-03	-2.463429E-03	-1.187810E-03	-5.950430E-04	-2.916992E-04	-1.354146E-04	-5.647182E-05	-2.007652E-05	-4.663899E-06	 9.519644E-07	 4.742908E-07	 1.403932E-06
0.67268	-3.806941E-01	-1.367520E-01	-3.242392E-02	-1.365354E-02	-5.552275E-03	-2.540682E-03	-1.229505E-03	-6.190583E-04	-3.055982E-04	-1.432700E-04	-6.056879E-05	-2.196706E-05	-5.333117E-06	 8.521944E-07	 5.361188E-07	 1.549314E-06
0.67639	-3.802087E-01	-1.370890E-01	-3.274982E-02	-1.392608E-02	-5.693603E-03	-2.619573E-03	-1.272253E-03	-6.437763E-04	-3.199700E-04	-1.514586E-04	-6.489202E-05	-2.399767E-05	-6.075649E-06	 7.222552E-07	 5.926702E-07	 1.702492E-06
0.68007	-3.797219E-01	-1.374152E-01	-3.307316E-02	-1.419966E-02	-5.836704E-03	-2.700098E-03	-1.316062E-03	-6.692081E-04	-3.348229E-04	-1.599878E-04	-6.944849E-05	-2.617475E-05	-6.896627E-06	 5.586456E-07	 6.421492E-07	 1.862987E-06
0.68374	-3.792339E-01	-1.377309E-01	-3.339386E-02	-1.447416E-02	-5.981537E-03	-2.782253E-03	-1.360945E-03	-6.953654E-04	-3.501651E-04	-1.688649E-04	-7.424531E-05	-2.850486E-05	-7.801377E-06	 3.576284E-07	 6.826077E-07	 2.030170E-06
0.68739	-3.787447E-01	-1.380361E-01	-3.371185E-02	-1.474950E-02	-6.128068E-03	-2.866040E-03	-1.406913E-03	-7.222607E-04	-3.660057E-04	-1.780974E-04	-7.928963E-05	-3.099459E-05	-8.795348E-06	 1.153056E-07	 7.119228E-07	 2.203312E-06
0.69101	-3.782545E-01	-1.383310E-01	-3.402708E-02	-1.502562E-02	-6.276272E-03	-2.951463E-03	-1.453980E-03	-7.499074E-04	-3.823543E-04	-1.876936E-04	-8.458883E-05	-3.365072E-05	-9.884195E-06	-1.724318E-07	 7.278137E-07	 2.381532E-06
0.69462	-3.777633E-01	-1.386157E-01	-3.433947E-02	-1.530245E-02	-6.426122E-03	-3.038525E-03	-1.502159E-03	-7.783196E-04	-3.992207E-04	-1.976615E-04	-9.015046E-05	-3.648019E-05	-1.107373E-05	-5.098768E-07	 7.277695E-07	 2.563826E-06
0.69821	-3.772711E-01	-1.388903E-01	-3.464898E-02	-1.557990E-02	-6.577574E-03	-3.127218E-03	-1.551459E-03	-8.075088E-04	-4.166137E-04	-2.080087E-04	-9.598164E-05	-3.948974E-05	-1.236979E-05	-9.014872E-07	 7.090517E-07	 2.749027E-06
0.70178	-3.767781E-01	-1.391551E-01	-3.495555E-02	-1.585788E-02	-6.730587E-03	-3.217538E-03	-1.601890E-03	-8.374867E-04	-4.345420E-04	-2.187427E-04	-1.020893E-04	-4.268603E-05	-1.377829E-05	-1.351908E-06	 6.688260E-07	 2.935724E-06
0.70534	-3.762844E-01	-1.394101E-01	-3.525910E-02	-1.613631E-02	-6.885126E-03	-3.309480E-03	-1.653461E-03	-8.682664E-04	-4.530153E-04	-2.298715E-04	-1.084809E-04	-4.607596E-05	-1.530533E-05	-1.865942E-06	 6.040161E-07	 3.122413E-06
0.70887	-3.757900E-01	-1.396554E-01	-3.555960E-02	-1.641512E-02	-7.041145E-03	-3.403034E-03	-1.706181E-03	-8.998590E-04	-4.720422E-04	-2.414026E-04	-1.151632E-04	-4.966622E-05	-1.695700E-05	-2.448541E-06	 5.113481E-07	 3.307415E-06
0.71239	-3.752951E-01	-1.398913E-01	-3.585699E-02	-1.669423E-02	-7.198611E-03	-3.498196E-03	-1.760057E-03	-9.322769E-04	-4.916323E-04	-2.533439E-04	-1.221435E-04	-5.346366E-05	-1.873955E-05	-3.104844E-06	 3.874363E-07	 3.488796E-06
0.71589	-3.747996E-01	-1.401177E-01	-3.615122E-02	-1.697360E-02	-7.357499E-03	-3.594966E-03	-1.815104E-03	-9.655348E-04	-5.117965E-04	-2.657042E-04	-1.294293E-04	-5.747540E-05	-2.065945E-05	-3.840165E-06	 2.286413E-07	 3.664552E-06
0.71937	-3.743037E-01	-1.403348E-01	-3.644224E-02	-1.725315E-02	-7.517764E-03	-3.693329E-03	-1.871325E-03	-9.996432E-04	-5.325434E-04	-2.784912E-04	-1.370277E-04	-6.170822E-05	-2.272302E-05	-4.659909E-06	 3.106713E-08	 3.832486E-06
0.72284	-3.738073E-01	-1.405428E-01	-3.673001E-02	-1.753284E-02	-7.679377E-03	-3.793282E-03	-1.928730E-03	-1.034616E-03	-5.538839E-04	-2.917136E-04	-1.449463E-04	-6.616918E-05	-2.493690E-05	-5.569746E-06	-2.092090E-07	 3.990070E-06
0.72629	-3.733105E-01	-1.407416E-01	-3.701448E-02	-1.781262E-02	-7.842322E-03	-3.894830E-03	-1.987335E-03	-1.070468E-03	-5.758301E-04	-3.053813E-04	-1.531931E-04	-7.086577E-05	-2.730791E-05	-6.575487E-06	-4.964538E-07	 4.134757E-06
0.72973	-3.728133E-01	-1.409313E-01	-3.729562E-02	-1.809244E-02	-8.006554E-03	-3.997953E-03	-2.047140E-03	-1.107212E-03	-5.983910E-04	-3.195022E-04	-1.617754E-04	-7.580490E-05	-2.984265E-05	-7.683006E-06	-8.351455E-07	 4.263775E-06
0.73314	-3.723159E-01	-1.411121E-01	-3.757340E-02	-1.837227E-02	-8.172052E-03	-4.102653E-03	-2.108160E-03	-1.144861E-03	-6.215789E-04	-3.340863E-04	-1.707014E-04	-8.099403E-05	-3.254819E-05	-8.898509E-06	-1.229782E-06	 4.373928E-06
0.73655	-3.718180E-01	-1.412838E-01	-3.784775E-02	-1.865207E-02	-8.338799E-03	-4.208934E-03	-2.170408E-03	-1.183434E-03	-6.454070E-04	-3.491441E-04	-1.799796E-04	-8.644100E-05	-3.543172E-05	-1.022831E-05	-1.685292E-06	 4.462122E-06
0.73993	-3.713199E-01	-1.414468E-01	-3.811867E-02	-1.893179E-02	-8.506747E-03	-4.316772E-03	-2.233885E-03	-1.222940E-03	-6.698841E-04	-3.646840E-04	-1.896175E-04	-9.215277E-05	-3.850008E-05	-1.167873E-05	-2.206687E-06	 4.524863E-06
0.74330	-3.708214E-01	-1.416009E-01	-3.838612E-02	-1.921140E-02	-8.675882E-03	-4.426172E-03	-2.298605E-03	-1.263395E-03	-6.950243E-04	-3.807172E-04	-1.996239E-04	-9.813732E-05	-4.176078E-05	-1.325650E-05	-2.799092E-06	 4.558326E-06
0.74666	-3.703226E-01	-1.417461E-01	-3.865005E-02	-1.949089E-02	-8.846188E-03	-4.537138E-03	-2.364583E-03	-1.304818E-03	-7.208416E-04	-3.972553E-04	-2.100080E-04	-1.044029E-04	-4.522139E-05	-1.496845E-05	-3.468073E-06	 4.558760E-06
0.75000	-3.698236E-01	-1.418827E-01	-3.891044E-02	-1.977018E-02	-9.017613E-03	-4.649641E-03	-2.431817E-03	-1.347217E-03	-7.473452E-04	-4.143069E-04	-2.207775E-04	-1.109565E-04	-4.888901E-05	-1.682132E-05	-4.219203E-06	 4.522014E-06
0.75333	-3.693242E-01	-1.420105E-01	-3.916727E-02	-2.004930E-02	-9.190157E-03	-4.763696E-03	-2.500324E-03	-1.390612E-03	-7.745513E-04	-4.318852E-04	-2.319424E-04	-1.178070E-04	-5.277177E-05	-1.882248E-05	-5.058234E-06	 4.443524E-06
0.75664	-3.688243E-01	-1.421295E-01	-3.942048E-02	-2.032823E-02	-9.363821E-03	-4.879312E-03	-2.570126E-03	-1.435027E-03	-8.024773E-04	-4.500041E-04	-2.435134E-04	-1.249635E-04	-5.687795E-05	-2.097943E-05	-5.991433E-06	 4.318867E-06
0.75993	-3.683242E-01	-1.422398E-01	-3.967006E-02	-2.060694E-02	-9.538556E-03	-4.996463E-03	-2.641217E-03	-1.480467E-03	-8.311324E-04	-4.686731E-04	-2.554986E-04	-1.324337E-04	-6.121506E-05	-2.329942E-05	-7.025037E-06	 4.143257E-06
0.76322	-3.678236E-01	-1.423414E-01	-3.991596E-02	-2.088545E-02	-9.714376E-03	-5.115169E-03	-2.713622E-03	-1.526957E-03	-8.605362E-04	-4.879078E-04	-2.679098E-04	-1.402272E-04	-6.579200E-05	-2.579056E-05	-8.165478E-06	 3.911319E-06
0.76649	-3.673225E-01	-1.424340E-01	-4.015813E-02	-2.116381E-02	-9.891301E-03	-5.235456E-03	-2.787369E-03	-1.574526E-03	-8.907098E-04	-5.077250E-04	-2.807596E-04	-1.483546E-04	-7.061803E-05	-2.846119E-05	-9.419837E-06	 3.617909E-06
0.76974	-3.668209E-01	-1.425179E-01	-4.039655E-02	-2.144195E-02	-1.006928E-02	-5.357292E-03	-2.862452E-03	-1.623179E-03	-9.216628E-04	-5.281350E-04	-2.940568E-04	-1.568240E-04	-7.570112E-05	-3.131913E-05	-1.079502E-05	 3.257540E-06
0.77298	-3.663189E-01	-1.425928E-01	-4.063116E-02	-2.171991E-02	-1.024832E-02	-5.480696E-03	-2.938892E-03	-1.672941E-03	-9.534154E-04	-5.491547E-04	-3.078140E-04	-1.656459E-04	-8.105075E-05	-3.437313E-05	-1.229814E-05	 2.824000E-06
0.77621	-3.658162E-01	-1.426587E-01	-4.086189E-02	-2.199776E-02	-1.042848E-02	-5.605712E-03	-3.016730E-03	-1.723846E-03	-9.859937E-04	-5.708045E-04	-3.220462E-04	-1.748324E-04	-8.667739E-05	-3.763254E-05	-1.393712E-05	 2.311263E-06
0.77942	-3.653128E-01	-1.427156E-01	-4.108871E-02	-2.227546E-02	-1.060969E-02	-5.732316E-03	-3.095964E-03	-1.775905E-03	-1.019410E-03	-5.930968E-04	-3.367638E-04	-1.843929E-04	-9.258984E-05	-4.110596E-05	-1.571962E-05	 1.713067E-06
0.78262	-3.648089E-01	-1.427635E-01	-4.131156E-02	-2.255303E-02	-1.079197E-02	-5.860521E-03	-3.176612E-03	-1.829140E-03	-1.053683E-03	-6.160489E-04	-3.519797E-04	-1.943382E-04	-9.879806E-05	-4.480272E-05	-1.765346E-05	 1.022360E-06
0.78581	-3.643042E-01	-1.428021E-01	-4.153037E-02	-2.283049E-02	-1.097535E-02	-5.990365E-03	-3.258714E-03	-1.883587E-03	-1.088840E-03	-6.396824E-04	-3.677099E-04	-2.046811E-04	-1.053131E-04	-4.873286E-05	-1.974712E-05	 2.320544E-07
0.78899	-3.637989E-01	-1.428317E-01	-4.174509E-02	-2.310779E-02	-1.115975E-02	-6.121812E-03	-3.342261E-03	-1.939250E-03	-1.124892E-03	-6.640090E-04	-3.839643E-04	-2.154309E-04	-1.121439E-04	-5.290522E-05	-2.200877E-05	-6.647546E-07
0.79215	-3.632930E-01	-1.428521E-01	-4.195568E-02	-2.338494E-02	-1.134518E-02	-6.254875E-03	-3.427271E-03	-1.996153E-03	-1.161860E-03	-6.890473E-04	-4.007569E-04	-2.265992E-04	-1.193012E-04	-5.732992E-05	-2.444677E-05	-1.676438E-06
0.79530	-3.627862E-01	-1.428631E-01	-4.216205E-02	-2.366197E-02	-1.153167E-02	-6.389605E-03	-3.513795E-03	-2.054342E-03	-1.199777E-03	-7.148234E-04	-4.181059E-04	-2.382006E-04	-1.267972E-04	-6.201785E-05	-2.707031E-05	-2.810987E-06
0.79844	-3.622788E-01	-1.428651E-01	-4.236417E-02	-2.393874E-02	-1.171909E-02	-6.525902E-03	-3.601784E-03	-2.113798E-03	-1.238640E-03	-7.413420E-04	-4.360169E-04	-2.502415E-04	-1.346389E-04	-6.697701E-05	-2.988739E-05	-4.075392E-06
0.80156	-3.617709E-01	-1.428580E-01	-4.256201E-02	-2.421530E-02	-1.190744E-02	-6.663758E-03	-3.691241E-03	-2.174537E-03	-1.278470E-03	-7.686218E-04	-4.545044E-04	-2.627341E-04	-1.428381E-04	-7.221837E-05	-3.290691E-05	-5.479167E-06
0.80467	-3.612618E-01	-1.428409E-01	-4.275536E-02	-2.449200E-02	-1.209698E-02	-6.803395E-03	-3.782321E-03	-2.236674E-03	-1.319345E-03	-7.967201E-04	-4.736069E-04	-2.757069E-04	-1.514165E-04	-7.775940E-05	-3.614198E-05	-7.033109E-06
0.80777	-3.607515E-01	-1.428135E-01	-4.294412E-02	-2.476898E-02	-1.228776E-02	-6.944848E-03	-3.875055E-03	-2.300246E-03	-1.361301E-03	-8.256676E-04	-4.933484E-04	-2.891798E-04	-1.603901E-04	-8.361452E-05	-3.960494E-05	-8.746140E-06
0.81086	-3.602399E-01	-1.427756E-01	-4.312818E-02	-2.504637E-02	-1.247983E-02	-7.088126E-03	-3.969459E-03	-2.365277E-03	-1.404364E-03	-8.554914E-04	-5.137503E-04	-3.031711E-04	-1.697750E-04	-8.979838E-05	-4.330765E-05	-1.062939E-05
0.81394	-3.597263E-01	-1.427261E-01	-4.330728E-02	-2.532457E-02	-1.267349E-02	-7.233492E-03	-4.065716E-03	-2.431906E-03	-1.448633E-03	-8.862635E-04	-5.348623E-04	-3.177174E-04	-1.795993E-04	-9.633353E-05	-4.726662E-05	-1.269694E-05
0.81701	-3.592104E-01	-1.426646E-01	-4.348124E-02	-2.560380E-02	-1.286886E-02	-7.381058E-03	-4.163915E-03	-2.500212E-03	-1.494168E-03	-9.180332E-04	-5.567207E-04	-3.328479E-04	-1.898857E-04	-1.032395E-04	-5.149761E-05	-1.496048E-05
0.82006	-3.586927E-01	-1.425911E-01	-4.364994E-02	-2.588402E-02	-1.306587E-02	-7.530761E-03	-4.264031E-03	-2.570193E-03	-1.540984E-03	-9.508209E-04	-5.793440E-04	-3.485797E-04	-2.006498E-04	-1.105314E-04	-5.601301E-05	-1.743199E-05
0.82310	-3.581727E-01	-1.425050E-01	-4.381318E-02	-2.616545E-02	-1.326467E-02	-7.682747E-03	-4.366175E-03	-2.641944E-03	-1.589153E-03	-9.846849E-04	-6.027739E-04	-3.649456E-04	-2.119179E-04	-1.182312E-04	-6.082940E-05	-2.012702E-05
0.82614	-3.576499E-01	-1.424053E-01	-4.397065E-02	-2.644839E-02	-1.346548E-02	-7.837241E-03	-4.470517E-03	-2.715598E-03	-1.638773E-03	-1.019701E-03	-6.270651E-04	-3.819876E-04	-2.237228E-04	-1.263661E-04	-6.596675E-05	-2.306268E-05
0.82916	-3.571243E-01	-1.422918E-01	-4.412216E-02	-2.673294E-02	-1.366832E-02	-7.994302E-03	-4.577118E-03	-2.791215E-03	-1.689898E-03	-1.055917E-03	-6.522545E-04	-3.997370E-04	-2.360902E-04	-1.349587E-04	-7.144243E-05	-2.625475E-05
0.83217	-3.565959E-01	-1.421643E-01	-4.426753E-02	-2.701911E-02	-1.387321E-02	-8.153976E-03	-4.686029E-03	-2.868851E-03	-1.742578E-03	-1.093380E-03	-6.783786E-04	-4.182246E-04	-2.490459E-04	-1.440314E-04	-7.727337E-05	-2.972064E-05
0.83516	-3.560645E-01	-1.420221E-01	-4.440653E-02	-2.730700E-02	-1.408020E-02	-8.316377E-03	-4.797358E-03	-2.948601E-03	-1.796891E-03	-1.132154E-03	-7.054849E-04	-4.374888E-04	-2.626213E-04	-1.536106E-04	-8.347880E-05	-3.347966E-05
0.83815	-3.555300E-01	-1.418650E-01	-4.453896E-02	-2.759662E-02	-1.428928E-02	-8.481570E-03	-4.911176E-03	-3.030536E-03	-1.852899E-03	-1.172293E-03	-7.336154E-04	-4.575653E-04	-2.768458E-04	-1.637216E-04	-9.007725E-05	-3.755106E-05
0.84113	-3.549924E-01	-1.416928E-01	-4.466465E-02	-2.788791E-02	-1.450040E-02	-8.649566E-03	-5.027521E-03	-3.114706E-03	-1.910652E-03	-1.213846E-03	-7.628073E-04	-4.784863E-04	-2.917474E-04	-1.743884E-04	-9.708595E-05	-4.195463E-05
0.84410	-3.544518E-01	-1.415054E-01	-4.478341E-02	-2.818083E-02	-1.471349E-02	-8.820396E-03	-5.146443E-03	-3.201172E-03	-1.970209E-03	-1.256867E-03	-7.931026E-04	-5.002883E-04	-3.073567E-04	-1.856369E-04	-1.045233E-04	-4.671126E-05
0.84705	-3.539080E-01	-1.413022E-01	-4.489501E-02	-2.847543E-02	-1.492857E-02	-8.994147E-03	-5.268030E-03	-3.290021E-03	-2.031648E-03	-1.301423E-03	-8.245530E-04	-5.230151E-04	-3.237106E-04	-1.974974E-04	-1.124102E-04	-5.184493E-05
0.85000	-3.533609E-01	-1.410828E-01	-4.499915E-02	-2.877180E-02	-1.514570E-02	-9.170944E-03	-5.392398E-03	-3.381361E-03	-2.095062E-03	-1.347594E-03	-8.572187E-04	-5.467176E-04	-3.408506E-04	-2.100037E-04	-1.207698E-04	-5.738109E-05
0.85294	-3.528102E-01	-1.408465E-01	-4.509553E-02	-2.907004E-02	-1.536490E-02	-9.350904E-03	-5.519656E-03	-3.475301E-03	-2.160545E-03	-1.395462E-03	-8.911626E-04	-5.714495E-04	-3.588215E-04	-2.231916E-04	-1.296264E-04	-6.334747E-05
0.85586	-3.522559E-01	-1.405929E-01	-4.518389E-02	-2.937016E-02	-1.558615E-02	-9.534115E-03	-5.649901E-03	-3.571940E-03	-2.228189E-03	-1.445106E-03	-9.264473E-04	-5.972654E-04	-3.776687E-04	-2.370975E-04	-1.390044E-04	-6.977233E-05
0.85878	-3.516979E-01	-1.403215E-01	-4.526394E-02	-2.967218E-02	-1.580942E-02	-9.720653E-03	-5.783219E-03	-3.671373E-03	-2.298082E-03	-1.496607E-03	-9.631359E-04	-6.242209E-04	-3.974393E-04	-2.517584E-04	-1.489283E-04	-7.668579E-05
0.86168	-3.511361E-01	-1.400319E-01	-4.533544E-02	-2.997604E-02	-1.603464E-02	-9.910581E-03	-5.919693E-03	-3.773695E-03	-2.370314E-03	-1.550046E-03	-1.001292E-03	-6.523737E-04	-4.181819E-04	-2.672121E-04	-1.594231E-04	-8.411901E-05
0.86458	-3.505705E-01	-1.397240E-01	-4.539816E-02	-3.028163E-02	-1.626168E-02	-1.010392E-02	-6.059377E-03	-3.878982E-03	-2.444965E-03	-1.605495E-03	-1.040977E-03	-6.817795E-04	-4.399445E-04	-2.834951E-04	-1.705129E-04	-9.210360E-05
0.86747	-3.500013E-01	-1.393975E-01	-4.545191E-02	-3.058878E-02	-1.649035E-02	-1.030065E-02	-6.202292E-03	-3.987287E-03	-2.522098E-03	-1.663019E-03	-1.082245E-03	-7.124905E-04	-4.627732E-04	-3.006420E-04	-1.822202E-04	-1.006713E-04
0.87034	-3.494286E-01	-1.390524E-01	-4.549649E-02	-3.089734E-02	-1.672047E-02	-1.050075E-02	-6.348470E-03	-4.098672E-03	-2.601785E-03	-1.722686E-03	-1.125152E-03	-7.445637E-04	-4.867178E-04	-3.186893E-04	-1.945694E-04	-1.098564E-04
0.87321	-3.488523E-01	-1.386883E-01	-4.553168E-02	-3.120720E-02	-1.695192E-02	-1.070429E-02	-6.497991E-03	-4.213238E-03	-2.684123E-03	-1.784585E-03	-1.169775E-03	-7.780684E-04	-5.118381E-04	-3.376798E-04	-2.075903E-04	-1.196983E-04
0.87607	-3.482724E-01	-1.383050E-01	-4.555728E-02	-3.151817E-02	-1.718448E-02	-1.091126E-02	-6.650903E-03	-4.331066E-03	-2.769201E-03	-1.848798E-03	-1.216181E-03	-8.130722E-04	-5.381927E-04	-3.576553E-04	-2.213127E-04	-1.302363E-04
0.87892	-3.476890E-01	-1.379026E-01	-4.557326E-02	-3.182993E-02	-1.741784E-02	-1.112156E-02	-6.807172E-03	-4.452175E-03	-2.857062E-03	-1.915374E-03	-1.264420E-03	-8.496293E-04	-5.658306E-04	-3.786485E-04	-2.357621E-04	-1.415075E-04
0.88176	-3.471025E-01	-1.374816E-01	-4.557970E-02	-3.214206E-02	-1.765155E-02	-1.133495E-02	-6.966671E-03	-4.576520E-03	-2.947703E-03	-1.984330E-03	-1.314517E-03	-8.877768E-04	-5.947880E-04	-4.006815E-04	-2.509579E-04	-1.535439E-04
0.88459	-3.465133E-01	-1.370426E-01	-4.557674E-02	-3.245423E-02	-1.788522E-02	-1.155125E-02	-7.129304E-03	-4.704067E-03	-3.041130E-03	-2.055685E-03	-1.366503E-03	-9.275568E-04	-6.251059E-04	-4.237793E-04	-2.669255E-04	-1.663837E-04
0.88741	-3.459209E-01	-1.365848E-01	-4.556428E-02	-3.276627E-02	-1.811865E-02	-1.177054E-02	-7.295187E-03	-4.834970E-03	-3.137481E-03	-2.129559E-03	-1.420477E-03	-9.690653E-04	-6.568638E-04	-4.479942E-04	-2.837153E-04	-1.800838E-04
0.89022	-3.453246E-01	-1.361081E-01	-4.554257E-02	-3.307781E-02	-1.835146E-02	-1.199271E-02	-7.464324E-03	-4.969303E-03	-3.236847E-03	-2.206038E-03	-1.476522E-03	-1.012385E-03	-6.901305E-04	-4.733706E-04	-3.013755E-04	-1.946945E-04
0.89303	-3.447251E-01	-1.356143E-01	-4.551257E-02	-3.338805E-02	-1.858279E-02	-1.221704E-02	-7.636210E-03	-5.106725E-03	-3.339015E-03	-2.284983E-03	-1.534562E-03	-1.057485E-03	-7.248901E-04	-4.998902E-04	-3.199157E-04	-2.102334E-04
0.89582	-3.441227E-01	-1.351045E-01	-4.547514E-02	-3.369648E-02	-1.881195E-02	-1.244297E-02	-7.810498E-03	-5.247016E-03	-3.443857E-03	-2.366315E-03	-1.594560E-03	-1.104355E-03	-7.611401E-04	-5.275414E-04	-3.393570E-04	-2.267287E-04
0.89861	-3.435164E-01	-1.345779E-01	-4.543071E-02	-3.400321E-02	-1.903874E-02	-1.267067E-02	-7.987357E-03	-5.390409E-03	-3.551581E-03	-2.450208E-03	-1.656659E-03	-1.153123E-03	-7.989734E-04	-5.563816E-04	-3.597723E-04	-2.442453E-04
0.90139	-3.429031E-01	-1.340330E-01	-4.538069E-02	-3.430820E-02	-1.926304E-02	-1.290012E-02	-8.166836E-03	-5.537038E-03	-3.662350E-03	-2.536833E-03	-1.721029E-03	-1.203949E-03	-8.385200E-04	-5.865178E-04	-3.812762E-04	-2.628548E-04
0.90416	-3.422785E-01	-1.334679E-01	-4.532654E-02	-3.461040E-02	-1.948412E-02	-1.313046E-02	-8.348347E-03	-5.686488E-03	-3.775947E-03	-2.626083E-03	-1.787663E-03	-1.256862E-03	-8.798267E-04	-6.180146E-04	-4.039617E-04	-2.826045E-04
0.90692	-3.416428E-01	-1.328835E-01	-4.526937E-02	-3.490974E-02	-1.970169E-02	-1.336152E-02	-8.531740E-03	-5.838682E-03	-3.892353E-03	-2.717979E-03	-1.856601E-03	-1.311909E-03	-9.229269E-04	-6.509030E-04	-4.278869E-04	-3.035309E-04
0.90967	-3.409974E-01	-1.322813E-01	-4.520937E-02	-3.520630E-02	-1.991540E-02	-1.359336E-02	-8.717027E-03	-5.993712E-03	-4.011650E-03	-2.812597E-03	-1.927899E-03	-1.369137E-03	-9.678448E-04	-6.851941E-04	-4.530855E-04	-3.256476E-04
0.91241	-3.403419E-01	-1.316621E-01	-4.514766E-02	-3.549948E-02	-2.012470E-02	-1.382544E-02	-8.903780E-03	-6.151279E-03	-4.133654E-03	-2.909830E-03	-2.001508E-03	-1.428533E-03	-1.014573E-03	-7.208982E-04	-4.796038E-04	-3.489570E-04
0.91515	-3.396746E-01	-1.310270E-01	-4.508599E-02	-3.578808E-02	-2.032879E-02	-1.405669E-02	-9.091160E-03	-6.310716E-03	-4.257924E-03	-3.009374E-03	-2.077251E-03	-1.489982E-03	-1.063037E-03	-7.579907E-04	-5.074689E-04	-3.734407E-04
0.91788	-3.389959E-01	-1.303783E-01	-4.502596E-02	-3.607177E-02	-2.052725E-02	-1.428656E-02	-9.278677E-03	-6.471659E-03	-4.384216E-03	-3.111070E-03	-2.155027E-03	-1.553415E-03	-1.113179E-03	-7.964379E-04	-5.366899E-04	-3.990798E-04
0.92060	-3.383060E-01	-1.297172E-01	-4.496859E-02	-3.635044E-02	-2.071982E-02	-1.451482E-02	-9.466030E-03	-6.633915E-03	-4.512410E-03	-3.214841E-03	-2.234792E-03	-1.618805E-03	-1.164973E-03	-8.362327E-04	-5.672820E-04	-4.258562E-04
0.92331	-3.376030E-01	-1.290433E-01	-4.491482E-02	-3.662374E-02	-2.090638E-02	-1.474109E-02	-9.652856E-03	-6.797236E-03	-4.642362E-03	-3.320605E-03	-2.316514E-03	-1.686148E-03	-1.218427E-03	-8.774078E-04	-5.992925E-04	-4.537729E-04
0.92601	-3.368855E-01	-1.283571E-01	-4.486604E-02	-3.689134E-02	-2.108686E-02	-1.496483E-02	-9.838619E-03	-6.961220E-03	-4.773810E-03	-3.428186E-03	-2.400096E-03	-1.755381E-03	-1.273510E-03	-9.199638E-04	-6.327298E-04	-4.828075E-04
0.92871	-3.361539E-01	-1.276607E-01	-4.482353E-02	-3.715315E-02	-2.126121E-02	-1.518530E-02	-1.002258E-02	-7.125275E-03	-4.906329E-03	-3.537265E-03	-2.485319E-03	-1.826349E-03	-1.330112E-03	-9.638244E-04	-6.675301E-04	-5.128954E-04
0.93140	-3.354095E-01	-1.269556E-01	-4.478752E-02	-3.740978E-02	-2.142963E-02	-1.540202E-02	-1.020414E-02	-7.288887E-03	-5.039529E-03	-3.647543E-03	-2.571971E-03	-1.898903E-03	-1.388127E-03	-1.008895E-03	-7.036049E-04	-5.439751E-04
0.93408	-3.346521E-01	-1.262383E-01	-4.475637E-02	-3.766331E-02	-2.159346E-02	-1.561605E-02	-1.038381E-02	-7.452542E-03	-5.173800E-03	-3.759352E-03	-2.660326E-03	-1.973302E-03	-1.447784E-03	-1.055342E-03	-7.410594E-04	-5.761495E-04
0.93675	-3.338751E-01	-1.254963E-01	-4.472543E-02	-3.791625E-02	-2.175503E-02	-1.583011E-02	-1.056344E-02	-7.617935E-03	-5.310500E-03	-3.873856E-03	-2.751341E-03	-2.050377E-03	-1.509809E-03	-1.103770E-03	-7.803269E-04	-6.097738E-04
0.93941	-3.330709E-01	-1.247148E-01	-4.468876E-02	-3.817070E-02	-2.191677E-02	-1.604736E-02	-1.074530E-02	-7.787200E-03	-5.451352E-03	-3.992552E-03	-2.846265E-03	-2.131221E-03	-1.575149E-03	-1.154982E-03	-8.220161E-04	-6.453433E-04
0.94207	-3.322401E-01	-1.238893E-01	-4.464220E-02	-3.842758E-02	-2.207939E-02	-1.626910E-02	-1.093013E-02	-7.961087E-03	-5.596918E-03	-4.115968E-03	-2.945569E-03	-2.216298E-03	-1.644205E-03	-1.209313E-03	-8.664017E-04	-6.830904E-04
0.94472	-3.313922E-01	-1.230265E-01	-4.458504E-02	-3.868749E-02	-2.224246E-02	-1.649483E-02	-1.111719E-02	-8.138941E-03	-5.746559E-03	-4.243595E-03	-3.048892E-03	-2.305388E-03	-1.716771E-03	-1.266567E-03	-9.133932E-04	-7.229539E-04
0.94736	-3.305310E-01	-1.221290E-01	-4.451566E-02	-3.895020E-02	-2.240554E-02	-1.672389E-02	-1.130577E-02	-8.320154E-03	-5.899715E-03	-4.375006E-03	-3.155973E-03	-2.398367E-03	-1.792746E-03	-1.326668E-03	-9.630056E-04	-7.649456E-04
0.95000	-3.296552E-01	-1.211898E-01	-4.443023E-02	-3.921710E-02	-2.256970E-02	-1.695795E-02	-1.149690E-02	-8.505622E-03	-6.056987E-03	-4.510748E-03	-3.267335E-03	-2.495793E-03	-1.872588E-03	-1.389999E-03	-1.015665E-03	-8.094264E-04
0.95263	-3.287569E-01	-1.201887E-01	-4.431914E-02	-3.948989E-02	-2.273667E-02	-1.720186E-02	-1.169422E-02	-8.699010E-03	-6.221218E-03	-4.653340E-03	-3.385108E-03	-2.599584E-03	-1.957867E-03	-1.457913E-03	-1.072559E-03	-8.573251E-04
0.95525	-3.278310E-01	-1.191107E-01	-4.417470E-02	-3.976884E-02	-2.290687E-02	-1.745911E-02	-1.190036E-02	-8.903175E-03	-6.394564E-03	-4.804768E-03	-3.511034E-03	-2.711388E-03	-2.049926E-03	-1.531614E-03	-1.134805E-03	-9.094937E-04
0.95786	-3.268828E-01	-1.179616E-01	-4.399798E-02	-4.005264E-02	-2.307855E-02	-1.772823E-02	-1.211404E-02	-9.116907E-03	-6.575771E-03	-4.964042E-03	-3.644457E-03	-2.830797E-03	-2.148431E-03	-1.611011E-03	-1.202486E-03	-9.659379E-04
0.96047	-3.259199E-01	-1.167512E-01	-4.379071E-02	-4.033907E-02	-2.324901E-02	-1.800695E-02	-1.233355E-02	-9.338632E-03	-6.763256E-03	-5.129850E-03	-3.784428E-03	-2.957128E-03	-2.252715E-03	-1.695691E-03	-1.275496E-03	-1.026534E-03
0.96307	-3.249478E-01	-1.154799E-01	-4.355009E-02	-4.062656E-02	-2.341595E-02	-1.829591E-02	-1.255952E-02	-9.569463E-03	-6.957601E-03	-5.302785E-03	-3.931522E-03	-3.090958E-03	-2.363062E-03	-1.786073E-03	-1.354385E-03	-1.091659E-03
0.96566	-3.239667E-01	-1.141425E-01	-4.327260E-02	-4.091348E-02	-2.357704E-02	-1.859609E-02	-1.279286E-02	-9.810850E-03	-7.159657E-03	-5.483716E-03	-4.086561E-03	-3.233077E-03	-2.479935E-03	-1.882832E-03	-1.439915E-03	-1.161841E-03
0.96825	-3.229741E-01	-1.127347E-01	-4.295753E-02	-4.119791E-02	-2.373015E-02	-1.890740E-02	-1.303363E-02	-1.006338E-02	-7.369627E-03	-5.673034E-03	-4.249985E-03	-3.383862E-03	-2.603545E-03	-1.986602E-03	-1.532705E-03	-1.237500E-03
0.97082	-3.219692E-01	-1.112563E-01	-4.260598E-02	-4.147775E-02	-2.387241E-02	-1.922865E-02	-1.328102E-02	-1.032684E-02	-7.587079E-03	-5.870667E-03	-4.421836E-03	-3.543289E-03	-2.733725E-03	-2.097717E-03	-1.633069E-03	-1.318857E-03
0.97340	-3.209561E-01	-1.097094E-01	-4.221943E-02	-4.175211E-02	-2.400063E-02	-1.955897E-02	-1.353422E-02	-1.060111E-02	-7.811652E-03	-6.076679E-03	-4.602244E-03	-3.711299E-03	-2.870215E-03	-2.216506E-03	-1.741196E-03	-1.406069E-03
0.97596	-3.199330E-01	-1.080850E-01	-4.179481E-02	-4.201978E-02	-2.411132E-02	-1.989946E-02	-1.379378E-02	-1.088777E-02	-8.044426E-03	-6.292577E-03	-4.792527E-03	-3.888792E-03	-3.013584E-03	-2.344154E-03	-1.857855E-03	-1.499843E-03
0.97852	-3.188915E-01	-1.063629E-01	-4.132580E-02	-4.227826E-02	-2.420030E-02	-2.025290E-02	-1.406128E-02	-1.119014E-02	-8.288022E-03	-6.521571E-03	-4.995358E-03	-4.077738E-03	-3.165461E-03	-2.482966E-03	-1.984507E-03	-1.601625E-03
0.98107	-3.178255E-01	-1.045329E-01	-4.081243E-02	-4.252391E-02	-2.426234E-02	-2.061935E-02	-1.433586E-02	-1.150934E-02	-8.543422E-03	-6.765701E-03	-5.212332E-03	-4.279064E-03	-3.326855E-03	-2.634708E-03	-2.121854E-03	-1.712557E-03
0.98362	-3.167358E-01	-1.026063E-01	-4.026682E-02	-4.275415E-02	-2.429276E-02	-2.099435E-02	-1.461274E-02	-1.184167E-02	-8.807830E-03	-7.023557E-03	-5.441925E-03	-4.490767E-03	-3.496606E-03	-2.798951E-03	-2.268495E-03	-1.832408E-03
0.98615	-3.156210E-01	-1.005897E-01	-3.969897E-02	-4.296555E-02	-2.428678E-02	-2.137451E-02	-1.488758E-02	-1.218453E-02	-9.079598E-03	-7.294986E-03	-5.683457E-03	-4.711719E-03	-3.674646E-03	-2.975773E-03	-2.423326E-03	-1.961548E-03
0.98869	-3.144758E-01	-9.847826E-02	-3.911365E-02	-4.315356E-02	-2.423905E-02	-2.175890E-02	-1.515699E-02	-1.253740E-02	-9.358784E-03	-7.581684E-03	-5.937635E-03	-4.942333E-03	-3.862470E-03	-3.166184E-03	-2.586119E-03	-2.101332E-03
0.99121	-3.132950E-01	-9.627095E-02	-3.851906E-02	-4.331452E-02	-2.414544E-02	-2.214585E-02	-1.541618E-02	-1.289828E-02	-9.644190E-03	-7.884176E-03	-6.203935E-03	-5.182578E-03	-4.061542E-03	-3.370396E-03	-2.756415E-03	-2.253012E-03
0.99373	-3.120730E-01	-9.397146E-02	-3.792743E-02	-4.344669E-02	-2.400453E-02	-2.253306E-02	-1.565907E-02	-1.326327E-02	-9.932743E-03	-8.201016E-03	-6.480380E-03	-5.432183E-03	-4.272840E-03	-3.587334E-03	-2.933589E-03	-2.417138E-03
0.99624	-3.108003E-01	-9.157097E-02	-3.734664E-02	-4.354962E-02	-2.381573E-02	-2.291891E-02	-1.587758E-02	-1.363002E-02	-1.022268E-02	-8.531860E-03	-6.767751E-03	-5.694545E-03	-4.498360E-03	-3.816776E-03	-3.118272E-03	-2.594046E-03
0.99875	-3.094612E-01	-8.905049E-02	-3.678524E-02	-4.362645E-02	-2.358019E-02	-2.330221E-02	-1.606151E-02	-1.399624E-02	-1.051450E-02	-8.880115E-03	-7.065320E-03	-5.969186E-03	-4.741033E-03	-4.059162E-03	-3.311588E-03	-2.786342E-03
