r	   0/   0	   1/   0	   2/   0	   3/   0	   4/   0	   5/   0	   6/   0	   7/   0	   8/   0	   9/   0	  10/   0	  11/   0	  12/   0	  13/   0	  14/   0	  15/   0
0.05000	 0.000000E+00	 2.527760E-06	 3.551143E-07	 7.248663E-08	 2.914531E-09	-1.144788E-08	-3.787268E-09	-2.385719E-09	 1.415087E-09	 3.148636E-10	 2.443973E-10	 3.716513E-11	 1.299437E-10	-2.768009E-11	 5.728624E-12	 4.300080E-11
0.08660	 0.000000E+00	 4.340811E-06	 9.656028E-07	 2.059710E-07	 5.158028E-08	 2.402132E-09	-1.577547E-08	-1.571011E-08	-6.305141E-09	-6.630741E-12	 2.695876E-10	 1.418565E-10	 6.358618E-11	-7.099860E-11	-9.937415E-12	-5.328978E-11
0.11180	 0.000000E+00	 5.559104E-06	 1.503136E-06	 3.027263E-07	 9.599605E-08	 3.595722E-08	-1.400990E-08	-2.070020E-08	-9.184493E-09	-5.637698E-10	 2.643229E-10	 4.881016E-11	 6.183824E-11	-7.131120E-11	-4.029845E-11	 1.060229E-11
0.13229	 0.000000E+00	 6.524420E-06	 2.052441E-06	 4.178953E-07	 1.193350E-07	 5.333010E-08	-8.334827E-09	-2.116964E-08	-9.338915E-09	-3.035533E-10	 2.769476E-10	 2.642954E-12	-4.830560E-11	-1.262091E-10	-7.760633E-11	 2.761452E-11
0.15000	 0.000000E+00	 7.331952E-06	 2.601951E-06	 5.693247E-07	 1.543157E-07	 6.327194E-08	-7.543884E-09	-1.965624E-08	-7.338040E-09	 5.526157E-10	 5.139815E-10	-1.804627E-11	-1.207185E-10	-1.259834E-10	-1.221198E-10	 1.151465E-10
0.16583	 0.000000E+00	 8.029235E-06	 3.150086E-06	 7.534878E-07	 1.995104E-07	 7.003320E-08	-5.878509E-09	-1.614357E-08	-5.758740E-09	 1.179055E-09	 8.713061E-10	-7.906888E-11	-1.418410E-10	-8.114173E-11	-1.335698E-10	 1.604784E-10
0.18028	 0.000000E+00	 8.646478E-06	 3.692870E-06	 9.646162E-07	 2.557170E-07	 7.705195E-08	-2.751348E-09	-1.153938E-08	-4.450549E-09	 1.511441E-09	 1.081899E-09	-1.525703E-10	-1.155448E-10	-2.705862E-11	-1.126683E-10	 1.387951E-10
0.19365	 0.000000E+00	 9.202567E-06	 4.225742E-06	 1.195447E-06	 3.228531E-07	 8.715469E-08	 1.943562E-09	-6.763069E-09	-3.356299E-09	 1.604222E-09	 1.139812E-09	-2.068905E-10	-7.757412E-11	 1.694718E-11	-7.214901E-11	 7.215047E-11
0.20616	 0.000000E+00	 9.711844E-06	 4.745330E-06	 1.439602E-06	 3.999266E-07	 1.017575E-07	 8.142710E-09	-2.136626E-09	-2.370273E-09	 1.523847E-09	 1.091362E-09	-2.267210E-10	-4.070812E-11	 4.671732E-11	-2.160459E-11	-1.524311E-11
0.21794	 0.000000E+00	 1.018597E-05	 5.250339E-06	 1.692187E-06	 4.854500E-07	 1.213289E-07	 1.583522E-08	 2.176826E-09	-1.457085E-09	 1.365431E-09	 9.863671E-10	-2.171146E-10	-1.019808E-11	 6.314480E-11	 2.980147E-11	-1.038275E-10
0.22913	 0.000000E+00	 1.062926E-05	 5.739791E-06	 1.949693E-06	 5.780192E-07	 1.457549E-07	 2.486594E-08	 6.066975E-09	-5.962270E-10	 1.213507E-09	 8.562042E-10	-1.889499E-10	 1.216490E-11	 6.942798E-11	 7.263888E-11	-1.772419E-10
0.23979	 0.000000E+00	 1.104750E-05	 6.214670E-06	 2.210388E-06	 6.767311E-07	 1.747269E-07	 3.508717E-08	 9.535122E-09	 2.319744E-10	 1.123316E-09	 7.261684E-10	-1.521294E-10	 2.605069E-11	 6.922778E-11	 1.020953E-10	-2.286019E-10
0.25000	 0.000000E+00	 1.144625E-05	 6.676647E-06	 2.473795E-06	 7.812899E-07	 2.079884E-07	 4.639334E-08	 1.262259E-08	 1.032047E-09	 1.115249E-09	 6.013481E-10	-1.182778E-10	 3.170817E-11	 6.582286E-11	 1.140551E-10	-2.556160E-10
0.25981	 0.000000E+00	 1.182715E-05	 7.127204E-06	 2.740211E-06	 8.918940E-07	 2.454006E-07	 5.874510E-08	 1.555243E-08	 1.884196E-09	 1.192716E-09	 4.912508E-10	-8.676725E-11	 3.408263E-11	 6.155772E-11	 1.120491E-10	-2.635105E-10
0.26926	 0.000000E+00	 1.218985E-05	 7.568027E-06	 3.010410E-06	 1.008849E-06	 2.868602E-07	 7.225688E-08	 1.862957E-08	 2.830530E-09	 1.330474E-09	 4.087288E-10	-5.507754E-11	 3.341314E-11	 5.717037E-11	 1.045211E-10	-2.636556E-10
0.27839	 0.000000E+00	 1.253534E-05	 8.000276E-06	 3.284933E-06	 1.132397E-06	 3.323432E-07	 8.711076E-08	 2.207741E-08	 3.885482E-09	 1.511144E-09	 3.567994E-10	-2.517062E-11	 3.013571E-11	 5.382458E-11	 9.656724E-11	-2.638075E-10
0.28723	 0.000000E+00	 1.286329E-05	 8.424445E-06	 3.563982E-06	 1.262651E-06	 3.818303E-07	 1.034496E-07	 2.610265E-08	 5.094584E-09	 1.725781E-09	 3.373339E-10	 7.514889E-12	 2.741944E-11	 5.136012E-11	 9.315134E-11	-2.697966E-10
0.29580	 0.000000E+00	 1.317523E-05	 8.841059E-06	 3.847425E-06	 1.399434E-06	 4.352194E-07	 1.214041E-07	 3.085904E-08	 6.480783E-09	 1.966712E-09	 3.542058E-10	 4.647900E-11	 2.570002E-11	 4.921839E-11	 9.876624E-11	-2.861312E-10
0.30414	 0.000000E+00	 1.347401E-05	 9.250534E-06	 4.134827E-06	 1.542367E-06	 4.923703E-07	 1.410657E-07	 3.638932E-08	 8.039446E-09	 2.238993E-09	 4.069758E-10	 9.052524E-11	 2.456617E-11	 4.734138E-11	 1.144095E-10	-3.140507E-10
0.31225	 0.000000E+00	 1.376107E-05	 9.652963E-06	 4.425669E-06	 1.691072E-06	 5.531705E-07	 1.624647E-07	 4.266814E-08	 9.774128E-09	 2.557171E-09	 4.872985E-10	 1.357295E-10	 2.430323E-11	 4.664720E-11	 1.382868E-10	-3.512498E-10
0.32016	 0.000000E+00	 1.403759E-05	 1.004830E-05	 4.719440E-06	 1.845204E-06	 6.175208E-07	 1.856001E-07	 4.968387E-08	 1.170777E-08	 2.933523E-09	 5.886252E-10	 1.822755E-10	 2.718357E-11	 4.725050E-11	 1.683065E-10	-3.951940E-10
0.32787	 0.000000E+00	 1.430484E-05	 1.043676E-05	 5.015801E-06	 2.004491E-06	 6.853474E-07	 2.104866E-07	 5.742931E-08	 1.385055E-08	 3.375488E-09	 7.097938E-10	 2.304211E-10	 3.335373E-11	 4.905585E-11	 2.041767E-10	-4.446580E-10
0.33541	 0.000000E+00	 1.456341E-05	 1.081840E-05	 5.314459E-06	 2.168754E-06	 7.566301E-07	 2.371554E-07	 6.588458E-08	 1.620205E-08	 3.890947E-09	 8.480278E-10	 2.776846E-10	 4.124708E-11	 5.223581E-11	 2.441695E-10	-4.979784E-10
0.34278	 0.000000E+00	 1.481366E-05	 1.119297E-05	 5.615155E-06	 2.337940E-06	 8.314323E-07	 2.656752E-07	 7.506450E-08	 1.877523E-08	 4.487174E-09	 1.002118E-09	 3.240164E-10	 5.130949E-11	 5.757821E-11	 2.877935E-10	-5.537068E-10
0.35000	 0.000000E+00	 1.503278E-05	 1.155757E-05	 5.917418E-06	 2.511869E-06	 9.098697E-07	 2.961376E-07	 8.497750E-08	 2.161561E-08	 5.197380E-09	 1.176374E-09	 3.690841E-10	 6.662707E-11	 6.627684E-11	 3.353049E-10	-6.122648E-10
0.35707	 0.000000E+00	 1.521974E-05	 1.191214E-05	 6.221199E-06	 2.690497E-06	 9.919537E-07	 3.285898E-07	 9.571161E-08	 2.472448E-08	 5.984824E-09	 1.364804E-09	 4.177980E-10	 8.476750E-11	 7.480468E-11	 3.851561E-10	-6.713127E-10
0.36401	 0.000000E+00	 1.539726E-05	 1.225997E-05	 6.526784E-06	 2.874184E-06	 1.077912E-06	 3.632100E-07	 1.073685E-07	 2.813105E-08	 6.861054E-09	 1.579600E-09	 4.737019E-10	 1.045503E-10	 8.341146E-11	 4.408137E-10	-7.325589E-10
0.37081	 0.000000E+00	 1.556580E-05	 1.260165E-05	 6.834188E-06	 3.062997E-06	 1.167861E-06	 4.001008E-07	 1.200228E-07	 3.187765E-08	 7.835564E-09	 1.821153E-09	 5.391609E-10	 1.284173E-10	 9.235850E-11	 5.032858E-10	-7.961395E-10
0.37749	 0.000000E+00	 1.571761E-05	 1.293639E-05	 7.143120E-06	 3.256756E-06	 1.261839E-06	 4.393540E-07	 1.337264E-07	 3.600238E-08	 8.928011E-09	 2.093152E-09	 6.148859E-10	 1.585177E-10	 1.024424E-10	 5.731522E-10	-8.625267E-10
0.38406	 0.000000E+00	 1.585278E-05	 1.326417E-05	 7.453375E-06	 3.455283E-06	 1.359805E-06	 4.810120E-07	 1.485435E-07	 4.052763E-08	 1.013219E-08	 2.394199E-09	 7.038666E-10	 1.947757E-10	 1.126366E-10	 6.494720E-10	-9.299018E-10
0.39051	 0.000000E+00	 1.597978E-05	 1.358602E-05	 7.764817E-06	 3.658492E-06	 1.461744E-06	 5.251276E-07	 1.645301E-07	 4.547916E-08	 1.145583E-08	 2.729528E-09	 8.080445E-10	 2.382872E-10	 1.234170E-10	 7.347420E-10	-9.979456E-10
0.39686	 0.000000E+00	 1.609932E-05	 1.390182E-05	 8.077089E-06	 3.866098E-06	 1.567544E-06	 5.717040E-07	 1.817137E-07	 5.087043E-08	 1.290397E-08	 3.100833E-09	 9.281026E-10	 2.885163E-10	 1.339949E-10	 8.292437E-10	-1.067588E-09
0.40311	 0.000000E+00	 1.619480E-05	 1.420909E-05	 8.389406E-06	 4.077463E-06	 1.676995E-06	 6.207080E-07	 2.000582E-07	 5.671479E-08	 1.450402E-08	 3.512851E-09	 1.060351E-09	 3.468555E-10	 1.476602E-10	 9.355765E-10	-1.140471E-09
0.40927	 0.000000E+00	 1.626622E-05	 1.450795E-05	 8.701498E-06	 4.292223E-06	 1.789892E-06	 6.720773E-07	 2.195799E-07	 6.300228E-08	 1.623149E-08	 3.957954E-09	 1.203771E-09	 4.109045E-10	 1.615622E-10	 1.050169E-09	-1.211403E-09
0.41533	 0.000000E+00	 1.633106E-05	 1.480131E-05	 9.013545E-06	 4.510477E-06	 1.906258E-06	 7.258672E-07	 2.403242E-07	 6.974950E-08	 1.809485E-08	 4.441298E-09	 1.358617E-09	 4.786858E-10	 1.762586E-10	 1.176052E-09	-1.283616E-09
0.42131	 0.000000E+00	 1.638998E-05	 1.509001E-05	 9.325528E-06	 4.732105E-06	 2.026052E-06	 7.820975E-07	 2.623173E-07	 7.697740E-08	 2.010177E-08	 4.960109E-09	 1.521896E-09	 5.511163E-10	 1.923870E-10	 1.314410E-09	-1.356166E-09
0.42720	 0.000000E+00	 1.643439E-05	 1.537333E-05	 9.637111E-06	 4.956775E-06	 2.149180E-06	 8.407916E-07	 2.855684E-07	 8.470949E-08	 2.227433E-08	 5.516194E-09	 1.690206E-09	 6.285754E-10	 2.112689E-10	 1.466397E-09	-1.430391E-09
0.43301	 0.000000E+00	 1.646438E-05	 1.565173E-05	 9.948273E-06	 5.184378E-06	 2.275600E-06	 9.019818E-07	 3.101311E-07	 9.296686E-08	 2.460609E-08	 6.104895E-09	 1.862920E-09	 7.094785E-10	 2.316010E-10	 1.629023E-09	-1.502272E-09
0.43875	 0.000000E+00	 1.648930E-05	 1.592710E-05	 1.025925E-05	 5.415091E-06	 2.405413E-06	 9.657753E-07	 3.360911E-07	 1.017884E-07	 2.710947E-08	 6.728885E-09	 2.039080E-09	 7.923974E-10	 2.525069E-10	 1.805470E-09	-1.572673E-09
0.44441	 0.000000E+00	 1.650949E-05	 1.619990E-05	 1.057009E-05	 5.648938E-06	 2.538673E-06	 1.032266E-06	 3.635244E-07	 1.112176E-07	 2.979896E-08	 7.389936E-09	 2.217971E-09	 8.773489E-10	 2.737222E-10	 1.996983E-09	-1.641311E-09
0.45000	 0.000000E+00	 1.651518E-05	 1.646885E-05	 1.088047E-05	 5.885677E-06	 2.675354E-06	 1.101533E-06	 3.924824E-07	 1.212999E-07	 3.270600E-08	 8.093463E-09	 2.396354E-09	 9.637424E-10	 2.961716E-10	 2.206091E-09	-1.710687E-09
0.45552	 0.000000E+00	 1.650623E-05	 1.673411E-05	 1.119040E-05	 6.125302E-06	 2.815482E-06	 1.173660E-06	 4.230635E-07	 1.320832E-07	 3.583516E-08	 8.837708E-09	 2.573978E-09	 1.049465E-09	 3.173043E-10	 2.428986E-09	-1.774603E-09
0.46098	 0.000000E+00	 1.649261E-05	 1.699749E-05	 1.150026E-05	 6.368109E-06	 2.959226E-06	 1.248801E-06	 4.553954E-07	 1.436326E-07	 3.920847E-08	 9.629934E-09	 2.751962E-09	 1.133514E-09	 3.360501E-10	 2.669720E-09	-1.834643E-09
0.46637	 0.000000E+00	 1.647448E-05	 1.725920E-05	 1.181011E-05	 6.614129E-06	 3.106639E-06	 1.327063E-06	 4.895758E-07	 1.560122E-07	 4.285249E-08	 1.047538E-08	 2.929937E-09	 1.215003E-09	 3.513741E-10	 2.929013E-09	-1.889657E-09
0.47170	 0.000000E+00	 1.644454E-05	 1.751811E-05	 1.211971E-05	 6.863135E-06	 3.257672E-06	 1.408510E-06	 5.256692E-07	 1.692780E-07	 4.680188E-08	 1.138282E-08	 3.105834E-09	 1.292465E-09	 3.625738E-10	 3.208834E-09	-1.941828E-09
0.47697	 0.000000E+00	 1.640276E-05	 1.777432E-05	 1.242905E-05	 7.115060E-06	 3.412296E-06	 1.493202E-06	 5.637681E-07	 1.834857E-07	 5.107197E-08	 1.235491E-08	 3.279074E-09	 1.362722E-09	 3.669051E-10	 3.506851E-09	-1.985232E-09
0.48218	 0.000000E+00	 1.635678E-05	 1.802928E-05	 1.273842E-05	 7.370081E-06	 3.570589E-06	 1.581245E-06	 6.039849E-07	 1.987063E-07	 5.569157E-08	 1.339967E-08	 3.448972E-09	 1.422302E-09	 3.613503E-10	 3.824886E-09	-2.022440E-09
0.48734	 0.000000E+00	 1.630691E-05	 1.828325E-05	 1.304792E-05	 7.628151E-06	 3.732516E-06	 1.672689E-06	 6.463941E-07	 2.150030E-07	 6.069127E-08	 1.452325E-08	 3.613325E-09	 1.469449E-09	 3.443072E-10	 4.163699E-09	-2.051874E-09
0.49244	 0.000000E+00	 1.624803E-05	 1.853533E-05	 1.335729E-05	 7.888967E-06	 3.897917E-06	 1.767516E-06	 6.910262E-07	 2.324250E-07	 6.610600E-08	 1.573362E-08	 3.769408E-09	 1.500570E-09	 3.141526E-10	 4.523219E-09	-2.074318E-09
0.49749	 0.000000E+00	 1.618030E-05	 1.878555E-05	 1.366662E-05	 8.152434E-06	 4.066690E-06	 1.865717E-06	 7.379267E-07	 2.510170E-07	 7.195487E-08	 1.703610E-08	 3.915059E-09	 1.510934E-09	 2.667804E-10	 4.899384E-09	-2.085979E-09
0.50249	 0.000000E+00	 1.610915E-05	 1.903481E-05	 1.397611E-05	 8.418592E-06	 4.238801E-06	 1.967310E-06	 7.871541E-07	 2.708337E-07	 7.826726E-08	 1.843902E-08	 4.048274E-09	 1.495814E-09	 1.985996E-10	 5.293378E-09	-2.088332E-09
0.50744	 0.000000E+00	 1.603486E-05	 1.928321E-05	 1.428589E-05	 8.687413E-06	 4.414189E-06	 2.072300E-06	 8.387544E-07	 2.919297E-07	 8.507651E-08	 1.995280E-08	 4.167459E-09	 1.450304E-09	 1.056750E-10	 5.703761E-09	-2.082236E-09
0.51235	 0.000000E+00	 1.595197E-05	 1.952964E-05	 1.459566E-05	 8.958571E-06	 4.592666E-06	 2.180636E-06	 8.927280E-07	 3.143457E-07	 9.242275E-08	 2.158988E-08	 4.268136E-09	 1.368350E-09	-1.532551E-11	 6.130895E-09	-2.069300E-09
0.51720	 0.000000E+00	 1.586048E-05	 1.977400E-05	 1.490551E-05	 9.232016E-06	 4.774155E-06	 2.292303E-06	 9.491154E-07	 3.381318E-07	 1.003333E-07	 2.335941E-08	 4.350351E-09	 1.245049E-09	-1.687686E-10	 6.567432E-09	-2.045367E-09
0.52202	 0.000000E+00	 1.576595E-05	 2.001723E-05	 1.521578E-05	 9.507905E-06	 4.958690E-06	 2.407341E-06	 1.007979E-06	 3.633499E-07	 1.088458E-07	 2.527839E-08	 4.415039E-09	 1.075526E-09	-3.597212E-10	 7.013377E-09	-2.012785E-09
0.52678	 0.000000E+00	 1.566842E-05	 2.025935E-05	 1.552663E-05	 9.786262E-06	 5.146261E-06	 2.525769E-06	 1.069365E-06	 3.900616E-07	 1.180063E-07	 2.736475E-08	 4.464724E-09	 8.545341E-10	-5.933365E-10	 7.465361E-09	-1.972356E-09
0.53151	 0.000000E+00	 1.556620E-05	 2.049999E-05	 1.583808E-05	 1.006704E-05	 5.336836E-06	 2.647610E-06	 1.133319E-06	 4.183295E-07	 1.278634E-07	 2.964067E-08	 4.499664E-09	 5.760439E-10	-8.753930E-10	 7.920981E-09	-1.926588E-09
0.53619	 0.000000E+00	 1.545917E-05	 2.073895E-05	 1.615014E-05	 1.035023E-05	 5.530417E-06	 2.772901E-06	 1.199907E-06	 4.482281E-07	 1.384684E-07	 3.213006E-08	 4.525595E-09	 2.365588E-10	-1.210739E-09	 8.374148E-09	-1.874149E-09
0.54083	 0.000000E+00	 1.534902E-05	 2.097643E-05	 1.646301E-05	 1.063598E-05	 5.727081E-06	 2.901720E-06	 1.269220E-06	 4.798434E-07	 1.498807E-07	 3.486192E-08	 4.549963E-09	-1.683740E-10	-1.605573E-09	 8.821314E-09	-1.817768E-09
0.54544	 0.000000E+00	 1.523563E-05	 2.121216E-05	 1.677667E-05	 1.092428E-05	 5.926852E-06	 3.034124E-06	 1.341331E-06	 5.132600E-07	 1.621622E-07	 3.786770E-08	 4.580834E-09	-6.423061E-10	-2.066090E-09	 9.256823E-09	-1.758277E-09
0.55000	 0.000000E+00	 1.511655E-05	 2.144550E-05	 1.709100E-05	 1.121508E-05	 6.129724E-06	 3.170155E-06	 1.416307E-06	 5.485608E-07	 1.753802E-07	 4.118415E-08	 4.628410E-09	-1.187176E-09	-2.598530E-09	 9.676996E-09	-1.699673E-09
0.55453	 0.000000E+00	 1.499164E-05	 2.167623E-05	 1.740603E-05	 1.150839E-05	 6.335719E-06	 3.309865E-06	 1.494225E-06	 5.858339E-07	 1.896015E-07	 4.484872E-08	 4.706237E-09	-1.805082E-09	-3.208270E-09	 1.007261E-08	-1.641826E-09
0.55902	 0.000000E+00	 1.486325E-05	 2.190467E-05	 1.772192E-05	 1.180435E-05	 6.544930E-06	 3.453343E-06	 1.575184E-06	 6.251783E-07	 2.048995E-07	 4.890310E-08	 4.829699E-09	-2.497347E-09	-3.903007E-09	 1.043832E-08	-1.589382E-09
0.56347	 0.000000E+00	 1.473134E-05	 2.213080E-05	 1.803880E-05	 1.210303E-05	 6.757421E-06	 3.600661E-06	 1.659266E-06	 6.666895E-07	 2.213512E-07	 5.339311E-08	 5.015496E-09	-3.263971E-09	-4.688232E-09	 1.076695E-08	-1.545283E-09
0.56789	 0.000000E+00	 1.459686E-05	 2.235459E-05	 1.835674E-05	 1.240448E-05	 6.973241E-06	 3.751882E-06	 1.746556E-06	 7.104657E-07	 2.390355E-07	 5.836745E-08	 5.284744E-09	-4.102508E-09	-5.569404E-09	 1.104901E-08	-1.513046E-09
0.57228	 0.000000E+00	 1.445982E-05	 2.257592E-05	 1.867578E-05	 1.270873E-05	 7.192439E-06	 3.907073E-06	 1.837136E-06	 7.566031E-07	 2.580353E-07	 6.387915E-08	 5.660109E-09	-5.011505E-09	-6.553947E-09	 1.127882E-08	-1.499219E-09
0.57663	 0.000000E+00	 1.431912E-05	 2.279442E-05	 1.899583E-05	 1.301572E-05	 7.415001E-06	 4.066264E-06	 1.931064E-06	 8.051907E-07	 2.784317E-07	 6.998254E-08	 6.164763E-09	-5.987873E-09	-7.647012E-09	 1.144697E-08	-1.508883E-09
0.58095	 0.000000E+00	 1.417471E-05	 2.300992E-05	 1.931692E-05	 1.332546E-05	 7.640945E-06	 4.229494E-06	 2.028405E-06	 8.563191E-07	 3.003083E-07	 7.673463E-08	 6.827059E-09	-7.024646E-09	-8.852196E-09	 1.154344E-08	-1.546619E-09
0.58523	 0.000000E+00	 1.402889E-05	 2.322273E-05	 1.963924E-05	 1.363805E-05	 7.870335E-06	 4.396816E-06	 2.129233E-06	 9.100785E-07	 3.237434E-07	 8.419176E-08	 7.676821E-09	-8.116247E-09	-1.017575E-08	 1.155727E-08	-1.618924E-09
0.58949	 0.000000E+00	 1.388170E-05	 2.343273E-05	 1.996278E-05	 1.395347E-05	 8.103168E-06	 4.568253E-06	 2.233592E-06	 9.665490E-07	 3.488203E-07	 9.241666E-08	 8.746027E-09	-9.253454E-09	-1.162141E-08	 1.148292E-08	-1.735786E-09
0.59372	 0.000000E+00	 1.373081E-05	 2.363923E-05	 2.028734E-05	 1.427153E-05	 8.339355E-06	 4.743772E-06	 2.341492E-06	 1.025794E-06	 3.756159E-07	 1.014694E-07	 1.006602E-08	-1.042815E-08	-1.319275E-08	 1.130649E-08	-1.903490E-09
0.59791	 0.000000E+00	 1.357618E-05	 2.384202E-05	 2.061288E-05	 1.459219E-05	 8.578874E-06	 4.923379E-06	 2.452968E-06	 1.087881E-06	 4.042067E-07	 1.114141E-07	 1.167524E-08	-1.162723E-08	-1.489078E-08	 1.102096E-08	-2.131110E-09
0.60208	 0.000000E+00	 1.341923E-05	 2.404124E-05	 2.093946E-05	 1.491546E-05	 8.821745E-06	 5.107097E-06	 2.568066E-06	 1.152891E-06	 4.346741E-07	 1.223161E-07	 1.361228E-08	-1.283713E-08	-1.671860E-08	 1.061337E-08	-2.428319E-09
0.60622	 0.000000E+00	 1.325997E-05	 2.423673E-05	 2.126711E-05	 1.524133E-05	 9.067970E-06	 5.294943E-06	 2.686819E-06	 1.220894E-06	 4.671000E-07	 1.342452E-07	 1.591972E-08	-1.404204E-08	-1.867551E-08	 1.007561E-08	-2.804571E-09
0.61033	 0.000000E+00	 1.309690E-05	 2.442802E-05	 2.159565E-05	 1.556964E-05	 9.317478E-06	 5.486894E-06	 2.809235E-06	 1.291947E-06	 5.015626E-07	 1.472723E-07	 1.864095E-08	-1.522342E-08	-2.076102E-08	 9.398461E-09	-3.270727E-09
0.61441	 0.000000E+00	 1.292996E-05	 2.461507E-05	 2.192518E-05	 1.590040E-05	 9.570285E-06	 5.682966E-06	 2.935344E-06	 1.366120E-06	 5.381446E-07	 1.614704E-07	 2.182550E-08	-1.635960E-08	-2.297022E-08	 8.571194E-09	-3.837301E-09
0.61847	 0.000000E+00	 1.276396E-05	 2.479880E-05	 2.225614E-05	 1.623386E-05	 9.826555E-06	 5.883256E-06	 3.065237E-06	 1.443506E-06	 5.769285E-07	 1.769124E-07	 2.552429E-08	-1.742492E-08	-2.530120E-08	 7.583564E-09	-4.510803E-09
0.62249	 0.000000E+00	 1.259890E-05	 2.497901E-05	 2.258849E-05	 1.656999E-05	 1.008630E-05	 6.087790E-06	 3.198940E-06	 1.524173E-06	 6.180037E-07	 1.936804E-07	 2.979279E-08	-1.839365E-08	-2.774585E-08	 6.430914E-09	-5.310048E-09
0.62650	 0.000000E+00	 1.242983E-05	 2.515424E-05	 2.292163E-05	 1.690836E-05	 1.034930E-05	 6.296459E-06	 3.336401E-06	 1.608144E-06	 6.614361E-07	 2.118487E-07	 3.468464E-08	-1.923586E-08	-3.029476E-08	 5.104224E-09	-6.241110E-09
0.63048	 0.000000E+00	 1.225663E-05	 2.532398E-05	 2.325533E-05	 1.724879E-05	 1.061551E-05	 6.509245E-06	 3.477631E-06	 1.695469E-06	 7.072985E-07	 2.314942E-07	 4.025900E-08	-1.991887E-08	-3.293866E-08	 3.598996E-09	-7.316793E-09
0.63443	 0.000000E+00	 1.208051E-05	 2.548813E-05	 2.358952E-05	 1.759125E-05	 1.088493E-05	 6.726169E-06	 3.622665E-06	 1.786214E-06	 7.556699E-07	 2.526977E-07	 4.657982E-08	-2.040428E-08	-3.566182E-08	 1.908277E-09	-8.544752E-09
0.63836	 0.000000E+00	 1.190136E-05	 2.564638E-05	 2.392409E-05	 1.793563E-05	 1.115755E-05	 6.947236E-06	 3.771521E-06	 1.880435E-06	 8.066286E-07	 2.755413E-07	 5.371082E-08	-2.065436E-08	-3.845038E-08	 3.137429E-11	-9.938289E-09
0.64226	 0.000000E+00	 1.171776E-05	 2.579822E-05	 2.425882E-05	 1.828172E-05	 1.143330E-05	 7.172428E-06	 3.924203E-06	 1.978180E-06	 8.602519E-07	 3.001111E-07	 6.172051E-08	-2.062604E-08	-4.128489E-08	-2.035161E-09	-1.150616E-08
0.64614	 0.000000E+00	 1.152953E-05	 2.594363E-05	 2.459382E-05	 1.862954E-05	 1.171222E-05	 7.401783E-06	 4.080744E-06	 2.079516E-06	 9.166260E-07	 3.264971E-07	 7.068072E-08	-2.027268E-08	-4.414406E-08	-4.290142E-09	-1.325864E-08
0.65000	 0.000000E+00	 1.134456E-05	 2.608431E-05	 2.492991E-05	 1.897961E-05	 1.199466E-05	 7.635508E-06	 4.241314E-06	 2.184578E-06	 9.758510E-07	 3.547888E-07	 8.066944E-08	-1.954084E-08	-4.700788E-08	-6.740743E-09	-1.519831E-08
0.65383	 0.000000E+00	 1.116284E-05	 2.622001E-05	 2.526697E-05	 1.933182E-05	 1.228063E-05	 7.873639E-06	 4.405941E-06	 2.293431E-06	 1.038019E-06	 3.850849E-07	 9.176483E-08	-1.838135E-08	-4.984440E-08	-9.373329E-09	-1.734223E-08
0.65765	 0.000000E+00	 1.097618E-05	 2.634821E-05	 2.560380E-05	 1.968534E-05	 1.256970E-05	 8.115949E-06	 4.574493E-06	 2.406044E-06	 1.103175E-06	 4.174635E-07	 1.040393E-07	-1.673712E-08	-5.262309E-08	-1.218532E-08	-1.969079E-08
0.66144	 0.000000E+00	 1.078447E-05	 2.646811E-05	 2.593983E-05	 2.003979E-05	 1.286170E-05	 8.362372E-06	 4.746958E-06	 2.522452E-06	 1.171381E-06	 4.520060E-07	 1.175718E-07	-1.454983E-08	-5.531204E-08	-1.516865E-08	-2.225085E-08
0.66521	 0.000000E+00	 1.058799E-05	 2.657932E-05	 2.627480E-05	 2.039496E-05	 1.315657E-05	 8.612871E-06	 4.923335E-06	 2.642692E-06	 1.242698E-06	 4.887944E-07	 1.324409E-07	-1.175755E-08	-5.787483E-08	-1.831266E-08	-2.502340E-08
0.66895	 0.000000E+00	 1.038663E-05	 2.668156E-05	 2.660852E-05	 2.075065E-05	 1.345422E-05	 8.867413E-06	 5.103614E-06	 2.766795E-06	 1.317187E-06	 5.279094E-07	 1.487263E-07	-8.298522E-09	-6.027383E-08	-2.160433E-08	-2.801437E-08
0.67268	 0.000000E+00	 1.017984E-05	 2.677460E-05	 2.694086E-05	 2.110668E-05	 1.375456E-05	 9.125956E-06	 5.287773E-06	 2.894783E-06	 1.394905E-06	 5.694316E-07	 1.665058E-07	-4.109621E-09	-6.246918E-08	-2.502967E-08	-3.122433E-08
0.67639	 0.000000E+00	 9.967442E-06	 2.685862E-05	 2.727204E-05	 2.146302E-05	 1.405763E-05	 9.388517E-06	 5.475814E-06	 3.026691E-06	 1.475914E-06	 6.134439E-07	 1.858606E-07	 8.759878E-10	-6.441690E-08	-2.857012E-08	-3.465579E-08
0.68007	 0.000000E+00	 9.758676E-06	 2.693572E-05	 2.760315E-05	 2.182033E-05	 1.436386E-05	 9.655339E-06	 5.667935E-06	 3.162668E-06	 1.560312E-06	 6.600352E-07	 2.068814E-07	 6.738179E-09	-6.607406E-08	-3.221544E-08	-3.829608E-08
0.68374	 0.000000E+00	 9.553497E-06	 2.700561E-05	 2.793399E-05	 2.217837E-05	 1.467320E-05	 9.926413E-06	 5.864127E-06	 3.302744E-06	 1.648168E-06	 7.092984E-07	 2.296549E-07	 1.354314E-08	-6.737992E-08	-3.592921E-08	-4.214911E-08
0.68739	 0.000000E+00	 9.342329E-06	 2.706536E-05	 2.826299E-05	 2.253602E-05	 1.498500E-05	 1.020136E-05	 6.064149E-06	 3.446806E-06	 1.739471E-06	 7.612839E-07	 2.542502E-07	 2.136342E-08	-6.828556E-08	-3.968830E-08	-4.620299E-08
0.69101	 0.000000E+00	 9.125040E-06	 2.711402E-05	 2.858935E-05	 2.289272E-05	 1.529897E-05	 1.048005E-05	 6.267938E-06	 3.594850E-06	 1.834251E-06	 8.160571E-07	 2.807482E-07	 3.027453E-08	-6.873601E-08	-4.346206E-08	-5.044847E-08
0.69462	 0.000000E+00	 8.900866E-06	 2.715085E-05	 2.891256E-05	 2.324804E-05	 1.561492E-05	 1.076235E-05	 6.475435E-06	 3.746873E-06	 1.932542E-06	 8.736863E-07	 3.092290E-07	 4.035412E-08	-6.867231E-08	-4.721780E-08	-5.487491E-08
0.69821	 0.000000E+00	 8.669609E-06	 2.717535E-05	 2.923223E-05	 2.360163E-05	 1.593269E-05	 1.104816E-05	 6.686589E-06	 3.902870E-06	 2.034372E-06	 9.342335E-07	 3.397730E-07	 5.168174E-08	-6.803226E-08	-5.092006E-08	-5.946356E-08
0.70178	 0.000000E+00	 8.431639E-06	 2.718722E-05	 2.954809E-05	 2.395318E-05	 1.625212E-05	 1.133740E-05	 6.901356E-06	 4.062840E-06	 2.139774E-06	 9.977621E-07	 3.724580E-07	 6.433798E-08	-6.675295E-08	-5.452896E-08	-6.419639E-08
0.70534	 0.000000E+00	 8.186762E-06	 2.718601E-05	 2.985977E-05	 2.430231E-05	 1.657303E-05	 1.162996E-05	 7.119674E-06	 4.226775E-06	 2.248769E-06	 1.064332E-06	 4.073616E-07	 7.840288E-08	-6.476736E-08	-5.800224E-08	-6.905212E-08
0.70887	 0.000000E+00	 7.934411E-06	 2.717119E-05	 3.016688E-05	 2.464861E-05	 1.689522E-05	 1.192570E-05	 7.341464E-06	 4.394648E-06	 2.361372E-06	 1.133996E-06	 4.445589E-07	 9.395755E-08	-6.200793E-08	-6.129535E-08	-7.400656E-08
0.71239	 0.000000E+00	 7.674395E-06	 2.714234E-05	 3.046904E-05	 2.499168E-05	 1.721848E-05	 1.222448E-05	 7.566654E-06	 4.566439E-06	 2.477600E-06	 1.206807E-06	 4.841225E-07	 1.110832E-07	-5.840477E-08	-6.435766E-08	-7.903085E-08
0.71589	 0.000000E+00	 7.406878E-06	 2.709914E-05	 3.076593E-05	 2.533116E-05	 1.754262E-05	 1.252620E-05	 7.795183E-06	 4.742138E-06	 2.597470E-06	 1.282818E-06	 5.261287E-07	 1.298630E-07	-5.388627E-08	-6.714055E-08	-8.409711E-08
0.71937	 0.000000E+00	 7.131670E-06	 2.704112E-05	 3.105713E-05	 2.566661E-05	 1.786742E-05	 1.283070E-05	 8.026960E-06	 4.921709E-06	 2.720986E-06	 1.362073E-06	 5.706447E-07	 1.503781E-07	-4.837804E-08	-6.958932E-08	-8.916673E-08
0.72284	 0.000000E+00	 6.847762E-06	 2.696762E-05	 3.134209E-05	 2.599750E-05	 1.819260E-05	 1.313778E-05	 8.261869E-06	 5.105104E-06	 2.848144E-06	 1.444612E-06	 6.177395E-07	 1.727101E-07	-4.180468E-08	-7.164473E-08	-9.420668E-08
0.72629	 0.000000E+00	 6.554933E-06	 2.687807E-05	 3.162031E-05	 2.632337E-05	 1.851789E-05	 1.344728E-05	 8.499818E-06	 5.292293E-06	 2.978947E-06	 1.530476E-06	 6.674810E-07	 1.969416E-07	-3.409196E-08	-7.325002E-08	-9.917594E-08
0.72973	 0.000000E+00	 6.253759E-06	 2.677189E-05	 3.189117E-05	 2.664368E-05	 1.884304E-05	 1.375900E-05	 8.740705E-06	 5.483232E-06	 3.113382E-06	 1.619693E-06	 7.199292E-07	 2.231537E-07	-2.515985E-08	-7.434149E-08	-1.040271E-07
0.73314	 0.000000E+00	 5.944161E-06	 2.664753E-05	 3.215308E-05	 2.695725E-05	 1.916730E-05	 1.407250E-05	 8.984290E-06	 5.677808E-06	 3.251395E-06	 1.712268E-06	 7.751334E-07	 2.514244E-07	-1.493294E-08	-7.486204E-08	-1.086946E-07
0.73655	 0.000000E+00	 5.606469E-06	 2.649889E-05	 3.240208E-05	 2.726119E-05	 1.948884E-05	 1.438663E-05	 9.229742E-06	 5.875487E-06	 3.392729E-06	 1.808126E-06	 8.330823E-07	 2.817672E-07	-3.326659E-09	-7.472841E-08	-1.131570E-07
0.73993	 0.000000E+00	 5.240271E-06	 2.632533E-05	 3.263752E-05	 2.755480E-05	 1.980718E-05	 1.470102E-05	 9.476843E-06	 6.076154E-06	 3.537298E-06	 1.907221E-06	 8.938122E-07	 3.142937E-07	 9.699738E-09	-7.387689E-08	-1.173524E-07
0.74330	 0.000000E+00	 4.864782E-06	 2.613195E-05	 3.286223E-05	 2.783979E-05	 2.012348E-05	 1.501636E-05	 9.726144E-06	 6.280193E-06	 3.685321E-06	 2.009703E-06	 9.574442E-07	 3.490981E-07	 2.425321E-08	-7.223553E-08	-1.212311E-07
0.74666	 0.000000E+00	 4.479720E-06	 2.591934E-05	 3.307671E-05	 2.811625E-05	 2.043785E-05	 1.533267E-05	 9.977623E-06	 6.487605E-06	 3.836823E-06	 2.115622E-06	 1.024042E-06	 3.862651E-07	 4.042078E-08	-6.973715E-08	-1.247167E-07
0.75000	 0.000000E+00	 4.082060E-06	 2.568658E-05	 3.328027E-05	 2.838338E-05	 2.074978E-05	 1.564957E-05	 1.023101E-05	 6.698225E-06	 3.991722E-06	 2.224970E-06	 1.093638E-06	 4.258531E-07	 5.828155E-08	-6.630115E-08	-1.277489E-07
0.75333	 0.000000E+00	 3.671565E-06	 2.543319E-05	 3.347234E-05	 2.864059E-05	 2.105891E-05	 1.596678E-05	 1.048614E-05	 6.911981E-06	 4.149982E-06	 2.337752E-06	 1.166281E-06	 4.679436E-07	 7.790954E-08	-6.184455E-08	-1.302666E-07
0.75664	 0.000000E+00	 3.250821E-06	 2.515911E-05	 3.365249E-05	 2.888746E-05	 2.136503E-05	 1.628415E-05	 1.074296E-05	 7.128857E-06	 4.311598E-06	 2.453994E-06	 1.242024E-06	 5.126113E-07	 9.939076E-08	-5.629066E-08	-1.321971E-07
0.75993	 0.000000E+00	 2.819809E-06	 2.486254E-05	 3.381869E-05	 2.912234E-05	 2.166703E-05	 1.660092E-05	 1.100103E-05	 7.348609E-06	 4.476419E-06	 2.573627E-06	 1.320863E-06	 5.599120E-07	 1.227954E-07	-4.957539E-08	-1.334155E-07
0.76322	 0.000000E+00	 2.352889E-06	 2.453551E-05	 3.396541E-05	 2.934120E-05	 2.196220E-05	 1.691533E-05	 1.125903E-05	 7.570347E-06	 4.643950E-06	 2.696441E-06	 1.402694E-06	 6.097743E-07	 1.481914E-07	-4.161600E-08	-1.339220E-07
0.76649	 0.000000E+00	 1.849612E-06	 2.417737E-05	 3.409187E-05	 2.954317E-05	 2.224992E-05	 1.722689E-05	 1.151668E-05	 7.793922E-06	 4.814064E-06	 2.822333E-06	 1.487530E-06	 6.623341E-07	 1.756022E-07	-3.229717E-08	-1.336270E-07
0.76974	 0.000000E+00	 1.335191E-06	 2.379519E-05	 3.420228E-05	 2.973083E-05	 2.253196E-05	 1.753664E-05	 1.177481E-05	 8.019912E-06	 4.987096E-06	 2.951522E-06	 1.575518E-06	 7.176904E-07	 2.051613E-07	-2.154924E-08	-1.324433E-07
0.77298	 0.000000E+00	 8.093359E-07	 2.338984E-05	 3.429739E-05	 2.990438E-05	 2.280849E-05	 1.784460E-05	 1.203338E-05	 8.248306E-06	 5.163053E-06	 3.084041E-06	 1.666706E-06	 7.759148E-07	 2.369477E-07	-9.295283E-09	-1.302622E-07
0.77621	 0.000000E+00	 2.653579E-07	 2.295957E-05	 3.437581E-05	 3.006250E-05	 2.307863E-05	 1.815013E-05	 1.229193E-05	 8.478805E-06	 5.341771E-06	 3.219844E-06	 1.761095E-06	 8.370319E-07	 2.710366E-07	 4.551180E-09	-1.270195E-07
0.77942	 0.000000E+00	-2.969819E-07	 2.250417E-05	 3.443712E-05	 3.020452E-05	 2.334187E-05	 1.845280E-05	 1.255016E-05	 8.711232E-06	 5.523130E-06	 3.358863E-06	 1.858687E-06	 9.011100E-07	 3.074838E-07	 2.009637E-08	-1.226182E-07
0.78262	 0.000000E+00	-8.713736E-07	 2.202534E-05	 3.448215E-05	 3.033064E-05	 2.359839E-05	 1.875261E-05	 1.280815E-05	 8.945650E-06	 5.707162E-06	 3.501144E-06	 1.959539E-06	 9.682142E-07	 3.463783E-07	 3.742581E-08	-1.169746E-07
0.78581	 0.000000E+00	-1.458058E-06	 2.152314E-05	 3.451074E-05	 3.044046E-05	 2.384795E-05	 1.904933E-05	 1.306571E-05	 9.181964E-06	 5.893811E-06	 3.646682E-06	 2.063676E-06	 1.038401E-06	 3.877942E-07	 5.662941E-08	-1.099876E-07
0.78899	 0.000000E+00	-2.057957E-06	 2.099710E-05	 3.452234E-05	 3.053315E-05	 2.408996E-05	 1.934243E-05	 1.332248E-05	 9.419929E-06	 6.082913E-06	 3.795398E-06	 2.171076E-06	 1.111696E-06	 4.317920E-07	 7.779398E-08	-1.015565E-07
0.79215	 0.000000E+00	-2.671288E-06	 2.044689E-05	 3.451637E-05	 3.060797E-05	 2.432392E-05	 1.963146E-05	 1.357817E-05	 9.659358E-06	 6.274338E-06	 3.947231E-06	 2.281732E-06	 1.188135E-06	 4.784286E-07	 1.010165E-07	-9.159667E-08
0.79530	 0.000000E+00	-3.297575E-06	 1.987233E-05	 3.449234E-05	 3.066423E-05	 2.454939E-05	 1.991604E-05	 1.383254E-05	 9.900107E-06	 6.467988E-06	 4.102147E-06	 2.395650E-06	 1.267756E-06	 5.277710E-07	 1.263870E-07	-8.000858E-08
0.79844	 0.000000E+00	-3.937011E-06	 1.927294E-05	 3.444956E-05	 3.070092E-05	 2.476563E-05	 2.019547E-05	 1.408510E-05	 1.014183E-05	 6.663614E-06	 4.259993E-06	 2.512748E-06	 1.350546E-06	 5.798482E-07	 1.539788E-07	-6.667042E-08
0.80156	 0.000000E+00	-4.592012E-06	 1.864787E-05	 3.438708E-05	 3.071694E-05	 2.497187E-05	 2.046908E-05	 1.433539E-05	 1.038421E-05	 6.861003E-06	 4.420668E-06	 2.632990E-06	 1.436506E-06	 6.347091E-07	 1.838792E-07	-5.150980E-08
0.80467	 0.000000E+00	-5.262779E-06	 1.799727E-05	 3.430454E-05	 3.071183E-05	 2.516783E-05	 2.073669E-05	 1.458334E-05	 1.062728E-05	 7.060205E-06	 4.584264E-06	 2.756478E-06	 1.525754E-06	 6.924566E-07	 2.162240E-07	-3.441248E-08
0.80777	 0.000000E+00	-5.947321E-06	 1.732233E-05	 3.420257E-05	 3.068552E-05	 2.535346E-05	 2.099810E-05	 1.482886E-05	 1.087101E-05	 7.261212E-06	 4.750829E-06	 2.883275E-06	 1.618367E-06	 7.531895E-07	 2.511186E-07	-1.523916E-08
0.81086	 0.000000E+00	-6.646184E-06	 1.662485E-05	 3.408305E-05	 3.063892E-05	 2.552957E-05	 2.125364E-05	 1.507212E-05	 1.111550E-05	 7.464106E-06	 4.920471E-06	 3.013488E-06	 1.714435E-06	 8.170355E-07	 2.887251E-07	 6.038147E-09
0.81394	 0.000000E+00	-7.331340E-06	 1.591370E-05	 3.395221E-05	 3.057623E-05	 2.569935E-05	 2.150544E-05	 1.531492E-05	 1.136218E-05	 7.669848E-06	 5.093824E-06	 3.147617E-06	 1.814436E-06	 8.842262E-07	 3.293683E-07	 2.980941E-08
0.81701	 0.000000E+00	-8.002851E-06	 1.518901E-05	 3.380977E-05	 3.049691E-05	 2.586260E-05	 2.175328E-05	 1.555716E-05	 1.161101E-05	 7.878496E-06	 5.271121E-06	 3.285802E-06	 1.918361E-06	 9.549327E-07	 3.729346E-07	 5.610873E-08
0.82006	 0.000000E+00	-8.689370E-06	 1.444177E-05	 3.364882E-05	 3.039547E-05	 2.601535E-05	 2.199423E-05	 1.579660E-05	 1.186038E-05	 8.088977E-06	 5.451690E-06	 3.427660E-06	 2.026054E-06	 1.029058E-06	 4.196147E-07	 8.510934E-08
0.82310	 0.000000E+00	-9.391118E-06	 1.367056E-05	 3.346739E-05	 3.027001E-05	 2.615628E-05	 2.222725E-05	 1.603265E-05	 1.210996E-05	 8.301062E-06	 5.635458E-06	 3.573201E-06	 2.137558E-06	 1.106708E-06	 4.695848E-07	 1.168514E-07
0.82614	 0.000000E+00	-1.009731E-05	 1.287811E-05	 3.326701E-05	 3.012123E-05	 2.628608E-05	 2.245276E-05	 1.626581E-05	 1.236021E-05	 8.515088E-06	 5.822703E-06	 3.722674E-06	 2.253142E-06	 1.188063E-06	 5.231086E-07	 1.516453E-07
0.82916	 0.000000E+00	-1.080821E-05	 1.206440E-05	 3.304731E-05	 2.994824E-05	 2.640419E-05	 2.267013E-05	 1.649569E-05	 1.261086E-05	 8.730909E-06	 6.013460E-06	 3.876114E-06	 2.372821E-06	 1.273235E-06	 5.801992E-07	 1.895889E-07
0.83217	 0.000000E+00	-1.153539E-05	 1.122682E-05	 3.280624E-05	 2.974873E-05	 2.650887E-05	 2.287789E-05	 1.672114E-05	 1.286107E-05	 8.947971E-06	 6.207433E-06	 4.033370E-06	 2.496561E-06	 1.362247E-06	 6.410492E-07	 2.308422E-07
0.83516	 0.000000E+00	-1.228003E-05	 1.036837E-05	 3.254760E-05	 2.952494E-05	 2.660223E-05	 2.307721E-05	 1.694296E-05	 1.311131E-05	 9.166603E-06	 6.404940E-06	 4.194689E-06	 2.624509E-06	 1.455381E-06	 7.059494E-07	 2.752425E-07
0.83815	 0.000000E+00	-1.297425E-05	 9.509938E-06	 3.228797E-05	 2.928804E-05	 2.669281E-05	 2.327366E-05	 1.716583E-05	 1.336518E-05	 9.389244E-06	 6.607454E-06	 4.361186E-06	 2.757744E-06	 1.553061E-06	 7.758503E-07	 3.240236E-07
0.84113	 0.000000E+00	-1.361803E-05	 8.651546E-06	 3.202712E-05	 2.903725E-05	 2.678046E-05	 2.346692E-05	 1.738955E-05	 1.362236E-05	 9.615846E-06	 6.815403E-06	 4.533073E-06	 2.896105E-06	 1.655529E-06	 8.498492E-07	 3.766214E-07
0.84410	 0.000000E+00	-1.428039E-05	 7.771518E-06	 3.174771E-05	 2.875943E-05	 2.685532E-05	 2.364980E-05	 1.760842E-05	 1.387867E-05	 9.843502E-06	 7.026822E-06	 4.709083E-06	 3.038875E-06	 1.762271E-06	 9.283621E-07	 4.333536E-07
0.84705	 0.000000E+00	-1.496175E-05	 6.867379E-06	 3.144676E-05	 2.845148E-05	 2.691513E-05	 2.382042E-05	 1.782130E-05	 1.413327E-05	 1.007160E-05	 7.241388E-06	 4.889031E-06	 3.185925E-06	 1.873438E-06	 1.011632E-06	 4.939687E-07
0.85000	 0.000000E+00	-1.561788E-05	 5.951156E-06	 3.113374E-05	 2.811946E-05	 2.696485E-05	 2.398185E-05	 1.803103E-05	 1.438838E-05	 1.030169E-05	 7.460065E-06	 5.073655E-06	 3.337991E-06	 1.989346E-06	 1.100470E-06	 5.595050E-07
0.85294	 0.000000E+00	-1.624907E-05	 5.022252E-06	 3.080771E-05	 2.776188E-05	 2.700375E-05	 2.413329E-05	 1.823711E-05	 1.464350E-05	 1.053356E-05	 7.683073E-06	 5.263073E-06	 3.495025E-06	 2.110216E-06	 1.194218E-06	 6.295326E-07
0.85586	 0.000000E+00	-1.690104E-05	 4.066787E-06	 3.045714E-05	 2.736944E-05	 2.702476E-05	 2.426921E-05	 1.843515E-05	 1.489531E-05	 1.076488E-05	 7.908864E-06	 5.456241E-06	 3.656390E-06	 2.235644E-06	 1.293233E-06	 7.043319E-07
0.85878	 0.000000E+00	-1.757504E-05	 3.085546E-06	 3.008342E-05	 2.694221E-05	 2.702838E-05	 2.438950E-05	 1.862513E-05	 1.514363E-05	 1.099552E-05	 8.137445E-06	 5.653140E-06	 3.822032E-06	 2.365950E-06	 1.397792E-06	 7.835345E-07
0.86168	 0.000000E+00	-1.819466E-05	 2.101078E-06	 2.970589E-05	 2.649300E-05	 2.702497E-05	 2.450084E-05	 1.881298E-05	 1.539296E-05	 1.122873E-05	 8.370859E-06	 5.855303E-06	 3.993310E-06	 2.501659E-06	 1.509402E-06	 8.690173E-07
0.86458	 0.000000E+00	-1.876004E-05	 1.112896E-06	 2.932376E-05	 2.602025E-05	 2.701394E-05	 2.460241E-05	 1.899807E-05	 1.564253E-05	 1.146415E-05	 8.609401E-06	 6.062875E-06	 4.170160E-06	 2.643121E-06	 1.626615E-06	 9.596388E-07
0.86747	 0.000000E+00	-1.934925E-05	 9.658112E-08	 2.891583E-05	 2.550754E-05	 2.698251E-05	 2.468431E-05	 1.917241E-05	 1.588617E-05	 1.169734E-05	 8.849904E-06	 6.273569E-06	 4.350985E-06	 2.789259E-06	 1.749760E-06	 1.055610E-06
0.87034	 0.000000E+00	-1.996315E-05	-9.494964E-07	 2.848030E-05	 2.495212E-05	 2.692877E-05	 2.474445E-05	 1.933461E-05	 1.612259E-05	 1.192734E-05	 9.091750E-06	 6.486851E-06	 4.535372E-06	 2.940221E-06	 1.878924E-06	 1.156381E-06
0.87321	 0.000000E+00	-2.052861E-05	-2.004748E-06	 2.803540E-05	 2.436581E-05	 2.686263E-05	 2.478915E-05	 1.949040E-05	 1.635614E-05	 1.215741E-05	 9.336963E-06	 6.704225E-06	 4.724598E-06	 3.096476E-06	 2.015611E-06	 1.263844E-06
0.87607	 0.000000E+00	-2.104577E-05	-3.070046E-06	 2.757977E-05	 2.374638E-05	 2.678303E-05	 2.481702E-05	 1.963877E-05	 1.658559E-05	 1.238685E-05	 9.585482E-06	 6.925577E-06	 4.918566E-06	 3.258358E-06	 2.158378E-06	 1.376732E-06
0.87892	 0.000000E+00	-2.158938E-05	-4.168659E-06	 2.709199E-05	 2.307713E-05	 2.667661E-05	 2.481733E-05	 1.977090E-05	 1.680395E-05	 1.261052E-05	 9.833529E-06	 7.148024E-06	 5.115128E-06	 3.424451E-06	 2.307177E-06	 1.494917E-06
0.88176	 0.000000E+00	-2.216015E-05	-5.301435E-06	 2.657103E-05	 2.235568E-05	 2.654174E-05	 2.478782E-05	 1.988512E-05	 1.700946E-05	 1.282709E-05	 1.008004E-05	 7.370568E-06	 5.313520E-06	 3.594632E-06	 2.461737E-06	 1.617687E-06
0.88459	 0.000000E+00	-2.267928E-05	-6.445771E-06	 2.603802E-05	 2.159567E-05	 2.638991E-05	 2.473573E-05	 1.998795E-05	 1.720690E-05	 1.304024E-05	 1.032719E-05	 7.594816E-06	 5.515033E-06	 3.769256E-06	 2.623431E-06	 1.746911E-06
0.88741	 0.000000E+00	-2.314661E-05	-7.602330E-06	 2.549142E-05	 2.079469E-05	 2.621990E-05	 2.465944E-05	 2.007820E-05	 1.739484E-05	 1.324915E-05	 1.057471E-05	 7.820501E-06	 5.719608E-06	 3.948801E-06	 2.790970E-06	 1.881175E-06
0.89022	 0.000000E+00	-2.364210E-05	-8.795650E-06	 2.490726E-05	 1.993431E-05	 2.601641E-05	 2.454650E-05	 2.014543E-05	 1.756489E-05	 1.344760E-05	 1.081790E-05	 8.043941E-06	 5.924463E-06	 4.131432E-06	 2.963750E-06	 2.019920E-06
0.89303	 0.000000E+00	-2.416643E-05	-1.002539E-05	 2.428673E-05	 1.901402E-05	 2.577918E-05	 2.439538E-05	 2.018824E-05	 1.771512E-05	 1.363411E-05	 1.105528E-05	 8.263710E-06	 6.128509E-06	 4.316686E-06	 3.140924E-06	 2.162169E-06
0.89582	 0.000000E+00	-2.460623E-05	-1.125930E-05	 2.366253E-05	 1.805556E-05	 2.552659E-05	 2.421830E-05	 2.021740E-05	 1.785350E-05	 1.381489E-05	 1.129054E-05	 8.482737E-06	 6.334031E-06	 4.505106E-06	 3.324041E-06	 2.310384E-06
0.89861	 0.000000E+00	-2.496117E-05	-1.249974E-05	 2.303159E-05	 1.705545E-05	 2.525680E-05	 2.401322E-05	 2.023139E-05	 1.797827E-05	 1.398889E-05	 1.152305E-05	 8.700476E-06	 6.540809E-06	 4.697409E-06	 3.512119E-06	 2.462801E-06
0.90139	 0.000000E+00	-2.534550E-05	-1.378684E-05	 2.235333E-05	 1.598322E-05	 2.494344E-05	 2.375960E-05	 2.021297E-05	 1.807580E-05	 1.414600E-05	 1.174523E-05	 8.911101E-06	 6.744527E-06	 4.890640E-06	 3.703323E-06	 2.618185E-06
0.90416	 0.000000E+00	-2.575859E-05	-1.512793E-05	 2.162073E-05	 1.483110E-05	 2.457858E-05	 2.345080E-05	 2.015681E-05	 1.814135E-05	 1.428285E-05	 1.195415E-05	 9.112602E-06	 6.943817E-06	 5.083738E-06	 3.896497E-06	 2.776206E-06
0.90692	 0.000000E+00	-2.608257E-05	-1.649047E-05	 2.086924E-05	 1.362168E-05	 2.418159E-05	 2.310005E-05	 2.007475E-05	 1.818386E-05	 1.440643E-05	 1.215401E-05	 9.308731E-06	 7.141618E-06	 5.277176E-06	 4.092856E-06	 2.939459E-06
0.90967	 0.000000E+00	-2.631715E-05	-1.787101E-05	 2.010166E-05	 1.235538E-05	 2.375397E-05	 2.270718E-05	 1.996635E-05	 1.820201E-05	 1.451559E-05	 1.234362E-05	 9.498109E-06	 7.336499E-06	 5.471315E-06	 4.292358E-06	 3.105935E-06
0.91241	 0.000000E+00	-2.658059E-05	-1.930157E-05	 1.928372E-05	 1.100683E-05	 2.327244E-05	 2.225295E-05	 1.981398E-05	 1.818100E-05	 1.459852E-05	 1.251374E-05	 9.673303E-06	 7.522735E-06	 5.661909E-06	 4.491095E-06	 3.272720E-06
0.91515	 0.000000E+00	-2.687464E-05	-2.077690E-05	 1.842571E-05	 9.583165E-06	 2.274344E-05	 2.174168E-05	 1.962019E-05	 1.812137E-05	 1.465544E-05	 1.266412E-05	 9.834277E-06	 7.700102E-06	 5.848043E-06	 4.687181E-06	 3.439191E-06
0.91788	 0.000000E+00	-2.694902E-05	-2.222364E-05	 1.761384E-05	 8.142342E-06	 2.221877E-05	 2.121146E-05	 1.941838E-05	 1.804943E-05	 1.470720E-05	 1.280872E-05	 9.994051E-06	 7.878860E-06	 6.032567E-06	 4.884149E-06	 3.612009E-06
0.92060	 0.000000E+00	-2.680303E-05	-2.364334E-05	 1.684574E-05	 6.681614E-06	 2.169875E-05	 2.066218E-05	 1.920810E-05	 1.796400E-05	 1.475275E-05	 1.294628E-05	 1.015015E-05	 8.055631E-06	 6.218659E-06	 5.085858E-06	 3.788409E-06
0.92331	 0.000000E+00	-2.668823E-05	-2.511803E-05	 1.602592E-05	 5.133952E-06	 2.112339E-05	 2.004666E-05	 1.894801E-05	 1.783210E-05	 1.476556E-05	 1.305589E-05	 1.028568E-05	 8.218372E-06	 6.396449E-06	 5.281504E-06	 3.961122E-06
0.92601	 0.000000E+00	-2.659677E-05	-2.666617E-05	 1.512344E-05	 3.469851E-06	 2.046113E-05	 1.933943E-05	 1.861676E-05	 1.763688E-05	 1.473149E-05	 1.312584E-05	 1.039220E-05	 8.359692E-06	 6.558136E-06	 5.466777E-06	 4.128226E-06
0.92871	 0.000000E+00	-2.657811E-05	-2.830788E-05	 1.411112E-05	 1.668953E-06	 1.969288E-05	 1.852505E-05	 1.820043E-05	 1.736600E-05	 1.463982E-05	 1.314720E-05	 1.046163E-05	 8.472512E-06	 6.699182E-06	 5.636999E-06	 4.284933E-06
0.93140	 0.000000E+00	-2.663200E-05	-3.004468E-05	 1.298567E-05	-2.732229E-07	 1.881461E-05	 1.759822E-05	 1.769370E-05	 1.701393E-05	 1.448507E-05	 1.311469E-05	 1.049008E-05	 8.553328E-06	 6.813980E-06	 5.787399E-06	 4.428976E-06
0.93408	 0.000000E+00	-2.671087E-05	-3.186759E-05	 1.175784E-05	-2.355026E-06	 1.783119E-05	 1.655977E-05	 1.709850E-05	 1.658117E-05	 1.426750E-05	 1.302796E-05	 1.047691E-05	 8.600848E-06	 6.901929E-06	 5.917957E-06	 4.559540E-06
0.93675	 0.000000E+00	-2.681635E-05	-3.379111E-05	 1.040873E-05	-4.601109E-06	 1.672306E-05	 1.538974E-05	 1.640003E-05	 1.605545E-05	 1.397764E-05	 1.287947E-05	 1.041642E-05	 8.610170E-06	 6.959170E-06	 6.027257E-06	 4.675772E-06
0.93941	 0.000000E+00	-2.706552E-05	-3.585897E-05	 8.880150E-06	-7.063157E-06	 1.544545E-05	 1.404754E-05	 1.556504E-05	 1.540796E-05	 1.359258E-05	 1.265226E-05	 1.029273E-05	 8.568915E-06	 6.980797E-06	 6.109338E-06	 4.770839E-06
0.94207	 0.000000E+00	-2.745925E-05	-3.806637E-05	 7.172942E-06	-9.748169E-06	 1.399446E-05	 1.252207E-05	 1.458509E-05	 1.462939E-05	 1.310403E-05	 1.233862E-05	 1.010199E-05	 8.473499E-06	 6.955899E-06	 6.156624E-06	 4.842724E-06
0.94472	 0.000000E+00	-2.788275E-05	-4.036218E-05	 5.343672E-06	-1.261899E-05	 1.240906E-05	 1.083709E-05	 1.348133E-05	 1.373349E-05	 1.252220E-05	 1.194444E-05	 9.846841E-06	 8.324344E-06	 6.886966E-06	 6.170285E-06	 4.889220E-06
0.94736	 0.000000E+00	-2.833459E-05	-4.272943E-05	 3.404916E-06	-1.566521E-05	 1.070240E-05	 8.996880E-06	 1.225690E-05	 1.272005E-05	 1.184598E-05	 1.146633E-05	 9.523027E-06	 8.117079E-06	 6.770650E-06	 6.147070E-06	 4.906140E-06
0.95000	 0.000000E+00	-2.885665E-05	-4.517787E-05	 1.334219E-06	-1.890964E-05	 8.857447E-06	 6.979371E-06	 1.089432E-05	 1.157174E-05	 1.106113E-05	 1.089150E-05	 9.117739E-06	 7.841567E-06	 6.601765E-06	 6.080366E-06	 4.886162E-06
0.95263	 0.000000E+00	-2.945077E-05	-4.771405E-05	-8.854257E-07	-2.238345E-05	 6.854738E-06	 4.752160E-06	 9.372415E-06	 1.026723E-05	 1.015130E-05	 1.020547E-05	 8.621541E-06	 7.489503E-06	 6.368732E-06	 5.962670E-06	 4.824899E-06
0.95525	 0.000000E+00	-3.007203E-05	-5.032423E-05	-3.251269E-06	-2.610135E-05	 4.690225E-06	 2.293795E-06	 7.680272E-06	 8.792580E-06	 9.106548E-06	 9.397056E-06	 8.024314E-06	 7.051638E-06	 6.065292E-06	 5.788089E-06	 4.715910E-06
0.95786	 0.000000E+00	-3.070149E-05	-5.298669E-05	-5.771868E-06	-3.006816E-05	 2.353622E-06	-4.147475E-07	 5.801828E-06	 7.131745E-06	 7.910834E-06	 8.447832E-06	 7.310475E-06	 6.510651E-06	 5.674597E-06	 5.546140E-06	 4.548691E-06
0.96047	 0.000000E+00	-3.156727E-05	-5.571798E-05	-8.534576E-06	-3.431760E-05	-2.020047E-07	-3.416147E-06	 3.695084E-06	 5.243737E-06	 6.528980E-06	 7.325427E-06	 6.436957E-06	 5.836092E-06	 5.189282E-06	 5.213919E-06	 4.298006E-06
0.96307	 0.000000E+00	-3.264640E-05	-5.844362E-05	-1.149802E-05	-3.880049E-05	-2.938911E-06	-6.695901E-06	 1.375732E-06	 3.135349E-06	 4.962911E-06	 6.029480E-06	 5.420981E-06	 5.031992E-06	 4.579966E-06	 4.782591E-06	 3.959831E-06
0.96566	 0.000000E+00	-3.365632E-05	-6.100184E-05	-1.449647E-05	-4.338840E-05	-5.735147E-06	-1.017028E-05	-1.074879E-06	 8.651853E-07	 3.264806E-06	 4.598999E-06	 4.289031E-06	 4.121166E-06	 3.877969E-06	 4.268420E-06	 3.541781E-06
0.96825	 0.000000E+00	-3.457153E-05	-6.328295E-05	-1.744535E-05	-4.797793E-05	-8.496872E-06	-1.377128E-05	-3.593306E-06	-1.521309E-06	 1.475363E-06	 3.064293E-06	 3.065282E-06	 3.122028E-06	 3.100314E-06	 3.681655E-06	 3.050094E-06
0.97082	 0.000000E+00	-3.520573E-05	-6.512401E-05	-2.020135E-05	-5.242206E-05	-1.109736E-05	-1.740178E-05	-6.088427E-06	-3.951799E-06	-3.455459E-07	 1.473628E-06	 1.801726E-06	 2.068305E-06	 2.265612E-06	 3.044219E-06	 2.499798E-06
0.97340	 0.000000E+00	-3.550654E-05	-6.637646E-05	-2.268223E-05	-5.658608E-05	-1.342887E-05	-2.097372E-05	-8.475810E-06	-6.358591E-06	-2.134687E-06	-1.250007E-07	 5.254988E-07	 9.906879E-07	 1.419579E-06	 2.377209E-06	 1.909336E-06
0.97596	 0.000000E+00	-3.552660E-05	-6.689345E-05	-2.485329E-05	-6.034197E-05	-1.540922E-05	-2.442112E-05	-1.068746E-05	-8.688886E-06	-3.846538E-06	-1.690803E-06	-7.194659E-07	-8.012426E-08	 5.817039E-07	 1.699028E-06	 1.294401E-06
0.97852	 0.000000E+00	-3.516615E-05	-6.643482E-05	-2.659986E-05	-6.348577E-05	-1.690484E-05	-2.762991E-05	-1.260887E-05	-1.085362E-05	-5.399928E-06	-3.151392E-06	-1.867863E-06	-1.088751E-06	-1.962104E-07	 1.046635E-06	 6.914593E-07
0.98107	 0.000000E+00	-3.442610E-05	-6.466360E-05	-2.777110E-05	-6.568402E-05	-1.770216E-05	-3.037929E-05	-1.404562E-05	-1.268953E-05	-6.646580E-06	-4.374191E-06	-2.811061E-06	-1.931178E-06	-8.172964E-07	 4.901712E-07	 1.738459E-07
0.98362	 0.000000E+00	-3.310715E-05	-6.098454E-05	-2.796598E-05	-6.629581E-05	-1.733879E-05	-3.217290E-05	-1.457411E-05	-1.381888E-05	-7.261218E-06	-5.049480E-06	-3.264431E-06	-2.367737E-06	-1.082990E-06	 2.080828E-07	-9.846267E-08
0.98615	 0.000000E+00	-3.071781E-05	-5.441815E-05	-2.644829E-05	-6.427487E-05	-1.501366E-05	-3.215905E-05	-1.346162E-05	-1.356812E-05	-6.647918E-06	-4.626551E-06	-2.749762E-06	-1.962994E-06	-6.063422E-07	 5.356499E-07	 1.871321E-07
0.98869	 0.000000E+00	-2.679434E-05	-4.343464E-05	-2.217601E-05	-5.798441E-05	-9.504898E-06	-2.900020E-05	-9.569777E-06	-1.085457E-05	-3.838575E-06	-2.206384E-06	-4.943132E-07	 3.701312E-09	 1.250452E-06	 2.039901E-06	 1.560593E-06
0.99121	 0.000000E+00	-2.043196E-05	-2.521295E-05	-1.321216E-05	-4.445400E-05	 1.388196E-06	-2.021775E-05	-8.047072E-07	-3.643747E-06	 2.967039E-06	 3.932156E-06	 5.008067E-06	 4.899950E-06	 5.688840E-06	 5.824613E-06	 5.014147E-06
0.99373	 0.000000E+00	-1.001863E-05	 5.616936E-06	 4.011944E-06	-1.817723E-05	 2.167474E-05	-1.111151E-06	 1.678711E-05	 1.199273E-05	 1.724995E-05	 1.709077E-05	 1.661828E-05	 1.541432E-05	 1.506121E-05	 1.405473E-05	 1.250541E-05
0.99624	 0.000000E+00	 7.306958E-06	 5.858820E-05	 3.560243E-05	 3.050779E-05	 5.821683E-05	 3.683714E-05	 5.040674E-05	 4.333904E-05	 4.540494E-05	 4.332197E-05	 3.964343E-05	 3.661645E-05	 3.373144E-05	 3.082359E-05	 2.770664E-05
0.99875	 0.000000E+00	 3.444673E-05	 1.411814E-04	 8.574344E-05	 1.095599E-04	 1.161315E-04	 1.012011E-04	 1.064313E-04	 9.744027E-05	 9.350307E-05	 8.833709E-05	 7.937971E-05	 7.383400E-05	 6.615610E-05	 6.064031E-05	 5.457827E-05
