r	   0/   0	   1/   0	   2/   0	   3/   0	   4/   0	   5/   0	   6/   0	   7/   0	   8/   0	   9/   0	  10/   0	  11/   0	  12/   0	  13/   0	  14/   0	  15/   0
0.07071	 2.595980E+00	-3.989023E-02	-6.110752E-01	-4.943812E-03	-9.730824E-03	 4.865463E-04	 2.260559E-03	-1.500847E-04	-1.976095E-04	 1.579299E-05	 1.096057E-06	 3.585892E-06	 3.716403E-06	-1.087444E-06	-7.159305E-07	 1.485313E-07
0.10000	 2.472243E+00	-5.470844E-02	-5.976029E-01	-5.549485E-03	-3.431782E-03	 2.385007E-05	 2.276049E-03	 1.713050E-04	-3.722466E-04	 2.021623E-05	 3.425864E-05	-4.724055E-06	 1.477612E-06	 1.150673E-07	-1.306163E-06	 8.192476E-09
0.12247	 2.454931E+00	-6.504933E-02	-6.176580E-01	-7.285804E-03	 1.195202E-02	 6.072047E-04	-3.375710E-04	 2.199352E-04	-2.003758E-04	 4.045732E-05	 7.605116E-05	-5.555486E-06	-6.980928E-06	-3.665534E-07	-2.810645E-07	 1.071602E-07
0.14142	 2.452592E+00	-7.121636E-02	-6.255458E-01	-1.448538E-02	 1.588077E-02	 1.928076E-03	-9.609575E-04	 6.609674E-05	-9.776626E-05	 3.313600E-05	 8.479084E-05	-4.111791E-06	-1.555575E-05	-4.512503E-07	 1.313876E-06	-2.684194E-08
0.15811	 2.454103E+00	-7.850392E-02	-6.316602E-01	-2.121722E-02	 1.738275E-02	 2.279307E-03	-1.213765E-03	 2.799487E-04	 6.945821E-05	-5.605752E-05	 4.518071E-05	 2.135332E-06	-1.435421E-05	 1.247799E-06	 2.624751E-06	-8.282639E-07
0.17321	 2.457237E+00	-8.688836E-02	-6.371193E-01	-2.738692E-02	 1.771905E-02	 2.939398E-03	-1.095006E-03	 3.374123E-04	 2.115631E-04	-7.875051E-05	-1.795108E-06	 9.380033E-07	-1.001621E-05	 2.061456E-06	 3.785521E-06	-9.809333E-07
0.18708	 2.460638E+00	-9.646883E-02	-6.419729E-01	-3.178280E-02	 1.760101E-02	 3.810731E-03	-7.053155E-04	 3.240478E-04	 2.930703E-04	-7.188535E-05	-3.717973E-05	 1.782645E-06	-4.064402E-06	 1.111028E-06	 3.689030E-06	-5.355670E-07
0.20000	 2.463253E+00	-1.070751E-01	-6.459796E-01	-3.360511E-02	 1.751514E-02	 4.741683E-03	-1.853021E-04	 2.947263E-04	 3.233462E-04	-5.000769E-05	-5.803830E-05	 2.231849E-06	 2.188867E-06	 2.303970E-07	 2.623588E-06	-1.141869E-07
0.21213	 2.464613E+00	-1.183434E-01	-6.490018E-01	-3.255722E-02	 1.772430E-02	 5.631818E-03	 3.631957E-04	 2.747743E-04	 3.167715E-04	-2.348718E-05	-6.482226E-05	 1.888100E-06	 7.038353E-06	-2.132258E-07	 1.269745E-06	 1.375081E-07
0.22361	 2.464973E+00	-1.293622E-01	-6.513688E-01	-2.928288E-02	 1.830435E-02	 6.456289E-03	 8.746506E-04	 2.672381E-04	 2.905656E-04	 2.981053E-06	-6.153471E-05	 6.364809E-07	 9.798095E-06	-2.838922E-07	 6.150864E-08	 2.302778E-07
0.23452	 2.464960E+00	-1.390272E-01	-6.536631E-01	-2.502028E-02	 1.919647E-02	 7.226698E-03	 1.324924E-03	 2.759574E-04	 2.580528E-04	 2.544311E-05	-5.254027E-05	-1.000557E-06	 1.056642E-05	-1.631050E-07	-7.776239E-07	 2.176316E-07
0.24495	 2.465389E+00	-1.462118E-01	-6.565645E-01	-2.137343E-02	 2.026123E-02	 7.987518E-03	 1.721557E-03	 3.046825E-04	 2.287085E-04	 4.234631E-05	-4.149070E-05	-2.675200E-06	 9.879991E-06	 3.167157E-08	-1.209687E-06	 1.450569E-07
0.25495	 2.466737E+00	-1.503814E-01	-6.604833E-01	-1.954178E-02	 2.137522E-02	 8.784122E-03	 2.087753E-03	 3.586613E-04	 2.077210E-04	 5.282244E-05	-3.060008E-05	-3.854194E-06	 8.347042E-06	 1.806282E-07	-1.287740E-06	 5.736417E-08
0.26458	 2.468981E+00	-1.520219E-01	-6.653552E-01	-1.964271E-02	 2.247665E-02	 9.631968E-03	 2.446757E-03	 4.417907E-04	 1.957409E-04	 5.604789E-05	-2.055178E-05	-3.751110E-06	 6.481123E-06	 1.502078E-07	-1.094589E-06	-2.754561E-09
0.27386	 2.472000E+00	-1.518248E-01	-6.710114E-01	-2.141432E-02	 2.354208E-02	 1.053929E-02	 2.811938E-03	 5.479883E-04	 1.934277E-04	 5.507097E-05	-1.198800E-05	-2.765024E-06	 4.748963E-06	 2.126069E-08	-7.721390E-07	-4.189219E-08
0.28284	 2.475519E+00	-1.505948E-01	-6.771683E-01	-2.429525E-02	 2.456185E-02	 1.149426E-02	 3.189286E-03	 6.704389E-04	 2.004490E-04	 5.277407E-05	-5.087638E-06	-1.342638E-06	 3.382056E-06	-1.418505E-07	-4.178519E-07	-6.013591E-08
0.29155	 2.479040E+00	-1.494022E-01	-6.833288E-01	-2.725398E-02	 2.555865E-02	 1.245954E-02	 3.576079E-03	 8.033609E-04	 2.143067E-04	 5.024184E-05	 5.980875E-07	 4.734666E-07	 2.382831E-06	-3.552397E-07	-6.000816E-08	-4.278822E-08
0.30000	 2.482198E+00	-1.488892E-01	-6.891280E-01	-2.955054E-02	 2.656996E-02	 1.340771E-02	 3.963629E-03	 9.388359E-04	 2.335027E-04	 4.930934E-05	 5.117388E-06	 2.164535E-06	 1.776767E-06	-5.167241E-07	 2.529110E-07	-1.652339E-08
0.30822	 2.484972E+00	-1.489865E-01	-6.945321E-01	-3.114479E-02	 2.759765E-02	 1.433533E-02	 4.348383E-03	 1.072043E-03	 2.578227E-04	 5.167285E-05	 8.411214E-06	 3.149635E-06	 1.543394E-06	-5.116066E-07	 4.858654E-07	-1.601310E-08
0.31623	 2.487426E+00	-1.494819E-01	-6.996016E-01	-3.217773E-02	 2.863699E-02	 1.524512E-02	 4.730784E-03	 1.203013E-03	 2.863902E-04	 5.705527E-05	 1.082090E-05	 3.507410E-06	 1.549809E-06	-3.835346E-07	 6.591909E-07	-3.060811E-08
0.32404	 2.489589E+00	-1.502740E-01	-7.043658E-01	-3.270648E-02	 2.968737E-02	 1.614060E-02	 5.112090E-03	 1.333055E-03	 3.175365E-04	 6.423171E-05	 1.289569E-05	 3.616977E-06	 1.628685E-06	-2.367851E-07	 8.168295E-07	-3.463707E-08
0.33166	 2.491698E+00	-1.509608E-01	-7.090316E-01	-3.313877E-02	 3.072006E-02	 1.704244E-02	 5.499050E-03	 1.463872E-03	 3.511148E-04	 7.308323E-05	 1.484805E-05	 3.497432E-06	 1.734991E-06	-6.361174E-08	 9.604402E-07	-3.909099E-08
0.33912	 2.494100E+00	-1.509648E-01	-7.139186E-01	-3.412842E-02	 3.168644E-02	 1.798048E-02	 5.904142E-03	 1.599605E-03	 3.881710E-04	 8.366072E-05	 1.675482E-05	 3.209133E-06	 1.895065E-06	 1.380652E-07	 1.077133E-06	-4.815890E-08
0.34641	 2.497001E+00	-1.500399E-01	-7.191963E-01	-3.602804E-02	 3.252402E-02	 1.897123E-02	 6.341140E-03	 1.746128E-03	 4.289954E-04	 9.522484E-05	 1.899461E-05	 3.129034E-06	 2.042974E-06	 2.786052E-07	 1.198098E-06	-3.159907E-08
0.35355	 2.500491E+00	-1.481983E-01	-7.249173E-01	-3.892112E-02	 3.316750E-02	 2.001820E-02	 6.821404E-03	 1.908484E-03	 4.739936E-04	 1.074082E-04	 2.181671E-05	 3.466520E-06	 2.146961E-06	 3.187509E-07	 1.342304E-06	 2.453111E-08
0.36056	 2.504630E+00	-1.454950E-01	-7.311198E-01	-4.282728E-02	 3.356446E-02	 2.111800E-02	 7.352841E-03	 2.090815E-03	 5.244361E-04	 1.205133E-04	 2.516910E-05	 4.181847E-06	 2.270383E-06	 2.940281E-07	 1.493719E-06	 1.097943E-07
0.36742	 2.509365E+00	-1.421248E-01	-7.377642E-01	-4.759475E-02	 3.370005E-02	 2.225642E-02	 7.936436E-03	 2.295791E-03	 5.813419E-04	 1.347535E-04	 2.899602E-05	 5.251084E-06	 2.459364E-06	 2.268616E-07	 1.644503E-06	 2.203502E-07
0.37417	 2.514498E+00	-1.384344E-01	-7.447155E-01	-5.287940E-02	 3.362594E-02	 2.341030E-02	 8.562353E-03	 2.522424E-03	 6.448908E-04	 1.501692E-04	 3.320968E-05	 6.646940E-06	 2.751036E-06	 1.332172E-07	 1.788162E-06	 3.549982E-07
0.38079	 2.519792E+00	-1.347702E-01	-7.518043E-01	-5.830582E-02	 3.341721E-02	 2.455607E-02	 9.216415E-03	 2.767446E-03	 7.148088E-04	 1.669244E-04	 3.771716E-05	 8.244278E-06	 3.156386E-06	 5.140550E-08	 1.922648E-06	 5.035229E-07
0.38730	 2.525012E+00	-1.314441E-01	-7.588461E-01	-6.351209E-02	 3.313400E-02	 2.567360E-02	 9.886074E-03	 3.027185E-03	 7.903333E-04	 1.851075E-04	 4.251873E-05	 9.906083E-06	 3.621126E-06	 1.099343E-08	 2.066757E-06	 6.575704E-07
0.39370	 2.529991E+00	-1.286636E-01	-7.656934E-01	-6.823129E-02	 3.280848E-02	 2.675065E-02	 1.056355E-02	 3.298720E-03	 8.706951E-04	 2.047377E-04	 4.757947E-05	 1.151070E-05	 4.098293E-06	 2.935171E-08	 2.232563E-06	 8.113396E-07
0.40000	 2.534700E+00	-1.264470E-01	-7.723006E-01	-7.239226E-02	 3.242505E-02	 2.778636E-02	 1.124996E-02	 3.581674E-03	 9.556761E-04	 2.259056E-04	 5.285679E-05	 1.295909E-05	 4.556689E-06	 1.148842E-07	 2.423518E-06	 9.611812E-07
0.40620	 2.539297E+00	-1.245760E-01	-7.787604E-01	-7.618194E-02	 3.189535E-02	 2.879063E-02	 1.195909E-02	 3.880735E-03	 1.046472E-03	 2.489980E-04	 5.839239E-05	 1.418612E-05	 4.963907E-06	 2.710043E-07	 2.644745E-06	 1.104535E-06
0.41231	 2.544055E+00	-1.226841E-01	-7.852755E-01	-7.996046E-02	 3.111165E-02	 2.977911E-02	 1.270966E-02	 4.203414E-03	 1.145521E-03	 2.746305E-04	 6.421928E-05	 1.519748E-05	 5.349240E-06	 4.940770E-07	 2.881564E-06	 1.242113E-06
0.41833	 2.549194E+00	-1.204887E-01	-7.920247E-01	-8.401773E-02	 2.998621E-02	 3.076338E-02	 1.351734E-02	 4.557374E-03	 1.255427E-03	 3.032989E-04	 7.044742E-05	 1.610543E-05	 5.725010E-06	 7.424937E-07	 3.127467E-06	 1.390517E-06
0.42426	 2.554840E+00	-1.178353E-01	-7.991338E-01	-8.851814E-02	 2.848452E-02	 3.174949E-02	 1.438922E-02	 4.947600E-03	 1.378350E-03	 3.354285E-04	 7.718795E-05	 1.703828E-05	 6.108265E-06	 9.728186E-07	 3.375888E-06	 1.567099E-06
0.43012	 2.561109E+00	-1.145591E-01	-8.067382E-01	-9.364232E-02	 2.659276E-02	 3.274176E-02	 1.532890E-02	 5.378042E-03	 1.516666E-03	 3.717731E-04	 8.458808E-05	 1.805195E-05	 6.524484E-06	 1.178500E-06	 3.618649E-06	 1.775268E-06
0.43589	 2.568157E+00	-1.104666E-01	-8.149721E-01	-9.960758E-02	 2.425454E-02	 3.374016E-02	 1.634443E-02	 5.855858E-03	 1.673921E-03	 4.135280E-04	 9.297371E-05	 1.917687E-05	 6.939097E-06	 1.355624E-06	 3.868499E-06	 2.017872E-06
0.44159	 2.576076E+00	-1.054441E-01	-8.239332E-01	-1.065510E-01	 2.144991E-02	 3.474050E-02	 1.743781E-02	 6.385835E-03	 1.853102E-03	 4.617311E-04	 1.026338E-04	 2.049833E-05	 7.358359E-06	 1.490652E-06	 4.125819E-06	 2.303151E-06
0.44721	 2.584974E+00	-9.936442E-02	-8.337105E-01	-1.146235E-01	 1.813174E-02	 3.573291E-02	 1.861286E-02	 6.974868E-03	 2.058276E-03	 5.178818E-04	 1.139532E-04	 2.206461E-05	 7.774955E-06	 1.583158E-06	 4.392819E-06	 2.632649E-06
0.45277	 2.594875E+00	-9.221285E-02	-8.443343E-01	-1.238558E-01	 1.428927E-02	 3.670214E-02	 1.986655E-02	 7.626903E-03	 2.292635E-03	 5.833068E-04	 1.273356E-04	 2.395599E-05	 8.181641E-06	 1.622267E-06	 4.671060E-06	 3.012168E-06
0.45826	 2.605754E+00	-8.404267E-02	-8.557883E-01	-1.342013E-01	 9.922737E-03	 3.762824E-02	 2.119241E-02	 8.344699E-03	 2.559167E-03	 6.593868E-04	 1.432051E-04	 2.624774E-05	 8.570879E-06	 1.595247E-06	 4.956899E-06	 3.445860E-06
0.46368	 2.617543E+00	-7.495723E-02	-8.680229E-01	-1.455541E-01	 5.047340E-03	 3.848984E-02	 2.258108E-02	 9.129069E-03	 2.860189E-03	 7.474674E-04	 1.620212E-04	 2.900593E-05	 8.929670E-06	 1.495780E-06	 5.247365E-06	 3.933096E-06
0.46904	 2.630167E+00	-6.508492E-02	-8.809636E-01	-1.577765E-01	-3.323441E-04	 3.926550E-02	 2.402453E-02	 9.980979E-03	 3.197808E-03	 8.487805E-04	 1.842432E-04	 3.232866E-05	 9.245568E-06	 1.300422E-06	 5.534858E-06	 4.477691E-06
0.47434	 2.643671E+00	-5.441238E-02	-8.945874E-01	-1.708701E-01	-6.297993E-03	 3.993012E-02	 2.552516E-02	 1.090795E-02	 3.576844E-03	 9.655781E-04	 2.105519E-04	 3.623614E-05	 9.457444E-06	 1.008777E-06	 5.822892E-06	 5.068374E-06
0.47958	 2.658062E+00	-4.296983E-02	-9.088467E-01	-1.847844E-01	-1.291663E-02	 4.045520E-02	 2.708115E-02	 1.191684E-02	 4.002536E-03	 1.100306E-03	 2.416577E-04	 4.079890E-05	 9.526321E-06	 5.964524E-07	 6.097658E-06	 5.698790E-06
0.48477	 2.673143E+00	-3.100746E-02	-9.236048E-01	-1.992355E-01	-2.011166E-02	 4.081835E-02	 2.867101E-02	 1.300263E-02	 4.476092E-03	 1.254368E-03	 2.780762E-04	 4.614751E-05	 9.473139E-06	 2.886984E-08	 6.324290E-06	 6.365659E-06
0.48990	 2.688573E+00	-1.893338E-02	-9.386487E-01	-2.137744E-01	-2.772131E-02	 4.100769E-02	 3.026349E-02	 1.415233E-02	 4.995249E-03	 1.428178E-03	 3.202052E-04	 5.242751E-05	 9.290194E-06	-7.523031E-07	 6.472868E-06	 7.071877E-06
0.49497	 2.704165E+00	-6.959487E-03	-9.538553E-01	-2.281528E-01	-3.565173E-02	 4.101771E-02	 3.183858E-02	 1.535717E-02	 5.558973E-03	 1.622809E-03	 3.687179E-04	 5.973368E-05	 8.907130E-06	-1.773377E-06	 6.539986E-06	 7.804813E-06
0.50000	 2.720023E+00	 5.063510E-03	-9.692534E-01	-2.424914E-01	-4.397399E-02	 4.083361E-02	 3.339578E-02	 1.662208E-02	 6.172403E-03	 1.841601E-03	 4.248829E-04	 6.823456E-05	 8.263817E-06	-3.052774E-06	 6.508693E-06	 8.540123E-06
0.50498	 2.736127E+00	 1.713218E-02	-9.848300E-01	-2.567639E-01	-5.266509E-02	 4.045253E-02	 3.492540E-02	 1.794346E-02	 6.836440E-03	 2.086306E-03	 4.897386E-04	 7.829372E-05	 7.381724E-06	-4.651182E-06	 6.348966E-06	 9.279067E-06
0.50990	 2.752502E+00	 2.930203E-02	-1.000586E+00	-2.710026E-01	-6.173930E-02	 3.986467E-02	 3.641933E-02	 1.932090E-02	 7.554168E-03	 2.359769E-03	 5.646807E-04	 9.033237E-05	 6.284592E-06	-6.636161E-06	 6.010999E-06	 1.001006E-05
0.51478	 2.769005E+00	 4.143376E-02	-1.016473E+00	-2.850527E-01	-7.106370E-02	 3.908189E-02	 3.785689E-02	 2.073997E-02	 8.321347E-03	 2.662240E-03	 6.506162E-04	 1.048567E-04	 5.085449E-06	-9.051171E-06	 5.454634E-06	 1.073029E-05
0.51962	 2.785704E+00	 5.363937E-02	-1.032518E+00	-2.990103E-01	-8.066755E-02	 3.809681E-02	 3.923271E-02	 2.220025E-02	 9.140570E-03	 2.996632E-03	 7.492414E-04	 1.224565E-04	 3.847250E-06	-1.195393E-05	 4.632416E-06	 1.142119E-05
0.52440	 2.802663E+00	 6.602838E-02	-1.048772E+00	-3.129784E-01	-9.054449E-02	 3.691199E-02	 4.054118E-02	 2.369691E-02	 1.001131E-02	 3.364613E-03	 8.620648E-04	 1.438402E-04	 2.740042E-06	-1.535634E-05	 3.510012E-06	 1.206713E-05
0.52915	 2.820146E+00	 7.893711E-02	-1.065337E+00	-3.272804E-01	-1.008647E-01	 3.549909E-02	 4.178865E-02	 2.524124E-02	 1.094204E-02	 3.771489E-03	 9.917136E-04	 1.699417E-04	 1.911833E-06	-1.932344E-05	 2.020695E-06	 1.264075E-05
0.53385	 2.838236E+00	 9.251347E-02	-1.082281E+00	-3.420595E-01	-1.116286E-01	 3.385199E-02	 4.296708E-02	 2.682825E-02	 1.193266E-02	 4.219345E-03	 1.140076E-03	 2.018183E-04	 1.748416E-06	-2.381874E-05	 1.045943E-07	 1.311658E-05
0.53852	 2.857025E+00	 1.068759E-01	-1.099617E+00	-3.574239E-01	-1.229071E-01	 3.194751E-02	 4.407015E-02	 2.845984E-02	 1.298727E-02	 4.712031E-03	 1.309665E-03	 2.406618E-04	 2.559004E-06	-2.888464E-05	-2.316680E-06	 1.346619E-05
0.54314	 2.876513E+00	 1.220501E-01	-1.117348E+00	-3.733927E-01	-1.346783E-01	 2.977686E-02	 4.508525E-02	 3.012837E-02	 1.410442E-02	 5.251239E-03	 1.502443E-03	 2.876681E-04	 4.813326E-06	-3.444069E-05	-5.294467E-06	 1.364747E-05
0.54772	 2.896765E+00	 1.380973E-01	-1.135452E+00	-3.900128E-01	-1.470177E-01	 2.731176E-02	 4.600413E-02	 3.183534E-02	 1.528811E-02	 5.840973E-03	 1.721142E-03	 3.441886E-04	 8.919861E-06	-4.047523E-05	-8.902416E-06	 1.360879E-05
0.55227	 2.917773E+00	 1.550076E-01	-1.153904E+00	-4.072621E-01	-1.599280E-01	 2.453658E-02	 4.681376E-02	 3.357479E-02	 1.653793E-02	 6.483435E-03	 1.968020E-03	 4.116253E-04	 1.545776E-05	-4.687673E-05	-1.319865E-05	 1.329287E-05
0.55678	 2.939556E+00	 1.728023E-01	-1.172682E+00	-4.251457E-01	-1.734332E-01	 2.142946E-02	 4.750073E-02	 3.534235E-02	 1.785479E-02	 7.181548E-03	 2.245672E-03	 4.915264E-04	 2.506626E-05	-5.351109E-05	-1.823989E-05	 1.263347E-05
0.56125	 2.962133E+00	 1.914935E-01	-1.191747E+00	-4.436544E-01	-1.875727E-01	 1.796245E-02	 4.804928E-02	 3.713447E-02	 1.924073E-02	 7.939189E-03	 2.557269E-03	 5.856666E-04	 3.841663E-05	-6.024969E-05	-2.408545E-05	 1.155162E-05
0.56569	 2.985292E+00	 2.108579E-01	-1.211037E+00	-4.625681E-01	-2.021593E-01	 1.416156E-02	 4.843907E-02	 3.892682E-02	 2.068286E-02	 8.752635E-03	 2.903245E-03	 6.954698E-04	 5.652315E-05	-6.672927E-05	-3.073239E-05	 1.000284E-05
0.57009	 3.009221E+00	 2.310729E-01	-1.230538E+00	-4.820279E-01	-2.173948E-01	 9.968091E-03	 4.866282E-02	 4.072970E-02	 2.219135E-02	 9.629372E-03	 3.288126E-03	 8.230852E-04	 8.009403E-05	-7.280754E-05	-3.821858E-05	 7.892952E-06
0.57446	 3.034020E+00	 2.522294E-01	-1.250231E+00	-5.020899E-01	-2.333875E-01	 5.336804E-03	 4.870498E-02	 4.254376E-02	 2.377131E-02	 1.057504E-02	 3.715996E-03	 9.708053E-04	 1.101207E-04	-7.819009E-05	-4.656995E-05	 5.113789E-06
0.57879	 3.059313E+00	 2.738744E-01	-1.269985E+00	-5.223160E-01	-2.498482E-01	 3.210247E-04	 4.854201E-02	 4.433626E-02	 2.540355E-02	 1.158257E-02	 4.186063E-03	 1.139953E-03	 1.478272E-04	-8.237042E-05	-5.574052E-05	 1.622411E-06
0.58310	 3.084956E+00	 2.957903E-01	-1.289707E+00	-5.424841E-01	-2.666926E-01	-5.066126E-03	 4.815957E-02	 4.609271E-02	 2.708033E-02	 1.265045E-02	 4.699586E-03	 1.332116E-03	 1.941899E-04	-8.492980E-05	-6.564420E-05	-2.640711E-06
0.58737	 3.111159E+00	 3.181980E-01	-1.309405E+00	-5.627642E-01	-2.841245E-01	-1.089058E-02	 4.754370E-02	 4.782092E-02	 2.881184E-02	 1.378721E-02	 5.262038E-03	 1.550134E-03	 2.504036E-04	-8.545207E-05	-7.625215E-05	-7.804156E-06
0.59161	 3.137682E+00	 3.407774E-01	-1.328994E+00	-5.828518E-01	-3.019522E-01	-1.710364E-02	 4.668281E-02	 4.949722E-02	 3.058225E-02	 1.498654E-02	 5.872686E-03	 1.795360E-03	 3.177934E-04	-8.328449E-05	-8.741377E-05	-1.388829E-05
0.59582	 3.164509E+00	 3.635016E-01	-1.348463E+00	-6.027075E-01	-3.201510E-01	-2.370263E-02	 4.556600E-02	 5.111063E-02	 3.238574E-02	 1.624778E-02	 6.533235E-03	 2.069817E-03	 3.977571E-04	-7.773911E-05	-9.894416E-05	-2.093178E-05
0.60000	 3.191877E+00	 3.866540E-01	-1.367846E+00	-6.225586E-01	-3.389174E-01	-3.075556E-02	 4.417466E-02	 5.266547E-02	 3.423106E-02	 1.757935E-02	 7.249646E-03	 2.377025E-03	 4.920256E-04	-6.810956E-05	-1.107034E-04	-2.903306E-05
0.60415	 3.219543E+00	 4.099244E-01	-1.387096E+00	-6.421251E-01	-3.580264E-01	-3.819450E-02	 4.250343E-02	 5.413580E-02	 3.609826E-02	 1.897175E-02	 8.019664E-03	 2.717978E-03	 6.020798E-04	-5.347600E-05	-1.223438E-04	-3.812335E-05
0.60828	 3.247664E+00	 4.335034E-01	-1.406227E+00	-6.615509E-01	-3.776027E-01	-4.606959E-02	 4.053147E-02	 5.551935E-02	 3.799119E-02	 2.043088E-02	 8.848372E-03	 3.096155E-03	 7.298694E-04	-3.293068E-05	-1.336133E-04	-4.825905E-05
0.61237	 3.276111E+00	 4.572364E-01	-1.425225E+00	-6.806950E-01	-3.975076E-01	-5.433956E-02	 3.825204E-02	 5.679594E-02	 3.989467E-02	 2.195000E-02	 9.734750E-03	 3.513016E-03	 8.770990E-04	-5.367655E-06	-1.440478E-04	-5.934142E-05
0.61644	 3.304913E+00	 4.811411E-01	-1.444084E+00	-6.995584E-01	-4.177550E-01	-6.301202E-02	 3.565173E-02	 5.795637E-02	 4.180411E-02	 2.352904E-02	 1.068094E-02	 3.971116E-03	 1.045678E-03	 3.029707E-05	-1.532239E-04	-7.131220E-05
0.62048	 3.334164E+00	 5.053533E-01	-1.462819E+00	-7.182412E-01	-4.384035E-01	-7.211834E-02	 3.271007E-02	 5.899159E-02	 4.371732E-02	 2.517031E-02	 1.169061E-02	 4.473807E-03	 1.237917E-03	 7.536473E-05	-1.606349E-04	-8.410993E-05
0.62450	 3.363548E+00	 5.294905E-01	-1.481401E+00	-7.364254E-01	-4.591373E-01	-8.154670E-02	 2.943745E-02	 5.987238E-02	 4.560585E-02	 2.685700E-02	 1.275730E-02	 5.020468E-03	 1.455164E-03	 1.311562E-04	-1.655363E-04	-9.743391E-05
0.62849	 3.393275E+00	 5.538098E-01	-1.499844E+00	-7.543112E-01	-4.801340E-01	-9.136383E-02	 2.580955E-02	 6.059785E-02	 4.747466E-02	 2.859593E-02	 1.388696E-02	 5.615382E-03	 1.699998E-03	 1.990690E-04	-1.673497E-04	-1.111934E-04
0.63246	 3.423298E+00	 5.782885E-01	-1.518176E+00	-7.718884E-01	-5.013010E-01	-1.015343E-01	 2.182859E-02	 6.115148E-02	 4.930775E-02	 3.037815E-02	 1.507702E-02	 6.259534E-03	 1.974415E-03	 2.807449E-04	-1.651778E-04	-1.250392E-04
0.63640	 3.453693E+00	 6.029892E-01	-1.536395E+00	-7.892029E-01	-5.226997E-01	-1.120721E-01	 1.748628E-02	 6.152762E-02	 5.110055E-02	 3.220244E-02	 1.632884E-02	 6.955437E-03	 2.280712E-03	 3.777596E-04	-1.582064E-04	-1.386831E-04
0.64031	 3.484703E+00	 6.282105E-01	-1.554519E+00	-8.064845E-01	-5.445373E-01	-1.230576E-01	 1.275434E-02	 6.172396E-02	 5.285718E-02	 3.407519E-02	 1.764840E-02	 7.707884E-03	 2.622150E-03	 4.920645E-04	-1.455174E-04	-1.518521E-04
0.64420	 3.516197E+00	 6.538197E-01	-1.572561E+00	-8.236307E-01	-5.666533E-01	-1.344306E-01	 7.641370E-03	 6.172106E-02	 5.455655E-02	 3.598271E-02	 1.903010E-02	 8.516583E-03	 3.000571E-03	 6.255858E-04	-1.258896E-04	-1.639609E-04
0.64807	 3.548268E+00	 6.798696E-01	-1.590486E+00	-8.406582E-01	-5.891507E-01	-1.462309E-01	 2.122929E-03	 6.151268E-02	 5.619761E-02	 3.792764E-02	 2.047780E-02	 9.385378E-03	 3.418891E-03	 7.802382E-04	-9.829559E-05	-1.746224E-04
0.65192	 3.580853E+00	 7.063266E-01	-1.608307E+00	-8.575382E-01	-6.119335E-01	-1.584305E-01	-3.804830E-03	 6.108079E-02	 5.776372E-02	 3.990038E-02	 2.198833E-02	 1.031509E-02	 3.879381E-03	 9.581831E-04	-6.135264E-05	-1.831751E-04
0.65574	 3.613809E+00	 7.330768E-01	-1.626035E+00	-8.741876E-01	-6.348238E-01	-1.709673E-01	-1.013140E-02	 6.040588E-02	 5.923251E-02	 4.188558E-02	 2.355480E-02	 1.130468E-02	 4.383650E-03	 1.161508E-03	-1.354258E-05	-1.887967E-04
0.65955	 3.647144E+00	 7.600638E-01	-1.643633E+00	-8.905415E-01	-6.578523E-01	-1.838461E-01	-1.686486E-02	 5.948201E-02	 6.059715E-02	 4.387959E-02	 2.517677E-02	 1.235587E-02	 4.933980E-03	 1.392222E-03	 4.648770E-05	-1.907947E-04
0.66332	 3.680846E+00	 7.871803E-01	-1.661078E+00	-9.065013E-01	-6.810207E-01	-1.970504E-01	-2.399964E-02	 5.830570E-02	 6.184852E-02	 4.587492E-02	 2.685062E-02	 1.346853E-02	 5.531985E-03	 1.652301E-03	 1.202343E-04	-1.883200E-04
0.66708	 3.715098E+00	 8.145368E-01	-1.678336E+00	-9.221163E-01	-7.045279E-01	-2.106518E-01	-3.156436E-02	 5.687668E-02	 6.299019E-02	 4.787630E-02	 2.858058E-02	 1.464659E-02	 6.180941E-03	 1.944229E-03	 2.092602E-04	-1.805917E-04
0.67082	 3.749940E+00	 8.421007E-01	-1.695389E+00	-9.373346E-01	-7.284137E-01	-2.246624E-01	-3.957477E-02	 5.518673E-02	 6.401551E-02	 4.988090E-02	 3.036651E-02	 1.589197E-02	 6.883485E-03	 2.270464E-03	 3.152715E-04	-1.666730E-04
0.67454	 3.785143E+00	 8.696238E-01	-1.712268E+00	-9.519801E-01	-7.524082E-01	-2.389692E-01	-4.800106E-02	 5.321918E-02	 6.489804E-02	 5.186748E-02	 3.219631E-02	 1.720025E-02	 7.639736E-03	 2.632862E-03	 4.401213E-04	-1.452898E-04
0.67823	 3.820617E+00	 8.970774E-01	-1.729009E+00	-9.660488E-01	-7.763720E-01	-2.535188E-01	-5.683123E-02	 5.095973E-02	 6.561860E-02	 5.382131E-02	 3.406198E-02	 1.856907E-02	 8.450569E-03	 3.033515E-03	 5.857632E-04	-1.151136E-04
0.68191	 3.856439E+00	 9.245784E-01	-1.745628E+00	-9.796331E-01	-8.003439E-01	-2.683262E-01	-6.607475E-02	 4.840001E-02	 6.616861E-02	 5.573653E-02	 3.596098E-02	 1.999882E-02	 9.317916E-03	 3.474828E-03	 7.542239E-04	-7.480425E-05
0.68557	 3.892703E+00	 9.521880E-01	-1.762118E+00	-9.927694E-01	-8.244096E-01	-2.834138E-01	-7.574346E-02	 4.553623E-02	 6.654317E-02	 5.760970E-02	 3.789182E-02	 2.149021E-02	 1.024377E-02	 3.959179E-03	 9.475159E-04	-2.299382E-05
0.68920	 3.929551E+00	 9.800519E-01	-1.778475E+00	-1.005553E+00	-8.486884E-01	-2.988296E-01	-8.586139E-02	 4.236053E-02	 6.673749E-02	 5.943895E-02	 3.985449E-02	 2.304507E-02	 1.123084E-02	 4.489411E-03	 1.167912E-03	 4.182588E-05
0.69282	 3.967026E+00	 1.008256E+00	-1.794709E+00	-1.018041E+00	-8.731897E-01	-3.145854E-01	-9.644045E-02	 3.885986E-02	 6.673925E-02	 6.121594E-02	 4.184492E-02	 2.466308E-02	 1.228107E-02	 5.068276E-03	 1.417856E-03	 1.213801E-04
0.69642	 4.004892E+00	 1.036469E+00	-1.810841E+00	-1.030004E+00	-8.976672E-01	-3.305516E-01	-1.074318E-01	 3.503258E-02	 6.652748E-02	 6.291866E-02	 4.384757E-02	 2.633642E-02	 1.339220E-02	 5.696576E-03	 1.699146E-03	 2.173708E-04
0.70000	 4.043149E+00	 1.064669E+00	-1.826873E+00	-1.041424E+00	-9.221037E-01	-3.467126E-01	-1.188329E-01	 3.087397E-02	 6.609209E-02	 6.453800E-02	 4.585641E-02	 2.806276E-02	 1.456460E-02	 6.376150E-03	 2.013913E-03	 3.315481E-04
0.70356	 4.081978E+00	 1.093103E+00	-1.842796E+00	-1.052462E+00	-9.466517E-01	-3.631492E-01	-1.306840E-01	 2.637000E-02	 6.542745E-02	 6.607315E-02	 4.787258E-02	 2.984464E-02	 1.580145E-02	 7.110327E-03	 2.364934E-03	 4.658884E-04
0.70711	 4.121204E+00	 1.121481E+00	-1.858638E+00	-1.062927E+00	-9.711275E-01	-3.797439E-01	-1.429310E-01	 2.152850E-02	 6.451846E-02	 6.750405E-02	 4.987998E-02	 3.167280E-02	 1.709925E-02	 7.899187E-03	 2.753823E-03	 6.222489E-04
0.71063	 4.161006E+00	 1.149995E+00	-1.874383E+00	-1.072936E+00	-9.956894E-01	-3.965691E-01	-1.556102E-01	 1.633935E-02	 6.336085E-02	 6.883001E-02	 5.187906E-02	 3.354896E-02	 1.846049E-02	 8.745664E-03	 3.183264E-03	 8.027124E-04
0.71414	 4.201598E+00	 1.178928E+00	-1.890008E+00	-1.082660E+00	-1.020523E+00	-4.137279E-01	-1.687774E-01	 1.078216E-02	 6.194705E-02	 7.005093E-02	 5.387215E-02	 3.547678E-02	 1.988924E-02	 9.653748E-03	 3.656556E-03	 1.009687E-03
0.71764	 4.242632E+00	 1.207769E+00	-1.905585E+00	-1.091784E+00	-1.045264E+00	-4.309997E-01	-1.823225E-01	 4.879792E-03	 6.025893E-02	 7.113622E-02	 5.583248E-02	 3.743883E-02	 2.137690E-02	 1.062093E-02	 4.174385E-03	 1.245022E-03
0.72111	 4.284431E+00	 1.236924E+00	-1.921070E+00	-1.100551E+00	-1.070210E+00	-4.485447E-01	-1.963305E-01	-1.392972E-03	 5.829255E-02	 7.209187E-02	 5.776722E-02	 3.944175E-02	 2.292899E-02	 1.165185E-02	 4.740365E-03	 1.511323E-03
0.72457	 4.327233E+00	 1.266690E+00	-1.936421E+00	-1.109123E+00	-1.095569E+00	-4.664836E-01	-2.108730E-01	-8.063589E-03	 5.603759E-02	 7.291780E-02	 5.967942E-02	 4.149009E-02	 2.455029E-02	 1.275112E-02	 5.358348E-03	 1.811490E-03
0.72801	 4.370565E+00	 1.296384E+00	-1.951754E+00	-1.117098E+00	-1.120852E+00	-4.845135E-01	-2.257902E-01	-1.509032E-02	 5.347847E-02	 7.357738E-02	 6.153401E-02	 4.355894E-02	 2.622696E-02	 1.391318E-02	 6.027646E-03	 2.147066E-03
0.73144	 4.414892E+00	 1.326630E+00	-1.966980E+00	-1.124833E+00	-1.146490E+00	-5.028907E-01	-2.412270E-01	-2.252225E-02	 5.060650E-02	 7.408160E-02	 6.334520E-02	 4.566110E-02	 2.796872E-02	 1.514530E-02	 6.753396E-03	 2.521509E-03
0.73485	 4.460347E+00	 1.357592E+00	-1.982069E+00	-1.132404E+00	-1.172586E+00	-5.216809E-01	-2.572309E-01	-3.038377E-02	 4.740623E-02	 7.442317E-02	 6.510976E-02	 4.779673E-02	 2.977787E-02	 1.645099E-02	 7.539266E-03	 2.938017E-03
0.73824	 4.506351E+00	 1.388429E+00	-1.997181E+00	-1.139336E+00	-1.198544E+00	-5.405051E-01	-2.735904E-01	-3.860900E-02	 4.386934E-02	 7.456237E-02	 6.678563E-02	 4.993357E-02	 3.163468E-02	 1.782083E-02	 8.382529E-03	 3.397398E-03
0.74162	 4.553581E+00	 1.420061E+00	-2.012153E+00	-1.146129E+00	-1.225003E+00	-5.597590E-01	-2.905393E-01	-4.728305E-02	 3.997830E-02	 7.451654E-02	 6.839719E-02	 5.209384E-02	 3.355572E-02	 1.926649E-02	 9.290875E-03	 3.904481E-03
0.74498	 4.602071E+00	 1.452517E+00	-2.026980E+00	-1.152779E+00	-1.251968E+00	-5.794488E-01	-3.080918E-01	-5.642138E-02	 3.571506E-02	 7.427119E-02	 6.993390E-02	 5.427206E-02	 3.553971E-02	 2.078964E-02	 1.026734E-02	 4.462567E-03
0.74833	 4.651164E+00	 1.484802E+00	-2.041871E+00	-1.158747E+00	-1.278765E+00	-5.991243E-01	-3.259801E-01	-6.592733E-02	 3.108354E-02	 7.378632E-02	 7.134773E-02	 5.642840E-02	 3.756028E-02	 2.237613E-02	 1.130644E-02	 5.071252E-03
0.75166	 4.701865E+00	 1.518242E+00	-2.056547E+00	-1.164702E+00	-1.306357E+00	-6.193897E-01	-3.445771E-01	-7.594364E-02	 2.604932E-02	 7.308694E-02	 7.267786E-02	 5.859997E-02	 3.964541E-02	 2.404528E-02	 1.242045E-02	 5.737836E-03
0.75498	 4.754228E+00	 1.552874E+00	-2.070996E+00	-1.170635E+00	-1.334758E+00	-6.402591E-01	-3.639040E-01	-8.649146E-02	 2.058918E-02	 7.215502E-02	 7.391122E-02	 6.077985E-02	 4.179319E-02	 2.579882E-02	 1.361282E-02	 6.466255E-03
0.75829	 4.807384E+00	 1.587398E+00	-2.085528E+00	-1.175873E+00	-1.363083E+00	-6.611318E-01	-3.835872E-01	-9.742478E-02	 1.472356E-02	 7.094618E-02	 7.498736E-02	 6.291443E-02	 4.396601E-02	 2.761474E-02	 1.487345E-02	 7.253916E-03
0.76158	 4.862568E+00	 1.623381E+00	-2.099753E+00	-1.181139E+00	-1.392510E+00	-6.827648E-01	-4.041216E-01	-1.089456E-01	 8.392378E-03	 6.948471E-02	 7.595425E-02	 6.505251E-02	 4.620201E-02	 2.952004E-02	 1.621969E-02	 8.111224E-03
0.76485	 4.919967E+00	 1.661046E+00	-2.113609E+00	-1.186492E+00	-1.423170E+00	-7.052600E-01	-4.255956E-01	-1.211085E-01	 1.557697E-03	 6.775106E-02	 7.680200E-02	 6.719194E-02	 4.850367E-02	 3.151991E-02	 1.765751E-02	 9.043869E-03
0.76811	 4.978303E+00	 1.698578E+00	-2.127580E+00	-1.191057E+00	-1.453766E+00	-7.277468E-01	-4.474438E-01	-1.336814E-01	-5.730356E-03	 6.569372E-02	 7.744941E-02	 6.925574E-02	 5.081393E-02	 3.357860E-02	 1.916844E-02	 1.004496E-02
0.77136	 5.038824E+00	 1.737492E+00	-2.141238E+00	-1.195466E+00	-1.485478E+00	-7.509913E-01	-4.701950E-01	-1.468915E-01	-1.355197E-02	 6.332711E-02	 7.794033E-02	 7.129286E-02	 5.317290E-02	 3.572567E-02	 2.077229E-02	 1.112697E-02
0.77460	 5.102209E+00	 1.778599E+00	-2.154335E+00	-1.200004E+00	-1.518904E+00	-7.754055E-01	-4.941615E-01	-1.608929E-01	-2.198121E-02	 6.063731E-02	 7.828404E-02	 7.332290E-02	 5.560093E-02	 3.797928E-02	 2.248340E-02	 1.230056E-02
0.77782	 5.166954E+00	 1.819823E+00	-2.167485E+00	-1.203733E+00	-1.552517E+00	-7.999576E-01	-5.186513E-01	-1.753883E-01	-3.093760E-02	 5.757591E-02	 7.838930E-02	 7.525366E-02	 5.802649E-02	 4.029232E-02	 2.427570E-02	 1.355453E-02
0.78102	 5.233902E+00	 1.862197E+00	-2.180363E+00	-1.207033E+00	-1.587076E+00	-8.251731E-01	-5.440607E-01	-1.905658E-01	-4.050460E-02	 5.413590E-02	 7.827633E-02	 7.711488E-02	 6.047661E-02	 4.268675E-02	 2.616542E-02	 1.490031E-02
0.78422	 5.303778E+00	 1.906647E+00	-2.192666E+00	-1.210216E+00	-1.623208E+00	-8.515150E-01	-5.707610E-01	-2.066205E-01	-5.078297E-02	 5.029274E-02	 7.795214E-02	 7.892884E-02	 6.297550E-02	 4.518470E-02	 2.817034E-02	 1.635124E-02
0.78740	 5.374840E+00	 1.950811E+00	-2.205171E+00	-1.212320E+00	-1.659166E+00	-8.777659E-01	-5.978881E-01	-2.231524E-01	-6.163472E-02	 4.601487E-02	 7.732053E-02	 8.058672E-02	 6.543262E-02	 4.772223E-02	 3.025195E-02	 1.788814E-02
0.79057	 5.448323E+00	 1.996206E+00	-2.217375E+00	-1.213888E+00	-1.696075E+00	-9.047016E-01	-6.260354E-01	-2.404498E-01	-7.319320E-02	 4.128698E-02	 7.641095E-02	 8.213465E-02	 6.789025E-02	 5.033337E-02	 3.243491E-02	 1.952787E-02
0.79373	 5.525237E+00	 2.044216E+00	-2.228792E+00	-1.215365E+00	-1.734800E+00	-9.330059E-01	-6.557618E-01	-2.588278E-01	-8.563383E-02	 3.605773E-02	 7.522989E-02	 8.360936E-02	 7.039044E-02	 5.305669E-02	 3.474964E-02	 2.129253E-02
0.79687	 5.602073E+00	 2.090172E+00	-2.241140E+00	-1.215079E+00	-1.771950E+00	-9.602273E-01	-6.851752E-01	-2.773494E-01	-9.856566E-02	 3.033148E-02	 7.362335E-02	 8.480590E-02	 7.274932E-02	 5.575236E-02	 3.710415E-02	 2.312921E-02
0.80000	 5.681714E+00	 2.137103E+00	-2.253387E+00	-1.214048E+00	-1.810232E+00	-9.880321E-01	-7.154699E-01	-2.965552E-01	-1.122255E-01	 2.409468E-02	 7.165937E-02	 8.582082E-02	 7.505375E-02	 5.848863E-02	 3.954640E-02	 2.506954E-02
0.80312	 5.770384E+00	 2.192311E+00	-2.262763E+00	-1.214490E+00	-1.855371E+00	-1.020361E+00	-7.497393E-01	-3.180345E-01	-1.274043E-01	 1.719288E-02	 6.945880E-02	 8.690071E-02	 7.755511E-02	 6.147854E-02	 4.223305E-02	 2.721875E-02
0.80623	 5.864098E+00	 2.250286E+00	-2.271388E+00	-1.214418E+00	-1.903438E+00	-1.054330E+00	-7.857462E-01	-3.406709E-01	-1.436307E-01	 9.633714E-03	 6.683267E-02	 8.779225E-02	 8.002646E-02	 6.454964E-02	 4.505063E-02	 2.951186E-02
0.80932	 5.962523E+00	 2.310068E+00	-2.279637E+00	-1.213342E+00	-1.953971E+00	-1.089518E+00	-8.231783E-01	-3.642994E-01	-1.608548E-01	 1.397931E-03	 6.372555E-02	 8.843268E-02	 8.241359E-02	 6.766325E-02	 4.797606E-02	 3.193849E-02
0.81240	 6.072467E+00	 2.379711E+00	-2.284136E+00	-1.213310E+00	-2.013009E+00	-1.130316E+00	-8.657575E-01	-3.909466E-01	-1.801763E-01	-7.813820E-03	 6.020294E-02	 8.907816E-02	 8.500441E-02	 7.107903E-02	 5.120997E-02	 3.464005E-02
0.81548	 6.190404E+00	 2.454578E+00	-2.286699E+00	-1.212649E+00	-2.076976E+00	-1.174238E+00	-9.116320E-01	-4.197115E-01	-2.012267E-01	-1.800827E-02	 5.609409E-02	 8.950662E-02	 8.760003E-02	 7.464643E-02	 5.465387E-02	 3.756102E-02
0.81854	 6.311846E+00	 2.528910E+00	-2.289742E+00	-1.209587E+00	-2.141541E+00	-1.218187E+00	-9.583178E-01	-4.492872E-01	-2.233655E-01	-2.906838E-02	 5.126994E-02	 8.948054E-02	 8.996027E-02	 7.816570E-02	 5.816438E-02	 4.060975E-02
0.82158	 6.442663E+00	 2.609389E+00	-2.290328E+00	-1.205615E+00	-2.211800E+00	-1.265834E+00	-1.009017E+00	-4.814491E-01	-2.476066E-01	-4.131663E-02	 4.572576E-02	 8.917679E-02	 9.230424E-02	 8.184657E-02	 6.191115E-02	 4.391195E-02
0.82462	 6.585832E+00	 2.698948E+00	-2.287016E+00	-1.201033E+00	-2.290087E+00	-1.318821E+00	-1.065340E+00	-5.171485E-01	-2.745750E-01	-5.502317E-02	 3.935585E-02	 8.860894E-02	 9.469434E-02	 8.577241E-02	 6.597547E-02	 4.753850E-02
0.82765	 6.737102E+00	 2.792096E+00	-2.282189E+00	-1.194200E+00	-2.372223E+00	-1.374124E+00	-1.124884E+00	-5.551208E-01	-3.036556E-01	-7.008038E-02	 3.201918E-02	 8.752855E-02	 9.687974E-02	 8.973526E-02	 7.020834E-02	 5.139510E-02
0.83066	 6.896071E+00	 2.888409E+00	-2.276013E+00	-1.184829E+00	-2.457509E+00	-1.431388E+00	-1.187531E+00	-5.953895E-01	-3.349470E-01	-8.659253E-02	 2.360725E-02	 8.585075E-02	 9.879683E-02	 9.369739E-02	 7.459231E-02	 5.547936E-02
0.83367	 7.065090E+00	 2.990556E+00	-2.267147E+00	-1.173228E+00	-2.547652E+00	-1.491966E+00	-1.254712E+00	-6.388531E-01	-3.690737E-01	-1.048541E-01	 1.398314E-02	 8.356147E-02	 1.004818E-01	 9.772194E-02	 7.919432E-02	 5.985337E-02
0.83666	 7.243023E+00	 3.096723E+00	-2.256332E+00	-1.158684E+00	-2.641289E+00	-1.554826E+00	-1.325734E+00	-6.851705E-01	-4.059344E-01	-1.249025E-01	 3.026676E-03	 8.052431E-02	 1.018081E-01	 1.017126E-01	 8.395029E-02	 6.448226E-02
0.83964	 7.428580E+00	 3.205162E+00	-2.244401E+00	-1.140649E+00	-2.736955E+00	-1.618909E+00	-1.399790E+00	-7.339364E-01	-4.453779E-01	-1.467536E-01	-9.371277E-03	 7.660469E-02	 1.026451E-01	 1.055665E-01	 8.878860E-02	 6.932399E-02
0.84261	 7.622946E+00	 3.316837E+00	-2.230898E+00	-1.119078E+00	-2.835346E+00	-1.684661E+00	-1.477394E+00	-7.854956E-01	-4.877073E-01	-1.705951E-01	-2.335548E-02	 7.171823E-02	 1.029395E-01	 1.092615E-01	 9.370630E-02	 7.438979E-02
0.84558	 7.828847E+00	 3.433771E+00	-2.214631E+00	-1.093783E+00	-2.938409E+00	-1.753276E+00	-1.559842E+00	-8.406316E-01	-5.335286E-01	-1.967435E-01	-3.912379E-02	 6.578786E-02	 1.026683E-01	 1.128161E-01	 9.873900E-02	 7.972451E-02
0.84853	 8.048485E+00	 3.557296E+00	-2.194709E+00	-1.064342E+00	-3.047525E+00	-1.825538E+00	-1.648134E+00	-8.999821E-01	-5.833915E-01	-2.255196E-01	-5.691220E-02	 5.868969E-02	 1.017644E-01	 1.162144E-01	 1.038982E-01	 8.535854E-02
0.85147	 8.282578E+00	 3.687558E+00	-2.170955E+00	-1.030310E+00	-3.162738E+00	-1.901396E+00	-1.742497E+00	-9.637761E-01	-6.375999E-01	-2.571676E-01	-7.696033E-02	 5.024813E-02	 1.000946E-01	 1.193769E-01	 1.091425E-01	 9.128257E-02
0.85440	 8.530989E+00	 3.823875E+00	-2.143622E+00	-9.911583E-01	-3.283334E+00	-1.980283E+00	-1.842723E+00	-1.031986E+00	-6.962964E-01	-2.918631E-01	-9.949179E-02	 4.027101E-02	 9.749316E-02	 1.221884E-01	 1.143971E-01	 9.746008E-02
0.85732	 8.793800E+00	 3.965728E+00	-2.112794E+00	-9.463214E-01	-3.408750E+00	-2.061733E+00	-1.948775E+00	-1.104678E+00	-7.596922E-01	-3.298073E-01	-1.247428E-01	 2.856765E-02	 9.379644E-02	 1.245372E-01	 1.195890E-01	 1.038560E-01
0.86023	 9.071112E+00	 4.112825E+00	-2.078468E+00	-8.953322E-01	-3.538401E+00	-2.145319E+00	-2.060665E+00	-1.181961E+00	-8.280351E-01	-3.712265E-01	-1.529703E-01	 1.493395E-02	 8.882873E-02	 1.263036E-01	 1.246379E-01	 1.104304E-01
0.86313	 9.361946E+00	 4.263704E+00	-2.041357E+00	-8.376797E-01	-3.670850E+00	-2.229961E+00	-2.177709E+00	-1.263499E+00	-9.012588E-01	-4.161943E-01	-1.843676E-01	-8.363387E-04	 8.237983E-02	 1.273200E-01	 1.294141E-01	 1.170999E-01
0.86603	 9.665012E+00	 4.416077E+00	-2.002616E+00	-7.727464E-01	-3.804499E+00	-2.314259E+00	-2.298856E+00	-1.348653E+00	-9.790615E-01	-4.646361E-01	-2.190471E-01	-1.892075E-02	 7.423422E-02	 1.273949E-01	 1.337547E-01	 1.237481E-01
0.86891	 9.981763E+00	 4.570670E+00	-1.961661E+00	-7.001722E-01	-3.939932E+00	-2.398381E+00	-2.424684E+00	-1.437800E+00	-1.061862E+00	-5.168353E-01	-2.572943E-01	-3.952332E-02	 6.421380E-02	 1.264084E-01	 1.375720E-01	 1.303283E-01
0.87178	 1.031536E+01	 4.730748E+00	-1.916442E+00	-6.198730E-01	-4.078898E+00	-2.483567E+00	-2.557000E+00	-1.532193E+00	-1.150762E+00	-5.734785E-01	-2.996372E-01	-6.294519E-02	 5.211839E-02	 1.242699E-01	 1.408263E-01	 1.368496E-01
0.87464	 1.066450E+01	 4.895178E+00	-1.867686E+00	-5.318127E-01	-4.219678E+00	-2.568547E+00	-2.694950E+00	-1.631390E+00	-1.245626E+00	-6.346145E-01	-3.462870E-01	-8.943387E-02	 3.767287E-02	 1.207455E-01	 1.433168E-01	 1.431692E-01
0.87750	 1.102409E+01	 5.058895E+00	-1.818642E+00	-4.360273E-01	-4.357750E+00	-2.650026E+00	-2.835380E+00	-1.733436E+00	-1.345162E+00	-6.996425E-01	-3.970742E-01	-1.190947E-01	 2.061703E-02	 1.155353E-01	 1.447403E-01	 1.490318E-01
0.88034	 1.138884E+01	 5.215585E+00	-1.773315E+00	-3.325740E-01	-4.488908E+00	-2.724420E+00	-2.974639E+00	-1.835849E+00	-1.447575E+00	-7.675738E-01	-4.515428E-01	-1.518596E-01	 7.845691E-04	 1.083689E-01	 1.447813E-01	 1.541479E-01
0.88318	 1.176117E+01	 5.367600E+00	-1.730493E+00	-2.222395E-01	-4.615061E+00	-2.792413E+00	-3.113670E+00	-1.939073E+00	-1.553198E+00	-8.385496E-01	-5.098360E-01	-1.878345E-01	-2.195957E-02	 9.912136E-02	 1.433034E-01	 1.584063E-01
0.88600	 1.215431E+01	 5.533515E+00	-1.678858E+00	-1.066321E-01	-4.744955E+00	-2.861354E+00	-3.261503E+00	-2.049543E+00	-1.667346E+00	-9.158303E-01	-5.740958E-01	-2.280425E-01	-4.806012E-02	 8.779722E-02	 1.405039E-01	 1.621218E-01
0.88882	 1.255893E+01	 5.711140E+00	-1.622137E+00	 1.028624E-02	-4.871284E+00	-2.927251E+00	-3.413305E+00	-2.164624E+00	-1.788126E+00	-9.986756E-01	-6.440932E-01	-2.726846E-01	-7.790862E-02	 7.394520E-02	 1.359320E-01	 1.649089E-01
0.89163	 1.294338E+01	 5.870912E+00	-1.583319E+00	 1.227978E-01	-4.973420E+00	-2.974335E+00	-3.548507E+00	-2.270237E+00	-1.903685E+00	-1.080040E+00	-7.152830E-01	-3.198315E-01	-1.109771E-01	 5.706961E-02	 1.286129E-01	 1.655910E-01
0.89443	 1.331740E+01	 6.018247E+00	-1.556717E+00	 2.322856E-01	-5.059187E+00	-3.005959E+00	-3.672286E+00	-2.369331E+00	-2.016471E+00	-1.161069E+00	-7.882705E-01	-3.695254E-01	-1.471144E-01	 3.743360E-02	 1.187864E-01	 1.643783E-01
0.89722	 1.371670E+01	 6.191471E+00	-1.513556E+00	 3.393627E-01	-5.152857E+00	-3.037932E+00	-3.807370E+00	-2.477102E+00	-2.140175E+00	-1.250108E+00	-8.689013E-01	-4.245555E-01	-1.875865E-01	 1.506215E-02	 1.070698E-01	 1.622496E-01
0.90000	 1.412953E+01	 6.435371E+00	-1.446585E+00	 4.141364E-01	-5.248614E+00	-3.077571E+00	-3.951123E+00	-2.595158E+00	-2.274363E+00	-1.348818E+00	-9.582977E-01	-4.866998E-01	-2.339690E-01	-1.153893E-02	 9.230225E-02	 1.582976E-01
0.90277	 1.452342E+01	 6.755594E+00	-1.371495E+00	 4.355722E-01	-5.326680E+00	-3.120585E+00	-4.085749E+00	-2.714010E+00	-2.408298E+00	-1.451974E+00	-1.052375E+00	-5.548201E-01	-2.861507E-01	-4.339433E-02	 7.314977E-02	 1.509799E-01
0.90554	 1.491742E+01	 7.088191E+00	-1.295338E+00	 4.471300E-01	-5.396117E+00	-3.154988E+00	-4.215975E+00	-2.831032E+00	-2.543563E+00	-1.557966E+00	-1.150712E+00	-6.272896E-01	-3.428267E-01	-7.912542E-02	 5.063564E-02	 1.411514E-01
0.90830	 1.532819E+01	 7.393379E+00	-1.219075E+00	 4.786041E-01	-5.464815E+00	-3.173562E+00	-4.347844E+00	-2.946149E+00	-2.683291E+00	-1.666867E+00	-1.254127E+00	-7.035569E-01	-4.035191E-01	-1.179077E-01	 2.545577E-02	 1.295163E-01
0.91104	 1.571999E+01	 7.707479E+00	-1.152084E+00	 4.915874E-01	-5.512243E+00	-3.179831E+00	-4.465575E+00	-3.053456E+00	-2.818145E+00	-1.774913E+00	-1.358941E+00	-7.828670E-01	-4.681998E-01	-1.607913E-01	-3.617533E-03	 1.146106E-01
0.91378	 1.606273E+01	 8.048291E+00	-1.106296E+00	 4.578343E-01	-5.522883E+00	-3.174180E+00	-4.554717E+00	-3.145753E+00	-2.938568E+00	-1.877143E+00	-1.460447E+00	-8.631673E-01	-5.356700E-01	-2.077953E-01	-3.700914E-02	 9.554977E-02
0.91652	 1.637516E+01	 8.381482E+00	-1.079786E+00	 4.023872E-01	-5.509212E+00	-3.151243E+00	-4.622783E+00	-3.223356E+00	-3.047991E+00	-1.973601E+00	-1.559152E+00	-9.434148E-01	-6.049164E-01	-2.575561E-01	-7.353860E-02	 7.342666E-02
0.91924	 1.667805E+01	 8.710129E+00	-1.061390E+00	 3.358118E-01	-5.484827E+00	-3.115891E+00	-4.680418E+00	-3.292026E+00	-3.152536E+00	-2.067578E+00	-1.657564E+00	-1.024610E+00	-6.764471E-01	-3.099909E-01	-1.129197E-01	 4.868920E-02
0.92195	 1.697163E+01	 9.083742E+00	-1.040078E+00	 2.370097E-01	-5.450336E+00	-3.081910E+00	-4.730479E+00	-3.357981E+00	-3.254957E+00	-2.162859E+00	-1.757572E+00	-1.108899E+00	-7.517638E-01	-3.664710E-01	-1.560883E-01	 2.057262E-02
0.92466	 1.724069E+01	 9.492426E+00	-1.028958E+00	 9.927066E-02	-5.398643E+00	-3.046125E+00	-4.762923E+00	-3.413947E+00	-3.348211E+00	-2.254741E+00	-1.855185E+00	-1.193842E+00	-8.292198E-01	-4.261735E-01	-2.027002E-01	-1.097513E-02
0.92736	 1.747259E+01	 9.886851E+00	-1.052417E+00	-6.467984E-02	-5.325984E+00	-2.998388E+00	-4.765047E+00	-3.448004E+00	-3.421807E+00	-2.334784E+00	-1.943698E+00	-1.274472E+00	-9.051467E-01	-4.866487E-01	-2.512799E-01	-4.518409E-02
0.93005	 1.769505E+01	 1.023789E+01	-1.110534E+00	-2.282943E-01	-5.253593E+00	-2.939984E+00	-4.744349E+00	-3.460762E+00	-3.477666E+00	-2.402394E+00	-2.022996E+00	-1.349624E+00	-9.784362E-01	-5.466138E-01	-3.008321E-01	-8.107352E-02
0.93274	 1.802379E+01	 1.063132E+01	-1.123500E+00	-3.577784E-01	-5.245013E+00	-2.907179E+00	-4.759767E+00	-3.491664E+00	-3.556705E+00	-2.485765E+00	-2.117398E+00	-1.435004E+00	-1.060639E+00	-6.126992E-01	-3.552400E-01	-1.197555E-01
0.93541	 1.861240E+01	 1.126687E+01	-9.597786E-01	-4.357385E-01	-5.371198E+00	-2.962699E+00	-4.894747E+00	-3.605526E+00	-3.722853E+00	-2.633669E+00	-2.268480E+00	-1.560584E+00	-1.174795E+00	-7.003558E-01	-4.248476E-01	-1.667525E-01
0.93808	 1.952387E+01	 1.222750E+01	-5.620243E-01	-4.402782E-01	-5.644170E+00	-3.126943E+00	-5.181514E+00	-3.829449E+00	-4.005270E+00	-2.870318E+00	-2.499156E+00	-1.744707E+00	-1.336399E+00	-8.212956E-01	-5.187575E-01	-2.282063E-01
0.94074	 2.061771E+01	 1.324008E+01	-7.509547E-02	-3.395737E-01	-5.984137E+00	-3.316805E+00	-5.534562E+00	-4.088445E+00	-4.337435E+00	-3.142890E+00	-2.769588E+00	-1.959215E+00	-1.526049E+00	-9.634590E-01	-6.308086E-01	-3.020044E-01
0.94340	 2.171570E+01	 1.401766E+01	 3.223606E-01	-1.356258E-01	-6.305108E+00	-3.448684E+00	-5.851232E+00	-4.296260E+00	-4.636447E+00	-3.385087E+00	-3.025433E+00	-2.164296E+00	-1.713856E+00	-1.106671E+00	-7.482557E-01	-3.814234E-01
0.94604	 2.284324E+01	 1.466297E+01	 6.569976E-01	 1.452740E-01	-6.613845E+00	-3.551211E+00	-6.144886E+00	-4.472553E+00	-4.915025E+00	-3.609546E+00	-3.275318E+00	-2.367900E+00	-1.905657E+00	-1.255797E+00	-8.746024E-01	-4.690490E-01
0.94868	 2.422712E+01	 1.542356E+01	 1.106537E+00	 5.368467E-01	-7.017984E+00	-3.698001E+00	-6.528311E+00	-4.698640E+00	-5.256998E+00	-3.877874E+00	-3.574030E+00	-2.609849E+00	-2.133804E+00	-1.433735E+00	-1.026753E+00	-5.753563E-01
0.95131	 2.624921E+01	 1.661668E+01	 1.999895E+00	 1.192473E+00	-7.647428E+00	-3.960933E+00	-7.196595E+00	-5.111639E+00	-5.827420E+00	-4.310890E+00	-4.039039E+00	-2.975830E+00	-2.471509E+00	-1.692206E+00	-1.244439E+00	-7.251900E-01
0.95394	 2.887032E+01	 1.815563E+01	 3.300801E+00	 2.135991E+00	-8.444357E+00	-4.287950E+00	-8.115275E+00	-5.682265E+00	-6.609342E+00	-4.893993E+00	-4.666697E+00	-3.466072E+00	-2.925049E+00	-2.039591E+00	-1.538503E+00	-9.291669E-01
0.95656	 3.156668E+01	 1.951259E+01	 4.515638E+00	 3.190023E+00	-9.196964E+00	-4.536211E+00	-8.996548E+00	-6.199326E+00	-7.362226E+00	-5.443580E+00	-5.288147E+00	-3.957677E+00	-3.394992E+00	-2.409246E+00	-1.862297E+00	-1.162045E+00
0.95917	 3.422647E+01	 2.050079E+01	 5.514212E+00	 4.356905E+00	-9.842844E+00	-4.658167E+00	-9.780430E+00	-6.618875E+00	-8.040073E+00	-5.919596E+00	-5.866633E+00	-4.419260E+00	-3.854468E+00	-2.780746E+00	-2.200389E+00	-1.413882E+00
0.96177	 3.721739E+01	 2.127598E+01	 6.582508E+00	 5.841511E+00	-1.048725E+01	-4.669189E+00	-1.064234E+01	-7.050368E+00	-8.800230E+00	-6.428275E+00	-6.514247E+00	-4.926541E+00	-4.371322E+00	-3.200477E+00	-2.590325E+00	-1.708389E+00
0.96437	 4.070149E+01	 2.200715E+01	 7.847105E+00	 7.662289E+00	-1.118172E+01	-4.588384E+00	-1.164096E+01	-7.532877E+00	-9.696855E+00	-7.007362E+00	-7.272885E+00	-5.509363E+00	-4.975703E+00	-3.693329E+00	-3.054962E+00	-2.064541E+00
0.96695	 4.459420E+01	 2.282889E+01	 9.268615E+00	 9.693921E+00	-1.187595E+01	-4.431286E+00	-1.271954E+01	-8.046299E+00	-1.069447E+01	-7.638543E+00	-8.123884E+00	-6.156509E+00	-5.660786E+00	-4.259195E+00	-3.596742E+00	-2.489752E+00
0.96954	 4.878874E+01	 2.357584E+01	 1.070847E+01	 1.190108E+01	-1.251833E+01	-4.147199E+00	-1.379942E+01	-8.528745E+00	-1.173392E+01	-8.272823E+00	-9.028128E+00	-6.832297E+00	-6.399270E+00	-4.876728E+00	-4.200373E+00	-2.975558E+00
0.97211	 5.337579E+01	 2.397874E+01	 1.210111E+01	 1.439248E+01	-1.315265E+01	-3.662543E+00	-1.487473E+01	-8.940539E+00	-1.280596E+01	-8.884548E+00	-9.980498E+00	-7.517593E+00	-7.181826E+00	-5.533372E+00	-4.858061E+00	-3.515756E+00
0.97468	 5.886262E+01	 2.428121E+01	 1.383622E+01	 1.741923E+01	-1.391464E+01	-2.968961E+00	-1.613293E+01	-9.390181E+00	-1.408547E+01	-9.593434E+00	-1.112610E+01	-8.310089E+00	-8.111243E+00	-6.305606E+00	-5.639249E+00	-4.164448E+00
0.97724	 6.582900E+01	 2.488846E+01	 1.648107E+01	 2.123669E+01	-1.488258E+01	-2.009323E+00	-1.778815E+01	-9.991625E+00	-1.579694E+01	-1.055398E+01	-1.266596E+01	-9.346911E+00	-9.342364E+00	-7.309734E+00	-6.654992E+00	-5.011760E+00
0.97980	 7.393879E+01	 2.563240E+01	 1.978057E+01	 2.560957E+01	-1.586908E+01	-6.715711E-01	-1.964038E+01	-1.059174E+01	-1.778534E+01	-1.165437E+01	-1.451049E+01	-1.054716E+01	-1.082823E+01	-8.500887E+00	-7.879072E+00	-6.045292E+00
0.98234	 8.209584E+01	 2.592761E+01	 2.266273E+01	 2.983285E+01	-1.662266E+01	 1.027560E+00	-2.120473E+01	-1.088989E+01	-1.956565E+01	-1.256499E+01	-1.627144E+01	-1.161374E+01	-1.228846E+01	-9.643788E+00	-9.106655E+00	-7.105927E+00
0.98489	 9.053763E+01	 2.592007E+01	 2.532635E+01	 3.400105E+01	-1.711723E+01	 3.124100E+00	-2.256183E+01	-1.090523E+01	-2.122611E+01	-1.335723E+01	-1.803367E+01	-1.260669E+01	-1.380004E+01	-1.077397E+01	-1.038276E+01	-8.214710E+00
0.98742	 1.000751E+02	 2.582458E+01	 2.841955E+01	 3.852815E+01	-1.746041E+01	 5.754220E+00	-2.398406E+01	-1.069528E+01	-2.302949E+01	-1.418723E+01	-2.002386E+01	-1.368300E+01	-1.555685E+01	-1.201421E+01	-1.184837E+01	-9.462666E+00
0.98995	 1.105798E+02	 2.554646E+01	 3.164292E+01	 4.321386E+01	-1.759609E+01	 8.892369E+00	-2.533249E+01	-1.012342E+01	-2.483048E+01	-1.493526E+01	-2.211827E+01	-1.476168E+01	-1.749556E+01	-1.329938E+01	-1.347185E+01	-1.080480E+01
0.99247	 1.217925E+02	 2.506997E+01	 3.446533E+01	 4.771577E+01	-1.747132E+01	 1.236676E+01	-2.640313E+01	-9.044661E+00	-2.641606E+01	-1.543516E+01	-2.411045E+01	-1.573200E+01	-1.947975E+01	-1.453158E+01	-1.517533E+01	-1.215176E+01
0.99499	 1.350036E+02	 2.452224E+01	 3.751906E+01	 5.260063E+01	-1.710909E+01	 1.646305E+01	-2.734015E+01	-7.271019E+00	-2.799781E+01	-1.587030E+01	-2.622648E+01	-1.676023E+01	-2.176932E+01	-1.582170E+01	-1.716840E+01	-1.359904E+01
0.99750	 1.515357E+02	 2.405538E+01	 4.113925E+01	 5.816016E+01	-1.659558E+01	 2.142772E+01	-2.819580E+01	-4.588614E+00	-2.966665E+01	-1.630618E+01	-2.846991E+01	-1.787547E+01	-2.447082E+01	-1.711164E+01	-1.958397E+01	-1.512265E+01
1.00000	 1.693270E+02	 2.354721E+01	 4.522776E+01	 6.416520E+01	-1.570961E+01	 2.692426E+01	-2.887486E+01	-1.488799E+00	-3.129144E+01	-1.662523E+01	-3.073567E+01	-1.894405E+01	-2.729074E+01	-1.840086E+01	-2.214372E+01	-1.671378E+01
