r	   0/   0	   1/   0	   2/   0	   3/   0	   4/   0	   5/   0	   6/   0	   7/   0	   8/   0	   9/   0	  10/   0	  11/   0	  12/   0	  13/   0	  14/   0	  15/   0
0.07071	 0.000000E+00	 4.266705E-04	-2.538312E-03	-2.235984E-04	-1.004260E-04	-5.464112E-06	 4.297337E-05	 6.137034E-06	-7.765542E-06	-8.280078E-07	-5.136671E-07	-1.711997E-07	 2.138220E-07	 5.747240E-08	-1.811269E-08	-5.762300E-09
0.10000	 0.000000E+00	 4.621593E-04	-8.503177E-04	-1.734902E-04	-3.212673E-05	-1.175432E-05	-3.299544E-06	 1.397155E-06	-2.931475E-06	-9.546020E-07	 6.301615E-07	 1.744297E-08	-5.589182E-08	 1.484409E-08	-2.416731E-08	-9.958783E-09
0.12247	 0.000000E+00	 5.731272E-04	-9.230149E-04	-2.231909E-04	-4.034734E-05	-1.039846E-05	-1.372749E-05	-3.698119E-06	-2.940749E-06	-4.906386E-07	 1.272819E-06	 1.998266E-07	-1.782467E-07	-4.362746E-08	-1.985669E-08	-5.078216E-10
0.14142	 0.000000E+00	 6.682527E-04	-9.217501E-04	-2.618007E-04	-6.206310E-05	-1.850717E-05	-1.970879E-05	-2.392831E-06	-1.115097E-07	-6.842240E-07	 1.022186E-06	 2.414820E-07	-2.361257E-07	-1.198843E-08	 3.158879E-08	-1.034512E-08
0.15811	 0.000000E+00	 7.513955E-04	-8.994666E-04	-2.925456E-04	-8.802117E-05	-2.777174E-05	-2.227541E-05	-1.457840E-06	 2.413548E-06	-2.955697E-07	 5.593321E-07	 1.616568E-07	-2.445622E-07	-1.270114E-08	 7.338042E-08	-7.504602E-09
0.17321	 0.000000E+00	 8.237075E-04	-8.683443E-04	-3.154627E-04	-1.148552E-04	-3.666429E-05	-2.237738E-05	-1.216774E-06	 3.749520E-06	 9.608278E-08	 7.727245E-08	 1.042720E-07	-1.783712E-07	-3.272948E-08	 7.951211E-08	 1.886991E-09
0.18708	 0.000000E+00	 8.831925E-04	-8.388327E-04	-3.310319E-04	-1.398986E-04	-4.481670E-05	-2.149216E-05	-1.559256E-06	 4.025625E-06	 3.853647E-07	-3.122266E-07	 3.811114E-08	-8.032606E-08	-4.152883E-08	 6.197206E-08	 8.611646E-09
0.20000	 0.000000E+00	 9.319900E-04	-8.105213E-04	-3.405602E-04	-1.621947E-04	-5.226282E-05	-2.050260E-05	-2.181062E-06	 3.573125E-06	 5.067435E-07	-5.606463E-07	-2.859529E-08	 7.873437E-09	-3.681179E-08	 3.572965E-08	 9.490709E-09
0.21213	 0.000000E+00	 9.681765E-04	-7.902611E-04	-3.456328E-04	-1.813531E-04	-5.885849E-05	-1.985450E-05	-2.985826E-06	 2.718728E-06	 5.201514E-07	-6.637994E-07	-8.560177E-08	 6.788497E-08	-2.486828E-08	 1.004337E-08	 5.881169E-09
0.22361	 0.000000E+00	 9.952702E-04	-7.749684E-04	-3.480753E-04	-1.979864E-04	-6.479628E-05	-1.976583E-05	-3.855412E-06	 1.740070E-06	 4.765109E-07	-6.486116E-07	-1.216051E-07	 9.783739E-08	-1.152049E-08	-9.375242E-09	 2.907433E-10
0.23452	 0.000000E+00	 1.016160E-03	-7.627727E-04	-3.494689E-04	-2.129402E-04	-7.040773E-05	-2.031696E-05	-4.692011E-06	 8.272331E-07	 4.018394E-07	-5.623496E-07	-1.351919E-07	 1.041056E-07	-1.959085E-10	-2.053715E-08	-5.389215E-09
0.24495	 0.000000E+00	 1.035632E-03	-7.479818E-04	-3.511201E-04	-2.272855E-04	-7.619547E-05	-2.159721E-05	-5.503975E-06	 6.440864E-08	 3.244449E-07	-4.411461E-07	-1.309113E-07	 9.559890E-08	 7.513087E-09	-2.420655E-08	-9.548915E-09
0.25495	 0.000000E+00	 1.054151E-03	-7.331964E-04	-3.532869E-04	-2.414349E-04	-8.253577E-05	-2.360575E-05	-6.264902E-06	-5.250959E-07	 2.181317E-07	-3.271332E-07	-1.114961E-07	 7.992555E-08	 1.028457E-08	-2.196176E-08	-1.165659E-08
0.26458	 0.000000E+00	 1.073856E-03	-7.152544E-04	-3.557560E-04	-2.556992E-04	-8.954923E-05	-2.623844E-05	-7.001253E-06	-9.768570E-07	 6.970368E-08	-2.408991E-07	-8.122339E-08	 6.235990E-08	 7.961991E-09	-1.628093E-08	-1.184979E-08
0.27386	 0.000000E+00	 1.094383E-03	-6.950892E-04	-3.580502E-04	-2.699362E-04	-9.713192E-05	-2.938725E-05	-7.812700E-06	-1.346988E-06	-9.006618E-08	-1.848874E-07	-5.219341E-08	 4.675324E-08	 3.444413E-09	-9.764605E-09	-1.104045E-08
0.28284	 0.000000E+00	 1.114689E-03	-6.743722E-04	-3.596317E-04	-2.839195E-04	-1.051260E-04	-3.291413E-05	-8.720428E-06	-1.680947E-06	-2.635154E-07	-1.591343E-07	-2.598169E-08	 3.413897E-08	-2.845878E-09	-3.617033E-09	-9.590609E-09
0.29155	 0.000000E+00	 1.134362E-03	-6.526041E-04	-3.601575E-04	-2.975149E-04	-1.132363E-04	-3.663235E-05	-9.718776E-06	-2.008954E-06	-4.440277E-07	-1.576086E-07	-4.215530E-09	 2.431527E-08	-1.019546E-08	 1.473885E-09	-7.902133E-09
0.30000	 0.000000E+00	 1.152048E-03	-6.318712E-04	-3.595015E-04	-3.105046E-04	-1.211649E-04	-4.039547E-05	-1.081666E-05	-2.349168E-06	-6.038198E-07	-1.683875E-07	 7.286051E-09	 1.665000E-08	-1.604626E-08	 5.187542E-09	-6.852514E-09
0.30822	 0.000000E+00	 1.167454E-03	-6.129352E-04	-3.578875E-04	-3.229090E-04	-1.288644E-04	-4.417592E-05	-1.201876E-05	-2.709510E-06	-7.313768E-07	-1.828273E-07	 7.795201E-09	 1.062954E-08	-1.934155E-08	 7.630321E-09	-6.763471E-09
0.31623	 0.000000E+00	 1.181181E-03	-5.947869E-04	-3.556393E-04	-3.348947E-04	-1.363879E-04	-4.797199E-05	-1.329571E-05	-3.088182E-06	-8.414106E-07	-1.997415E-07	 3.030759E-09	 5.870390E-09	-2.163088E-08	 9.146361E-09	-7.101321E-09
0.32404	 0.000000E+00	 1.192880E-03	-5.784094E-04	-3.528830E-04	-3.464844E-04	-1.437137E-04	-5.176145E-05	-1.462111E-05	-3.483740E-06	-9.422082E-07	-2.164902E-07	-3.805125E-09	 1.382661E-09	-2.373283E-08	 1.018923E-08	-7.612082E-09
0.33166	 0.000000E+00	 1.203457E-03	-5.624151E-04	-3.499274E-04	-3.578985E-04	-1.509799E-04	-5.561049E-05	-1.601371E-05	-3.899694E-06	-1.033483E-06	-2.320803E-07	-1.355287E-08	-2.884252E-09	-2.499640E-08	 1.085826E-08	-8.530034E-09
0.33912	 0.000000E+00	 1.213457E-03	-5.462837E-04	-3.470402E-04	-3.693407E-04	-1.584286E-04	-5.961287E-05	-1.748958E-05	-4.349648E-06	-1.133417E-06	-2.485937E-07	-2.260788E-08	-7.020134E-09	-2.655628E-08	 1.135653E-08	-9.514708E-09
0.34641	 0.000000E+00	 1.206623E-03	-5.663774E-04	-3.416336E-04	-3.779212E-04	-1.653383E-04	-6.365411E-05	-1.905324E-05	-4.852149E-06	-1.224679E-06	-2.596709E-07	-3.866159E-08	-1.316631E-08	-2.679608E-08	 1.177563E-08	-1.120579E-08
0.35355	 0.000000E+00	 1.216963E-03	-5.503925E-04	-3.383275E-04	-3.893559E-04	-1.734372E-04	-6.822278E-05	-2.075707E-05	-5.370980E-06	-1.377042E-06	-2.932020E-07	-3.874285E-08	-1.548428E-08	-3.272634E-08	 1.141956E-08	-1.083818E-08
0.36056	 0.000000E+00	 1.228424E-03	-5.327267E-04	-3.339730E-04	-4.008373E-04	-1.820206E-04	-7.319860E-05	-2.266858E-05	-5.953803E-06	-1.541110E-06	-3.364887E-07	-4.523469E-08	-1.716485E-08	-3.711141E-08	 1.018631E-08	-1.147145E-08
0.36742	 0.000000E+00	 1.240905E-03	-5.139415E-04	-3.284374E-04	-4.123521E-04	-1.910918E-04	-7.857602E-05	-2.477637E-05	-6.615540E-06	-1.733274E-06	-3.865837E-07	-5.193147E-08	-1.959880E-08	-4.246317E-08	 8.625480E-09	-1.215103E-08
0.37417	 0.000000E+00	 1.246666E-03	-5.091908E-04	-3.210180E-04	-4.225074E-04	-2.000652E-04	-8.417425E-05	-2.704721E-05	-7.355092E-06	-1.938560E-06	-4.384226E-07	-6.326600E-08	-2.354664E-08	-4.725567E-08	 6.665146E-09	-1.352040E-08
0.38079	 0.000000E+00	 1.259278E-03	-4.907207E-04	-3.138151E-04	-4.335239E-04	-2.094900E-04	-9.009983E-05	-2.947557E-05	-8.146493E-06	-2.178218E-06	-5.037337E-07	-7.113520E-08	-2.628049E-08	-5.410486E-08	 3.854446E-09	-1.449310E-08
0.38730	 0.000000E+00	 1.271446E-03	-4.727603E-04	-3.058796E-04	-4.441130E-04	-2.188261E-04	-9.616143E-05	-3.203184E-05	-8.996291E-06	-2.429838E-06	-5.724543E-07	-8.237401E-08	-3.000079E-08	-6.039671E-08	 6.186268E-10	-1.621330E-08
0.39370	 0.000000E+00	 1.282626E-03	-4.561706E-04	-2.976106E-04	-4.544002E-04	-2.279721E-04	-1.022639E-04	-3.466654E-05	-9.896799E-06	-2.695157E-06	-6.392765E-07	-9.278592E-08	-3.565057E-08	-6.733077E-08	-2.416489E-09	-1.811458E-08
0.40000	 0.000000E+00	 1.274788E-03	-4.755390E-04	-2.871330E-04	-4.614338E-04	-2.358024E-04	-1.080851E-04	-3.731839E-05	-1.084976E-05	-2.937999E-06	-6.860243E-07	-1.101671E-07	-4.582883E-08	-7.139777E-08	-4.727062E-09	-2.160943E-08
0.40620	 0.000000E+00	 1.284484E-03	-4.631110E-04	-2.783730E-04	-4.714021E-04	-2.445828E-04	-1.143575E-04	-4.012105E-05	-1.181798E-05	-3.217283E-06	-7.507956E-07	-1.164623E-07	-5.133287E-08	-7.887306E-08	-8.210955E-09	-2.394377E-08
0.41231	 0.000000E+00	 1.295159E-03	-4.505875E-04	-2.683088E-04	-4.814172E-04	-2.535528E-04	-1.209742E-04	-4.313813E-05	-1.286403E-05	-3.499045E-06	-8.143789E-07	-1.273679E-07	-5.648107E-08	-8.356332E-08	-1.226265E-08	-2.796276E-08
0.41833	 0.000000E+00	 1.307255E-03	-4.376921E-04	-2.569330E-04	-4.917226E-04	-2.629123E-04	-1.280509E-04	-4.640545E-05	-1.401443E-05	-3.804485E-06	-8.762715E-07	-1.359638E-07	-6.195530E-08	-8.832188E-08	-1.632880E-08	-3.241405E-08
0.42426	 0.000000E+00	 1.310199E-03	-4.446105E-04	-2.433098E-04	-5.005406E-04	-2.719838E-04	-1.354243E-04	-4.990993E-05	-1.528654E-05	-4.122871E-06	-9.288742E-07	-1.462754E-07	-6.868538E-08	-9.115652E-08	-2.031133E-08	-3.819152E-08
0.43012	 0.000000E+00	 1.325377E-03	-4.313530E-04	-2.296751E-04	-5.114191E-04	-2.821947E-04	-1.435989E-04	-5.377686E-05	-1.667548E-05	-4.498161E-06	-1.002418E-06	-1.495158E-07	-7.025047E-08	-9.589217E-08	-2.590835E-08	-4.365768E-08
0.43589	 0.000000E+00	 1.342798E-03	-4.166748E-04	-2.142592E-04	-5.224346E-04	-2.929690E-04	-1.524916E-04	-5.806119E-05	-1.824193E-05	-4.922095E-06	-1.084936E-06	-1.535044E-07	-7.013703E-08	-9.912748E-08	-3.220695E-08	-5.050112E-08
0.44159	 0.000000E+00	 1.362309E-03	-4.006520E-04	-1.972620E-04	-5.335957E-04	-3.043229E-04	-1.621281E-04	-6.278701E-05	-2.001343E-05	-5.414520E-06	-1.179099E-06	-1.548861E-07	-6.877231E-08	-1.026041E-07	-3.892217E-08	-5.800015E-08
0.44721	 0.000000E+00	 1.370660E-03	-4.081680E-04	-1.775642E-04	-5.425953E-04	-3.152761E-04	-1.722354E-04	-6.793450E-05	-2.202775E-05	-5.966625E-06	-1.272261E-06	-1.586263E-07	-6.901880E-08	-1.036388E-07	-4.508632E-08	-6.734866E-08
0.45277	 0.000000E+00	 1.393927E-03	-3.903759E-04	-1.575061E-04	-5.536805E-04	-3.276680E-04	-1.834930E-04	-7.368498E-05	-2.428412E-05	-6.634924E-06	-1.408243E-06	-1.562070E-07	-6.136179E-08	-1.065159E-07	-5.351050E-08	-7.667170E-08
0.45826	 0.000000E+00	 1.419584E-03	-3.707189E-04	-1.350593E-04	-5.643200E-04	-3.405089E-04	-1.956173E-04	-8.003951E-05	-2.684713E-05	-7.408567E-06	-1.569504E-06	-1.566145E-07	-5.099807E-08	-1.069611E-07	-6.255544E-08	-8.798543E-08
0.46368	 0.000000E+00	 1.447248E-03	-3.496307E-04	-1.105216E-04	-5.744907E-04	-3.536870E-04	-2.085428E-04	-8.698423E-05	-2.973515E-05	-8.306931E-06	-1.759527E-06	-1.565997E-07	-3.818373E-08	-1.065603E-07	-7.172817E-08	-1.004182E-07
0.46904	 0.000000E+00	 1.464956E-03	-3.487856E-04	-8.341766E-05	-5.823341E-04	-3.661484E-04	-2.218653E-04	-9.442499E-05	-3.296011E-05	-9.320093E-06	-1.966342E-06	-1.594054E-07	-2.532413E-08	-1.028932E-07	-7.984802E-08	-1.148641E-07
0.47434	 0.000000E+00	 1.495908E-03	-3.264523E-04	-5.510715E-05	-5.914616E-04	-3.796621E-04	-2.363362E-04	-1.025937E-04	-3.654458E-05	-1.049997E-05	-2.230604E-06	-1.600115E-07	-3.479623E-09	-9.818792E-08	-8.907308E-08	-1.300082E-07
0.47958	 0.000000E+00	 1.529471E-03	-3.025041E-04	-2.385234E-05	-5.998600E-04	-3.933511E-04	-2.517300E-04	-1.115087E-04	-4.056302E-05	-1.184826E-05	-2.538545E-06	-1.639020E-07	 2.393462E-08	-8.850723E-08	-9.755350E-08	-1.472790E-07
0.48477	 0.000000E+00	 1.565129E-03	-2.776809E-04	 9.896008E-06	-6.075296E-04	-4.070090E-04	-2.678997E-04	-1.211138E-04	-4.501831E-05	-1.337963E-05	-2.894911E-06	-1.692731E-07	 5.749716E-08	-7.430461E-08	-1.046935E-07	-1.659088E-07
0.48990	 0.000000E+00	 1.592415E-03	-2.701897E-04	 4.580425E-05	-6.130657E-04	-4.195237E-04	-2.842628E-04	-1.311959E-04	-4.987488E-05	-1.507869E-05	-3.289147E-06	-1.772795E-07	 9.578573E-08	-5.381687E-08	-1.093226E-07	-1.860833E-07
0.49497	 0.000000E+00	 1.630340E-03	-2.465147E-04	 8.283765E-05	-6.191708E-04	-4.322659E-04	-3.013371E-04	-1.418810E-04	-5.512163E-05	-1.697921E-05	-3.756871E-06	-1.872114E-07	 1.459460E-07	-2.786490E-08	-1.129213E-07	-2.067555E-07
0.50000	 0.000000E+00	 1.669957E-03	-2.225748E-04	 1.221869E-04	-6.242803E-04	-4.445078E-04	-3.189241E-04	-1.531856E-04	-6.083320E-05	-1.909477E-05	-4.291535E-06	-2.042879E-07	 2.050619E-07	 7.270092E-09	-1.132035E-07	-2.288786E-07
0.50498	 0.000000E+00	 1.710843E-03	-1.988286E-04	 1.634032E-04	-6.285099E-04	-4.561708E-04	-3.369382E-04	-1.650679E-04	-6.701720E-05	-2.144630E-05	-4.902367E-06	-2.284682E-07	 2.728882E-07	 5.080795E-08	-1.092386E-07	-2.512445E-07
0.50990	 0.000000E+00	 1.741266E-03	-1.959462E-04	 2.063310E-04	-6.304243E-04	-4.661975E-04	-3.549011E-04	-1.773875E-04	-7.368323E-05	-2.403392E-05	-5.583051E-06	-2.640428E-07	 3.473345E-07	 1.060591E-07	-9.891419E-08	-2.743089E-07
0.51478	 0.000000E+00	 1.783670E-03	-1.739227E-04	 2.503029E-04	-6.328843E-04	-4.763456E-04	-3.735051E-04	-1.903184E-04	-8.081916E-05	-2.690580E-05	-6.387660E-06	-3.152216E-07	 4.363807E-07	 1.707143E-07	-8.525863E-08	-2.965233E-07
0.51962	 0.000000E+00	 1.827308E-03	-1.517209E-04	 2.964763E-04	-6.340331E-04	-4.856225E-04	-3.923834E-04	-2.038125E-04	-8.849219E-05	-3.007525E-05	-7.309440E-06	-3.907926E-07	 5.342295E-07	 2.490286E-07	-6.477258E-08	-3.187667E-07
0.52440	 0.000000E+00	 1.871854E-03	-1.295478E-04	 3.445961E-04	-6.338654E-04	-4.939655E-04	-4.114527E-04	-2.178291E-04	-9.671110E-05	-3.356936E-05	-8.365537E-06	-4.958963E-07	 6.385670E-07	 3.395678E-07	-3.658192E-08	-3.396064E-07
0.52915	 0.000000E+00	 1.913566E-03	-1.140900E-04	 3.946728E-04	-6.319910E-04	-5.010962E-04	-4.306775E-04	-2.324133E-04	-1.055451E-04	-3.742733E-05	-9.573631E-06	-6.391749E-07	 7.479310E-07	 4.452110E-07	 1.657087E-09	-3.587769E-07
0.53385	 0.000000E+00	 1.959852E-03	-9.137784E-05	 4.466840E-04	-6.291501E-04	-5.076035E-04	-4.503092E-04	-2.476585E-04	-1.150246E-04	-4.169829E-05	-1.097726E-05	-8.339223E-07	 8.623552E-07	 5.648562E-07	 4.879426E-08	-3.754413E-07
0.53852	 0.000000E+00	 2.007170E-03	-6.778197E-05	 5.010636E-04	-6.246787E-04	-5.130769E-04	-4.702119E-04	-2.635680E-04	-1.252120E-04	-4.642122E-05	-1.259453E-05	-1.091756E-06	 9.771256E-07	 7.003891E-07	 1.077464E-07	-3.888418E-07
0.54314	 0.000000E+00	 2.055019E-03	-4.376197E-05	 5.574606E-04	-6.185366E-04	-5.173832E-04	-4.902382E-04	-2.800704E-04	-1.361025E-04	-5.162212E-05	-1.445170E-05	-1.426662E-06	 1.087299E-06	 8.507918E-07	 1.791903E-07	-3.979438E-07
0.54772	 0.000000E+00	 2.097492E-03	-3.056054E-05	 6.156917E-04	-6.100973E-04	-5.198765E-04	-5.100780E-04	-2.970649E-04	-1.477177E-04	-5.732590E-05	-1.656168E-05	-1.849713E-06	 1.186601E-06	 1.017112E-06	 2.665709E-07	-4.011948E-07
0.55227	 0.000000E+00	 2.146393E-03	-5.951023E-06	 6.761595E-04	-6.005493E-04	-5.215858E-04	-5.302577E-04	-3.147529E-04	-1.601053E-04	-6.358964E-05	-1.898200E-05	-2.381097E-06	 1.275090E-06	 1.198940E-06	 3.683132E-07	-3.978031E-07
0.55678	 0.000000E+00	 2.196275E-03	 1.967414E-05	 7.393752E-04	-5.888983E-04	-5.218087E-04	-5.504479E-04	-3.330470E-04	-1.733054E-04	-7.044618E-05	-2.172897E-05	-3.037460E-06	 1.341780E-06	 1.395984E-06	 4.881084E-07	-3.861035E-07
0.56125	 0.000000E+00	 2.246983E-03	 4.596871E-05	 8.054256E-04	-5.750577E-04	-5.204224E-04	-5.705995E-04	-3.519412E-04	-1.873547E-04	-7.793855E-05	-2.483742E-05	-3.837745E-06	 1.380400E-06	 1.608368E-06	 6.278691E-07	-3.643819E-07
0.56569	 0.000000E+00	 2.300930E-03	 7.839678E-05	 8.737295E-04	-5.593327E-04	-5.175388E-04	-5.905449E-04	-3.712789E-04	-2.021611E-04	-8.606045E-05	-2.833653E-05	-4.805043E-06	 1.379273E-06	 1.830398E-06	 7.859549E-07	-3.314996E-07
0.57009	 0.000000E+00	 2.352493E-03	 1.056381E-04	 9.443902E-04	-5.411662E-04	-5.125291E-04	-6.100818E-04	-3.910333E-04	-2.178026E-04	-9.486431E-05	-3.225032E-05	-5.956703E-06	 1.327615E-06	 2.062483E-06	 9.677657E-07	-2.843488E-07
0.57446	 0.000000E+00	 2.404807E-03	 1.335598E-04	 1.017559E-03	-5.209270E-04	-5.056433E-04	-6.293984E-04	-4.112961E-04	-2.343411E-04	-1.044112E-04	-3.663164E-05	-7.318920E-06	 1.218141E-06	 2.303621E-06	 1.173964E-06	-2.208927E-07
0.57879	 0.000000E+00	 2.457154E-03	 1.611122E-04	 1.092702E-03	-4.985302E-04	-4.966045E-04	-6.480807E-04	-4.317747E-04	-2.516264E-04	-1.146577E-04	-4.149085E-05	-8.913763E-06	 1.035340E-06	 2.546755E-06	 1.402744E-06	-1.400698E-07
0.58310	 0.000000E+00	 2.516635E-03	 2.023746E-04	 1.170336E-03	-4.745904E-04	-4.860601E-04	-6.664567E-04	-4.525733E-04	-2.696705E-04	-1.256308E-04	-4.686765E-05	-1.076552E-05	 7.681605E-07	 2.787123E-06	 1.653736E-06	-3.970017E-08
0.58737	 0.000000E+00	 2.569560E-03	 2.298669E-04	 1.249680E-03	-4.480083E-04	-4.725254E-04	-6.837728E-04	-4.733945E-04	-2.884831E-04	-1.373551E-04	-5.277036E-05	-1.289427E-05	 3.976821E-07	 3.022479E-06	 1.933085E-06	 8.419862E-08
0.59161	 0.000000E+00	 2.622201E-03	 2.565015E-04	 1.329967E-03	-4.199225E-04	-4.567135E-04	-7.001814E-04	-4.941427E-04	-3.079262E-04	-1.497917E-04	-5.922444E-05	-1.532309E-05	-8.825946E-08	 3.243161E-06	 2.235202E-06	 2.325434E-07
0.59582	 0.000000E+00	 2.674393E-03	 2.818943E-04	 1.411368E-03	-3.901687E-04	-4.384828E-04	-7.155775E-04	-5.147499E-04	-3.279817E-04	-1.629485E-04	-6.625515E-05	-1.808034E-05	-7.092209E-07	 3.442043E-06	 2.559862E-06	 4.068636E-07
0.60000	 0.000000E+00	 2.731440E-03	 3.166593E-04	 1.495268E-03	-3.587307E-04	-4.182594E-04	-7.304213E-04	-5.355151E-04	-3.488343E-04	-1.769484E-04	-7.394773E-05	-2.120962E-05	-1.482376E-06	 3.613688E-06	 2.907078E-06	 6.101660E-07
0.60415	 0.000000E+00	 2.783541E-03	 3.410175E-04	 1.579927E-03	-3.252584E-04	-3.949778E-04	-7.437653E-04	-5.558247E-04	-3.702039E-04	-1.916684E-04	-8.226113E-05	-2.472217E-05	-2.434111E-06	 3.742283E-06	 3.272808E-06	 8.432973E-07
0.60828	 0.000000E+00	 2.835388E-03	 3.647059E-04	 1.665719E-03	-2.901954E-04	-3.691565E-04	-7.559853E-04	-5.758591E-04	-3.921780E-04	-2.071770E-04	-9.125996E-05	-2.865882E-05	-3.585145E-06	 3.819359E-06	 3.655794E-06	 1.108834E-06
0.61237	 0.000000E+00	 2.886935E-03	 3.874580E-04	 1.753052E-03	-2.531200E-04	-3.405711E-04	-7.668652E-04	-5.954676E-04	-4.146750E-04	-2.234513E-04	-1.009627E-04	-3.304975E-05	-4.959669E-06	 3.830171E-06	 4.048564E-06	 1.405431E-06
0.61644	 0.000000E+00	 2.954820E-03	 4.456317E-04	 1.844728E-03	-2.144889E-04	-3.109268E-04	-7.776345E-04	-6.153281E-04	-4.379545E-04	-2.406398E-04	-1.114846E-04	-3.795380E-05	-6.580401E-06	 3.762599E-06	 4.444799E-06	 1.733718E-06
0.62048	 0.000000E+00	 3.005855E-03	 4.682446E-04	 1.935516E-03	-1.731463E-04	-2.766106E-04	-7.857143E-04	-6.339882E-04	-4.615367E-04	-2.585382E-04	-1.227160E-04	-4.336591E-05	-8.488493E-06	 3.595850E-06	 4.846274E-06	 2.098007E-06
0.62450	 0.000000E+00	 3.054540E-03	 4.884307E-04	 2.024415E-03	-1.314394E-04	-2.398405E-04	-7.919972E-04	-6.515930E-04	-4.851972E-04	-2.770162E-04	-1.346516E-04	-4.930156E-05	-1.069775E-05	 3.308217E-06	 5.233535E-06	 2.492259E-06
0.62849	 0.000000E+00	 3.101044E-03	 5.062938E-04	 2.112315E-03	-8.887803E-05	-2.004001E-04	-7.965438E-04	-6.682474E-04	-5.090588E-04	-2.961593E-04	-1.473588E-04	-5.581107E-05	-1.323977E-05	 2.886722E-06	 5.603578E-06	 2.917127E-06
0.63246	 0.000000E+00	 3.150343E-03	 5.333515E-04	 2.200570E-03	-4.512279E-05	-1.587086E-04	-7.995826E-04	-6.840566E-04	-5.331187E-04	-3.159736E-04	-1.608733E-04	-6.293374E-05	-1.614666E-05	 2.306603E-06	 5.940552E-06	 3.367293E-06
0.63640	 0.000000E+00	 3.193243E-03	 5.482454E-04	 2.287744E-03	-6.155794E-09	-1.137085E-04	-8.003543E-04	-6.985215E-04	-5.571859E-04	-3.363678E-04	-1.751558E-04	-7.068011E-05	-1.945357E-05	 1.543405E-06	 6.236817E-06	 3.842679E-06
0.64031	 0.000000E+00	 3.234729E-03	 5.621294E-04	 2.374923E-03	 4.636434E-05	-6.593586E-05	-7.993560E-04	-7.119188E-04	-5.814002E-04	-3.574354E-04	-1.902918E-04	-7.910807E-05	-2.319512E-05	 5.753846E-07	 6.479798E-06	 4.340394E-06
0.64420	 0.000000E+00	 3.275264E-03	 5.753307E-04	 2.463345E-03	 9.504685E-05	-1.498850E-05	-7.963107E-04	-7.241222E-04	-6.056804E-04	-3.791342E-04	-2.062834E-04	-8.825065E-05	-2.741072E-05	-6.274028E-07	 6.650180E-06	 4.850344E-06
0.64807	 0.000000E+00	 3.343749E-03	 6.593322E-04	 2.560195E-03	 1.467625E-04	 3.613251E-05	-7.938125E-04	-7.368620E-04	-6.308336E-04	-4.019144E-04	-2.234280E-04	-9.824690E-05	-3.214189E-05	-2.084726E-06	 6.731779E-06	 5.368334E-06
0.65192	 0.000000E+00	 3.382021E-03	 6.733546E-04	 2.651396E-03	 2.002576E-04	 9.365303E-05	-7.865504E-04	-7.465368E-04	-6.552578E-04	-4.249469E-04	-2.412495E-04	-1.089475E-04	-3.742900E-05	-3.844046E-06	 6.714548E-06	 5.894064E-06
0.65574	 0.000000E+00	 3.415361E-03	 6.834719E-04	 2.737296E-03	 2.523856E-04	 1.531286E-04	-7.769739E-04	-7.541928E-04	-6.789826E-04	-4.481637E-04	-2.597802E-04	-1.203758E-04	-4.327457E-05	-5.930121E-06	 6.561430E-06	 6.407241E-06
0.65955	 0.000000E+00	 3.443995E-03	 6.897355E-04	 2.818677E-03	 3.035667E-04	 2.147793E-04	-7.650672E-04	-7.598290E-04	-7.020191E-04	-4.715599E-04	-2.790333E-04	-1.325596E-04	-4.971024E-05	-8.366758E-06	 6.255866E-06	 6.898037E-06
0.66332	 0.000000E+00	 3.470811E-03	 6.976748E-04	 2.897844E-03	 3.548059E-04	 2.787409E-04	-7.509918E-04	-7.636061E-04	-7.244675E-04	-4.951756E-04	-2.990341E-04	-1.455268E-04	-5.676953E-05	-1.118413E-05	 5.775998E-06	 7.355297E-06
0.66708	 0.000000E+00	 3.493444E-03	 6.994000E-04	 2.975155E-03	 4.062945E-04	 3.455163E-04	-7.346341E-04	-7.654247E-04	-7.463490E-04	-5.190219E-04	-3.197970E-04	-1.593026E-04	-6.448997E-05	-1.441319E-05	 5.103448E-06	 7.771394E-06
0.67082	 0.000000E+00	 3.514083E-03	 6.996398E-04	 3.051585E-03	 4.581829E-04	 4.149094E-04	-7.162676E-04	-7.654014E-04	-7.677119E-04	-5.431035E-04	-3.413371E-04	-1.739109E-04	-7.290335E-05	-1.808443E-05	 4.214304E-06	 8.133466E-06
0.67454	 0.000000E+00	 3.533557E-03	 6.992945E-04	 3.128763E-03	 5.119611E-04	 4.874089E-04	-6.955671E-04	-7.634237E-04	-7.884721E-04	-5.673568E-04	-3.636275E-04	-1.893627E-04	-8.204161E-05	-2.223308E-05	 3.077125E-06	 8.418748E-06
0.67823	 0.000000E+00	 3.585375E-03	 7.971622E-04	 3.217136E-03	 5.706669E-04	 5.592738E-04	-6.757479E-04	-7.620046E-04	-8.098058E-04	-5.924390E-04	-3.870963E-04	-2.058790E-04	-9.197816E-05	-2.689666E-05	 1.654990E-06	 8.603913E-06
0.68191	 0.000000E+00	 3.599875E-03	 7.969476E-04	 3.293792E-03	 6.279068E-04	 6.376828E-04	-6.499143E-04	-7.556308E-04	-8.289325E-04	-6.167725E-04	-4.107799E-04	-2.230404E-04	-1.026757E-04	-3.212421E-05	-7.279970E-08	 8.684213E-06
0.68557	 0.000000E+00	 3.607466E-03	 7.913139E-04	 3.361826E-03	 6.810435E-04	 7.167411E-04	-6.220802E-04	-7.465266E-04	-8.464696E-04	-6.405310E-04	-4.348199E-04	-2.408987E-04	-1.141145E-04	-3.791882E-05	-2.144695E-06	 8.626396E-06
0.68920	 0.000000E+00	 3.608466E-03	 7.809896E-04	 3.422279E-03	 7.308710E-04	 7.968642E-04	-5.921502E-04	-7.347127E-04	-8.624787E-04	-6.637456E-04	-4.592488E-04	-2.594907E-04	-1.263353E-04	-4.431556E-05	-4.590575E-06	 8.407079E-06
0.69282	 0.000000E+00	 3.601939E-03	 7.604568E-04	 3.476686E-03	 7.788220E-04	 8.789307E-04	-5.596874E-04	-7.200340E-04	-8.769571E-04	-6.864252E-04	-4.840739E-04	-2.788379E-04	-1.393792E-04	-5.135706E-05	-7.445550E-06	 8.002757E-06
0.69642	 0.000000E+00	 3.592163E-03	 7.429495E-04	 3.526384E-03	 8.252111E-04	 9.621201E-04	-5.252245E-04	-7.027760E-04	-8.898928E-04	-7.084614E-04	-5.091987E-04	-2.988829E-04	-1.532307E-04	-5.906009E-05	-1.074173E-05	 7.384250E-06
0.70000	 0.000000E+00	 3.577119E-03	 7.219252E-04	 3.570921E-03	 8.699683E-04	 1.046633E-03	-4.885829E-04	-6.827339E-04	-9.011386E-04	-7.297208E-04	-5.345274E-04	-3.195814E-04	-1.678951E-04	-6.745127E-05	-1.450981E-05	 6.526629E-06
0.70356	 0.000000E+00	 3.556877E-03	 6.981334E-04	 3.610312E-03	 9.130827E-04	 1.132402E-03	-4.498452E-04	-6.599253E-04	-9.106967E-04	-7.501849E-04	-5.600565E-04	-3.409445E-04	-1.834025E-04	-7.656802E-05	-1.878648E-05	 5.402453E-06
0.70711	 0.000000E+00	 3.529541E-03	 6.659065E-04	 3.643013E-03	 9.535775E-04	 1.219065E-03	-4.090154E-04	-6.341037E-04	-9.182434E-04	-7.695416E-04	-5.855499E-04	-3.628307E-04	-1.997003E-04	-8.641320E-05	-2.360053E-05	 3.979894E-06
0.71063	 0.000000E+00	 3.497965E-03	 6.352827E-04	 3.670398E-03	 9.920277E-04	 1.306383E-03	-3.664773E-04	-6.055831E-04	-9.239656E-04	-7.878781E-04	-6.110649E-04	-3.852758E-04	-2.168194E-04	-9.701868E-05	-2.898634E-05	 2.229802E-06
0.71414	 0.000000E+00	 3.460627E-03	 6.012041E-04	 3.692207E-03	 1.028534E-03	 1.394731E-03	-3.220170E-04	-5.742017E-04	-9.278219E-04	-8.051711E-04	-6.366012E-04	-4.082960E-04	-2.347983E-04	-1.084284E-04	-3.498501E-05	 1.211520E-07
0.71764	 0.000000E+00	 3.416981E-03	 5.638373E-04	 3.706842E-03	 1.061905E-03	 1.483144E-03	-2.759365E-04	-5.398795E-04	-9.294563E-04	-8.210196E-04	-6.618224E-04	-4.316670E-04	-2.535245E-04	-1.206130E-04	-4.161644E-05	-2.381791E-06
0.72111	 0.000000E+00	 3.363862E-03	 5.116003E-04	 3.712857E-03	 1.091497E-03	 1.572083E-03	-2.279369E-04	-5.022971E-04	-9.287554E-04	-8.353463E-04	-6.866914E-04	-4.553782E-04	-2.730240E-04	-1.336095E-04	-4.891722E-05	-5.309063E-06
0.72457	 0.000000E+00	 3.306441E-03	 4.664759E-04	 3.712697E-03	 1.118585E-03	 1.661096E-03	-1.786052E-04	-4.620615E-04	-9.261091E-04	-8.483991E-04	-7.113969E-04	-4.795492E-04	-2.933635E-04	-1.474648E-04	-5.693290E-05	-8.698931E-06
0.72801	 0.000000E+00	 3.239844E-03	 4.151475E-04	 3.701871E-03	 1.140501E-03	 1.749271E-03	-1.278082E-04	-4.186000E-04	-9.207754E-04	-8.594954E-04	-7.353925E-04	-5.038247E-04	-3.143596E-04	-1.621128E-04	-6.566690E-05	-1.258361E-05
0.73144	 0.000000E+00	 3.159874E-03	 3.553555E-04	 3.673000E-03	 1.150963E-03	 1.833439E-03	-7.707353E-05	-3.719789E-04	-9.123749E-04	-8.681458E-04	-7.583136E-04	-5.279732E-04	-3.359089E-04	-1.775308E-04	-7.513685E-05	-1.697730E-05
0.73485	 0.000000E+00	 3.003860E-03	 5.382172E-06	 3.586979E-03	 1.127340E-03	 1.917703E-03	-2.030922E-05	-3.139869E-04	-8.955602E-04	-8.704972E-04	-7.774538E-04	-5.503135E-04	-3.573034E-04	-1.934764E-04	-8.528201E-05	-2.189521E-05
0.73824	 0.000000E+00	 2.900298E-03	-7.746229E-05	 3.520899E-03	 1.112862E-03	 1.991569E-03	 2.845510E-05	-2.617090E-04	-8.807349E-04	-8.733946E-04	-7.973410E-04	-5.734261E-04	-3.794362E-04	-2.101748E-04	-9.619408E-05	-2.743880E-05
0.74162	 0.000000E+00	 2.796599E-03	-1.582566E-04	 3.460707E-03	 1.106272E-03	 2.070822E-03	 8.083442E-05	-2.064479E-04	-8.644765E-04	-8.754715E-04	-8.173126E-04	-5.971291E-04	-4.025697E-04	-2.279054E-04	-1.080075E-04	-3.363377E-05
0.74498	 0.000000E+00	 2.691027E-03	-2.370592E-04	 3.401453E-03	 1.102926E-03	 2.152516E-03	 1.352758E-04	-1.484544E-04	-8.464649E-04	-8.762121E-04	-8.369083E-04	-6.210945E-04	-4.265209E-04	-2.466045E-04	-1.207326E-04	-4.049541E-05
0.74833	 0.000000E+00	 2.569363E-03	-3.644384E-04	 3.326277E-03	 1.090369E-03	 2.232002E-03	 1.903700E-04	-8.666438E-05	-8.248820E-04	-8.737162E-04	-8.545231E-04	-6.441582E-04	-4.505911E-04	-2.659165E-04	-1.342378E-04	-4.802206E-05
0.75166	 0.000000E+00	 2.447312E-03	-4.525603E-04	 3.246387E-03	 1.076060E-03	 2.309127E-03	 2.448288E-04	-2.335899E-05	-8.016180E-04	-8.695273E-04	-8.714537E-04	-6.672246E-04	-4.752873E-04	-2.861045E-04	-1.486675E-04	-5.629846E-05
0.75498	 0.000000E+00	 2.314154E-03	-5.479033E-04	 3.154270E-03	 1.056018E-03	 2.384833E-03	 3.002151E-04	 4.324464E-05	-7.755040E-04	-8.628522E-04	-8.871795E-04	-6.900056E-04	-5.005113E-04	-3.071609E-04	-1.640543E-04	-6.536227E-05
0.75829	 0.000000E+00	 2.162332E-03	-6.546484E-04	 3.034709E-03	 1.016511E-03	 2.450173E-03	 3.519476E-04	 1.120620E-04	-7.455537E-04	-8.519651E-04	-8.999475E-04	-7.111083E-04	-5.253112E-04	-3.285376E-04	-1.801477E-04	-7.511184E-05
0.76158	 0.000000E+00	 1.922095E-03	-1.200955E-03	 2.826430E-03	 9.142401E-04	 2.507986E-03	 4.058158E-04	 1.951721E-04	-7.037309E-04	-8.306768E-04	-9.053149E-04	-7.275298E-04	-5.482999E-04	-3.496510E-04	-1.967364E-04	-8.550493E-05
0.76485	 0.000000E+00	 1.738650E-03	-1.338965E-03	 2.655072E-03	 8.365827E-04	 2.554250E-03	 4.489740E-04	 2.677745E-04	-6.674023E-04	-8.121380E-04	-9.129629E-04	-7.456288E-04	-5.724614E-04	-3.717596E-04	-2.143543E-04	-9.686313E-05
0.76811	 0.000000E+00	 1.556472E-03	-1.474203E-03	 2.491597E-03	 7.705109E-04	 2.606619E-03	 4.964468E-04	 3.436661E-04	-6.291558E-04	-7.919912E-04	-9.197794E-04	-7.634886E-04	-5.971139E-04	-3.947030E-04	-2.329551E-04	-1.091287E-04
0.77136	 0.000000E+00	 1.372646E-03	-1.606023E-03	 2.329595E-03	 7.089817E-04	 2.661490E-03	 5.455222E-04	 4.223044E-04	-5.892063E-04	-7.700573E-04	-9.256717E-04	-7.810724E-04	-6.222987E-04	-4.185604E-04	-2.526337E-04	-1.223224E-04
0.77460	 0.000000E+00	 1.163716E-03	-1.861312E-03	 2.138957E-03	 6.276478E-04	 2.712997E-03	 5.940635E-04	 5.065086E-04	-5.446789E-04	-7.434404E-04	-9.283968E-04	-7.967422E-04	-6.471175E-04	-4.428832E-04	-2.732274E-04	-1.364426E-04
0.77782	 0.000000E+00	 9.604499E-04	-2.005311E-03	 1.948720E-03	 5.486850E-04	 2.757004E-03	 6.378677E-04	 5.888057E-04	-4.997871E-04	-7.149510E-04	-9.296208E-04	-8.113872E-04	-6.716854E-04	-4.675339E-04	-2.945985E-04	-1.514740E-04
0.78102	 0.000000E+00	 7.495567E-04	-2.153706E-03	 1.750423E-03	 4.679876E-04	 2.799770E-03	 6.817533E-04	 6.738366E-04	-4.524926E-04	-6.836301E-04	-9.289807E-04	-8.249381E-04	-6.962272E-04	-4.927672E-04	-3.169371E-04	-1.675158E-04
0.78422	 0.000000E+00	 5.299023E-04	-2.303417E-03	 1.542245E-03	 3.840551E-04	 2.840511E-03	 7.251246E-04	 7.615786E-04	-4.029196E-04	-6.494804E-04	-9.265890E-04	-8.375136E-04	-7.208797E-04	-5.187062E-04	-3.403623E-04	-1.846508E-04
0.78740	 0.000000E+00	 2.967640E-04	-2.474869E-03	 1.314256E-03	 2.884687E-04	 2.873021E-03	 7.648250E-04	 8.507302E-04	-3.504438E-04	-6.111048E-04	-9.206147E-04	-8.474037E-04	-7.442574E-04	-5.443825E-04	-3.642866E-04	-2.026032E-04
0.79057	 0.000000E+00	 5.246180E-05	-2.636586E-03	 1.070820E-03	 1.854116E-04	 2.898766E-03	 8.013116E-04	 9.411076E-04	-2.958299E-04	-5.693094E-04	-9.120002E-04	-8.553896E-04	-7.669525E-04	-5.701880E-04	-3.889610E-04	-2.215286E-04
0.79373	 0.000000E+00	-2.057783E-04	-2.807705E-03	 8.095378E-04	 7.376487E-05	 2.919055E-03	 8.356430E-04	 1.033982E-03	-2.386774E-04	-5.239577E-04	-9.009846E-04	-8.617958E-04	-7.893576E-04	-5.964543E-04	-4.146496E-04	-2.416063E-04
0.79687	 0.000000E+00	-4.783812E-04	-2.983129E-03	 5.245717E-04	-5.206097E-05	 2.925217E-03	 8.629342E-04	 1.125501E-03	-1.792611E-04	-4.739601E-04	-8.852143E-04	-8.641626E-04	-8.092065E-04	-6.214527E-04	-4.401788E-04	-2.621705E-04
0.80000	 0.000000E+00	-7.689809E-04	-3.214800E-03	 2.116543E-04	-1.961524E-04	 2.921251E-03	 8.847681E-04	 1.218582E-03	-1.169314E-04	-4.191100E-04	-8.651540E-04	-8.630221E-04	-8.271540E-04	-6.457131E-04	-4.659422E-04	-2.834681E-04
0.80312	 0.000000E+00	-1.068974E-03	-3.403457E-03	-1.070908E-04	-3.379333E-04	 2.919533E-03	 9.069513E-04	 1.316192E-03	-5.320309E-05	-3.621217E-04	-8.451028E-04	-8.625217E-04	-8.468410E-04	-6.719864E-04	-4.939007E-04	-3.067486E-04
0.80623	 0.000000E+00	-1.376995E-03	-3.596820E-03	-4.362229E-04	-4.813808E-04	 2.915111E-03	 9.269374E-04	 1.416206E-03	 1.246463E-05	-3.014810E-04	-8.222452E-04	-8.597440E-04	-8.656743E-04	-6.983065E-04	-5.227183E-04	-3.312686E-04
0.80932	 0.000000E+00	-1.682603E-03	-3.778955E-03	-7.584253E-04	-6.072781E-04	 2.918484E-03	 9.518468E-04	 1.520864E-03	 8.033217E-05	-2.381294E-04	-7.976508E-04	-8.555912E-04	-8.842862E-04	-7.250622E-04	-5.525944E-04	-3.572134E-04
0.81240	 0.000000E+00	-1.959127E-03	-3.308373E-03	-9.759334E-04	-6.146844E-04	 2.954161E-03	 9.961205E-04	 1.624682E-03	 1.413574E-04	-1.831528E-04	-7.836644E-04	-8.613906E-04	-9.112814E-04	-7.584710E-04	-5.877431E-04	-3.871807E-04
0.81548	 0.000000E+00	-2.282432E-03	-3.471112E-03	-1.294600E-03	-7.045693E-04	 2.985009E-03	 1.041800E-03	 1.751573E-03	 2.186307E-04	-1.120149E-04	-7.576639E-04	-8.585169E-04	-9.344669E-04	-7.908624E-04	-6.237865E-04	-4.185912E-04
0.81854	 0.000000E+00	-2.644519E-03	-3.660550E-03	-1.680348E-03	-8.458222E-04	 2.976331E-03	 1.062967E-03	 1.871281E-03	 2.967996E-04	-3.297228E-05	-7.228986E-04	-8.473236E-04	-9.516925E-04	-8.195054E-04	-6.583109E-04	-4.499602E-04
0.82158	 0.000000E+00	-3.040761E-03	-3.861729E-03	-2.114915E-03	-1.014325E-03	 2.949195E-03	 1.074202E-03	 1.993558E-03	 3.784092E-04	 5.332971E-05	-6.829199E-04	-8.317901E-04	-9.670071E-04	-8.476413E-04	-6.937284E-04	-4.830615E-04
0.82462	 0.000000E+00	-3.455889E-03	-3.793807E-03	-2.538126E-03	-1.143082E-03	 2.927985E-03	 1.092234E-03	 2.120767E-03	 4.614081E-04	 1.421196E-04	-6.437392E-04	-8.178398E-04	-9.852020E-04	-8.789379E-04	-7.326820E-04	-5.196208E-04
0.82765	 0.000000E+00	-3.899063E-03	-4.001435E-03	-3.030361E-03	-1.320644E-03	 2.890104E-03	 1.102251E-03	 2.257338E-03	 5.526012E-04	 2.429148E-04	-5.946687E-04	-7.955772E-04	-9.988062E-04	-9.080335E-04	-7.716485E-04	-5.573737E-04
0.83066	 0.000000E+00	-4.364082E-03	-4.221652E-03	-3.562946E-03	-1.517548E-03	 2.829128E-03	 1.097139E-03	 2.391295E-03	 6.440196E-04	 3.504053E-04	-5.391200E-04	-7.666139E-04	-1.008171E-03	-9.345863E-04	-8.101262E-04	-5.960474E-04
0.83367	 0.000000E+00	-4.819390E-03	-4.415028E-03	-4.076900E-03	-1.662485E-03	 2.792136E-03	 1.113190E-03	 2.540500E-03	 7.424852E-04	 4.636444E-04	-4.819237E-04	-7.367758E-04	-1.018977E-03	-9.631331E-04	-8.513547E-04	-6.381227E-04
0.83666	 0.000000E+00	-5.277901E-03	-2.659796E-03	-4.285866E-03	-1.401153E-03	 2.855730E-03	 1.212956E-03	 2.683263E-03	 8.274446E-04	 5.519786E-04	-4.527724E-04	-7.337828E-04	-1.050545E-03	-1.007707E-03	-9.045111E-04	-6.893534E-04
0.83964	 0.000000E+00	-5.744409E-03	-2.768574E-03	-4.767990E-03	-1.423434E-03	 2.872046E-03	 1.289211E-03	 2.871838E-03	 9.491604E-04	 6.823883E-04	-3.869962E-04	-7.005066E-04	-1.063498E-03	-1.041446E-03	-9.531453E-04	-7.390194E-04
0.84261	 0.000000E+00	-6.299947E-03	-2.937937E-03	-5.408533E-03	-1.578090E-03	 2.781516E-03	 1.292206E-03	 3.028899E-03	 1.060183E-03	 8.229190E-04	-3.064188E-04	-6.497716E-04	-1.062088E-03	-1.064147E-03	-9.953243E-04	-7.857155E-04
0.84558	 0.000000E+00	-6.917445E-03	-3.119962E-03	-6.146641E-03	-1.781079E-03	 2.640200E-03	 1.269245E-03	 3.178611E-03	 1.172103E-03	 9.742991E-04	-2.156169E-04	-5.878789E-04	-1.052965E-03	-1.081050E-03	-1.034684E-03	-8.324450E-04
0.84853	 0.000000E+00	-7.617988E-03	-1.896783E-03	-6.728297E-03	-1.693204E-03	 2.557114E-03	 1.311967E-03	 3.328909E-03	 1.282262E-03	 1.116073E-03	-1.390569E-04	-5.407081E-04	-1.056543E-03	-1.108491E-03	-1.083013E-03	-8.871281E-04
0.85147	 0.000000E+00	-8.313029E-03	-2.040657E-03	-7.548392E-03	-1.845337E-03	 2.408844E-03	 1.317935E-03	 3.506496E-03	 1.416478E-03	 1.293548E-03	-3.063547E-05	-4.650167E-04	-1.041565E-03	-1.123886E-03	-1.125778E-03	-9.398730E-04
0.85440	 0.000000E+00	-9.087682E-03	-2.234992E-03	-8.513797E-03	-2.098254E-03	 2.161322E-03	 1.256584E-03	 3.652308E-03	 1.536520E-03	 1.479135E-03	 9.055077E-05	-3.718995E-04	-1.012034E-03	-1.127137E-03	-1.161174E-03	-9.890790E-04
0.85732	 0.000000E+00	-9.893863E-03	-2.402690E-03	-9.531140E-03	-2.324844E-03	 1.894559E-03	 1.199400E-03	 3.801349E-03	 1.661853E-03	 1.675528E-03	 2.201568E-04	-2.692458E-04	-9.766186E-04	-1.125509E-03	-1.194405E-03	-1.038913E-03
0.86023	 0.000000E+00	-1.088859E-02	 1.736722E-04	-1.019242E-02	-1.900063E-03	 1.788993E-03	 1.316101E-03	 3.963162E-03	 1.793832E-03	 1.848697E-03	 3.177568E-04	-2.017056E-04	-9.707382E-04	-1.148468E-03	-1.247279E-03	-1.104866E-03
0.86313	 0.000000E+00	-1.175775E-02	 1.173291E-04	-1.125030E-02	-1.959879E-03	 1.550421E-03	 1.345375E-03	 4.158980E-03	 1.958926E-03	 2.078687E-03	 4.705452E-04	-8.228992E-05	-9.278775E-04	-1.144798E-03	-1.284518E-03	-1.161809E-03
0.86603	 0.000000E+00	-1.275790E-02	-3.073960E-05	-1.255515E-02	-2.220495E-03	 1.117050E-03	 1.234955E-03	 4.271836E-03	 2.080906E-03	 2.306583E-03	 6.367501E-04	 6.324511E-05	-8.586718E-04	-1.116011E-03	-1.303138E-03	-1.206111E-03
0.86891	 0.000000E+00	-1.383723E-02	-1.635699E-04	-1.399446E-02	-2.514131E-03	 5.961839E-04	 1.087538E-03	 4.354851E-03	 2.193086E-03	 2.540355E-03	 8.134131E-04	 2.250024E-04	-7.752929E-04	-1.072947E-03	-1.311301E-03	-1.244349E-03
0.87178	 0.000000E+00	-1.523009E-02	 2.640771E-03	-1.512068E-02	-2.075850E-03	 2.393291E-04	 1.153030E-03	 4.456213E-03	 2.326742E-03	 2.755133E-03	 9.619588E-04	 3.529287E-04	-7.210939E-04	-1.054644E-03	-1.339915E-03	-1.299888E-03
0.87464	 0.000000E+00	-1.641909E-02	 2.605798E-03	-1.668604E-02	-2.215880E-03	-3.140453E-04	 1.082682E-03	 4.562615E-03	 2.476145E-03	 3.022827E-03	 1.167942E-03	 5.403630E-04	-6.205185E-04	-9.989164E-04	-1.343357E-03	-1.338587E-03
0.87750	 0.000000E+00	-1.774897E-02	 2.451464E-03	-1.853466E-02	-2.589068E-03	-1.115812E-03	 8.324233E-04	 4.543248E-03	 2.553696E-03	 3.269417E-03	 1.378130E-03	 7.529567E-04	-4.892603E-04	-9.096724E-04	-1.319046E-03	-1.355656E-03
0.88034	 0.000000E+00	-1.915218E-02	 2.334442E-03	-2.051959E-02	-2.982933E-03	-2.033852E-03	 5.330546E-04	 4.461229E-03	 2.603458E-03	 3.504290E-03	 1.590828E-03	 9.784928E-04	-3.415478E-04	-8.002091E-04	-1.276761E-03	-1.358522E-03
0.88318	 0.000000E+00	-2.101217E-02	 5.746549E-03	-2.214527E-02	-2.428545E-03	-2.741952E-03	 5.315678E-04	 4.399990E-03	 2.691474E-03	 3.709537E-03	 1.769574E-03	 1.159941E-03	-2.290629E-04	-7.200534E-04	-1.257044E-03	-1.379317E-03
0.88600	 0.000000E+00	-2.251859E-02	 5.732918E-03	-2.426647E-02	-2.623240E-03	-3.722544E-03	 3.269577E-04	 4.313644E-03	 2.775045E-03	 3.964350E-03	 2.008586E-03	 1.409611E-03	-6.020900E-05	-5.905234E-04	-1.201261E-03	-1.373531E-03
0.88882	 0.000000E+00	-2.416945E-02	 5.539807E-03	-2.671006E-02	-3.110764E-03	-5.018559E-03	-1.149621E-04	 4.043397E-03	 2.746117E-03	 4.168289E-03	 2.234636E-03	 1.677540E-03	 1.399517E-04	-4.209374E-04	-1.109099E-03	-1.336049E-03
0.89163	 0.000000E+00	-2.584324E-02	 5.401266E-03	-2.922156E-02	-3.571762E-03	-6.421792E-03	-5.912511E-04	 3.674740E-03	 2.673122E-03	 4.327168E-03	 2.446655E-03	 1.942689E-03	 3.529183E-04	-2.298330E-04	-9.915006E-04	-1.273705E-03
0.89443	 0.000000E+00	-2.832481E-02	 1.088143E-02	-3.112443E-02	-2.405781E-03	-7.396170E-03	-4.826566E-04	 3.387789E-03	 2.713619E-03	 4.441817E-03	 2.610147E-03	 2.125271E-03	 4.993340E-04	-1.003430E-04	-9.206435E-04	-1.247758E-03
0.89722	 0.000000E+00	-3.009047E-02	 1.085807E-02	-3.374257E-02	-2.538114E-03	-8.821597E-03	-7.586895E-04	 3.028143E-03	 2.711507E-03	 4.611165E-03	 2.849471E-03	 2.402051E-03	 7.263989E-04	 1.039049E-04	-7.914591E-04	-1.175521E-03
0.90000	 0.000000E+00	-3.211253E-02	 1.040820E-02	-3.691887E-02	-3.298844E-03	-1.079603E-02	-1.478749E-03	 2.328199E-03	 2.498525E-03	 4.664174E-03	 3.048815E-03	 2.690994E-03	 9.964027E-04	 3.676329E-04	-6.021073E-04	-1.046664E-03
0.90277	 0.000000E+00	-3.425758E-02	 9.783552E-03	-4.034420E-02	-4.340684E-03	-1.304917E-02	-2.373688E-03	 1.417845E-03	 2.196016E-03	 4.630538E-03	 3.232122E-03	 2.977493E-03	 1.295951E-03	 6.671337E-04	-3.678307E-04	-8.738392E-04
0.90554	 0.000000E+00	-3.738466E-02	 1.548367E-02	-4.317695E-02	-3.482299E-03	-1.481283E-02	-2.530137E-03	 6.380855E-04	 2.078394E-03	 4.563046E-03	 3.381125E-03	 3.173143E-03	 1.520851E-03	 8.884565E-04	-1.942349E-04	-7.504589E-04
0.90830	 0.000000E+00	-3.957715E-02	 1.507884E-02	-4.665470E-02	-4.053403E-03	-1.706134E-02	-3.175271E-03	-2.792742E-04	 1.836949E-03	 4.497817E-03	 3.560996E-03	 3.435541E-03	 1.809272E-03	 1.182367E-03	 4.368332E-05	-5.690303E-04
0.91104	 0.000000E+00	-4.184659E-02	 1.431887E-02	-5.043423E-02	-5.141230E-03	-1.976965E-02	-4.297859E-03	-1.603782E-03	 1.282145E-03	 4.209269E-03	 3.607416E-03	 3.634017E-03	 2.091234E-03	 1.506063E-03	 3.322683E-04	-3.265924E-04
0.91378	 0.000000E+00	-4.393553E-02	 1.366206E-02	-5.394137E-02	-5.982075E-03	-2.234059E-02	-5.265148E-03	-2.958535E-03	 7.445688E-04	 3.853561E-03	 3.626913E-03	 3.782167E-03	 2.356380E-03	 1.807572E-03	 6.221257E-04	-7.511096E-05
0.91652	 0.000000E+00	-4.794318E-02	 2.774879E-02	-5.561602E-02	-1.875954E-03	-2.325900E-02	-3.982454E-03	-3.565366E-03	 9.924259E-04	 3.630462E-03	 3.714726E-03	 3.775660E-03	 2.461647E-03	 1.890626E-03	 7.197794E-04	-3.584578E-06
0.91924	 0.000000E+00	-4.978344E-02	 2.730804E-02	-5.855661E-02	-1.615793E-03	-2.520872E-02	-4.003428E-03	-4.487478E-03	 9.247716E-04	 3.423176E-03	 3.886062E-03	 3.927595E-03	 2.716083E-03	 2.142968E-03	 9.692114E-04	 2.035853E-04
0.92195	 0.000000E+00	-5.210405E-02	 2.599575E-02	-6.250906E-02	-2.980815E-03	-2.835236E-02	-5.272267E-03	-6.311204E-03	 1.320741E-04	 2.738513E-03	 3.753275E-03	 3.928825E-03	 2.927930E-03	 2.434983E-03	 1.300882E-03	 5.199177E-04
0.92466	 0.000000E+00	-5.490189E-02	 2.439284E-02	-6.723892E-02	-5.594674E-03	-3.243621E-02	-7.496626E-03	-8.875915E-03	-1.235447E-03	 1.637571E-03	 3.351298E-03	 3.770627E-03	 3.078294E-03	 2.722376E-03	 1.677657E-03	 9.086466E-04
0.92736	 0.000000E+00	-5.741092E-02	 1.895486E-02	-7.260633E-02	-9.890560E-03	-3.722316E-02	-1.062346E-02	-1.198888E-02	-3.091269E-03	 2.183445E-04	 2.725517E-03	 3.480120E-03	 3.165324E-03	 2.993586E-03	 2.083269E-03	 1.352482E-03
0.93005	 0.000000E+00	-6.055392E-02	 1.697648E-02	-7.789115E-02	-1.340154E-02	-4.200436E-02	-1.359945E-02	-1.527390E-02	-5.077387E-03	-1.446724E-03	 1.894078E-03	 2.982857E-03	 3.103276E-03	 3.135552E-03	 2.410299E-03	 1.749147E-03
0.93274	 0.000000E+00	-6.411517E-02	 1.469569E-02	-8.393654E-02	-1.701013E-02	-4.722724E-02	-1.667880E-02	-1.876731E-02	-7.171555E-03	-3.245623E-03	 9.754605E-04	 2.401191E-03	 2.982189E-03	 3.225126E-03	 2.706727E-03	 2.127985E-03
0.93541	 0.000000E+00	-6.880798E-02	 1.261143E-02	-9.190216E-02	-2.137561E-02	-5.392544E-02	-2.053895E-02	-2.305842E-02	-9.765634E-03	-5.439286E-03	-1.782677E-04	 1.680344E-03	 2.797267E-03	 3.303515E-03	 3.020129E-03	 2.545837E-03
0.93808	 0.000000E+00	-7.390053E-02	 1.865183E-03	-1.033111E-01	-2.978488E-02	-6.351115E-02	-2.697575E-02	-2.911503E-02	-1.375657E-02	-8.457331E-03	-1.882151E-03	 7.227508E-04	 2.517774E-03	 3.428008E-03	 3.438839E-03	 3.116789E-03
0.94074	 0.000000E+00	-8.069633E-02	-6.309500E-04	-1.154539E-01	-3.616401E-02	-7.387943E-02	-3.313351E-02	-3.581857E-02	-1.804209E-02	-1.202683E-02	-3.997012E-03	-6.395809E-04	 1.961042E-03	 3.308168E-03	 3.700426E-03	 3.578357E-03
0.94340	 0.000000E+00	-8.738130E-02	-2.781721E-03	-1.273716E-01	-4.138907E-02	-8.398608E-02	-3.865733E-02	-4.246270E-02	-2.218914E-02	-1.573401E-02	-6.246834E-03	-2.239511E-03	 1.202850E-03	 2.978557E-03	 3.803998E-03	 3.905064E-03
0.94604	 0.000000E+00	-9.414374E-02	-3.841857E-03	-1.391916E-01	-4.583132E-02	-9.414869E-02	-4.394213E-02	-4.933114E-02	-2.645941E-02	-1.978825E-02	-8.784935E-03	-4.191971E-03	 1.695270E-04	 2.407823E-03	 3.734208E-03	 4.100735E-03
0.94868	 0.000000E+00	-1.013006E-01	-8.991159E-03	-1.533446E-01	-5.225169E-02	-1.065080E-01	-5.083373E-02	-5.772779E-02	-3.187317E-02	-2.478739E-02	-1.201986E-02	-6.672717E-03	-1.218969E-03	 1.610102E-03	 3.547056E-03	 4.253750E-03
0.95131	 0.000000E+00	-1.111816E-01	-1.040260E-02	-1.718919E-01	-5.877166E-02	-1.229234E-01	-5.912990E-02	-6.867471E-02	-3.866165E-02	-3.124724E-02	-1.618368E-02	-9.930358E-03	-3.080827E-03	 4.646554E-04	 3.175744E-03	 4.305348E-03
0.95394	 0.000000E+00	-1.227957E-01	-1.277650E-02	-1.947016E-01	-6.647787E-02	-1.436195E-01	-6.914409E-02	-8.245764E-02	-4.700501E-02	-3.938792E-02	-2.141164E-02	-1.414548E-02	-5.558762E-03	-1.151112E-03	 2.532512E-03	 4.190558E-03
0.95656	 0.000000E+00	-1.344167E-01	-1.438019E-02	-2.176957E-01	-7.465687E-02	-1.658555E-01	-8.027847E-02	-9.793422E-02	-5.667571E-02	-4.904943E-02	-2.787130E-02	-1.960885E-02	-9.004695E-03	-3.542937E-03	 1.316672E-03	 3.681795E-03
0.95917	 0.000000E+00	-1.394515E-01	-4.312066E-02	-2.404093E-01	-9.314894E-02	-1.906550E-01	-9.734437E-02	-1.164293E-01	-7.012777E-02	-6.105717E-02	-3.669491E-02	-2.668696E-02	-1.388516E-02	-6.835688E-03	-6.084238E-04	 2.801865E-03
0.96177	 0.000000E+00	-1.471307E-01	-4.418718E-02	-2.592822E-01	-1.004968E-01	-2.134674E-01	-1.097561E-01	-1.344298E-01	-8.226964E-02	-7.340519E-02	-4.584927E-02	-3.466175E-02	-1.959212E-02	-1.121656E-02	-3.492094E-03	 9.462444E-04
0.96437	 0.000000E+00	-1.513381E-01	-4.426167E-02	-2.738126E-01	-1.026231E-01	-2.338745E-01	-1.181320E-01	-1.509641E-01	-9.235008E-02	-8.499564E-02	-5.427982E-02	-4.255607E-02	-2.534886E-02	-1.599464E-02	-6.869297E-03	-1.542739E-03
0.96695	 0.000000E+00	-1.505946E-01	-4.269165E-02	-2.812716E-01	-9.896908E-02	-2.499721E-01	-1.217190E-01	-1.649581E-01	-9.983028E-02	-9.533387E-02	-6.166103E-02	-5.016604E-02	-3.104553E-02	-2.109338E-02	-1.075741E-02	-4.680335E-03
0.96954	 0.000000E+00	-1.479688E-01	-2.025388E-02	-2.779308E-01	-8.123532E-02	-2.575450E-01	-1.152906E-01	-1.732261E-01	-1.014661E-01	-1.023170E-01	-6.608770E-02	-5.631301E-02	-3.566846E-02	-2.597379E-02	-1.478690E-02	-8.357121E-03
0.97211	 0.000000E+00	-1.318782E-01	-1.526261E-02	-2.608789E-01	-6.295032E-02	-2.570969E-01	-1.044044E-01	-1.760357E-01	-9.938243E-02	-1.056887E-01	-6.796010E-02	-6.049356E-02	-3.895217E-02	-2.990046E-02	-1.851147E-02	-1.187510E-02
0.97468	 0.000000E+00	-1.054191E-01	-7.040280E-03	-2.269297E-01	-3.714488E-02	-2.465443E-01	-8.585361E-02	-1.722257E-01	-9.230132E-02	-1.046127E-01	-6.675101E-02	-6.220303E-02	-4.049728E-02	-3.263832E-02	-2.179003E-02	-1.513690E-02
0.97724	 0.000000E+00	-6.143163E-02	-1.530980E-03	-1.672912E-01	-3.497841E-03	-2.205249E-01	-5.690842E-02	-1.580714E-01	-7.771013E-02	-9.611019E-02	-6.042940E-02	-5.922792E-02	-3.862748E-02	-3.266947E-02	-2.355680E-02	-1.716874E-02
0.97980	 0.000000E+00	 1.887060E-02	-1.782977E-02	-5.847811E-02	 3.667159E-02	-1.609575E-01	-1.220813E-02	-1.206831E-01	-4.923875E-02	-7.106553E-02	-4.371743E-02	-4.533974E-02	-2.928208E-02	-2.596058E-02	-2.112915E-02	-1.545108E-02
0.98234	 0.000000E+00	 1.414445E-01	-8.214820E-03	 1.337291E-01	 1.160760E-01	-2.999097E-02	 7.715313E-02	-2.919440E-02	 1.675199E-02	-6.562577E-03	 7.536007E-04	-4.299416E-03	-1.857907E-04	-2.056757E-03	-6.478460E-03	-3.734770E-03
0.98489	 0.000000E+00	 3.373834E-01	 2.511199E-02	 4.603765E-01	 2.553153E-01	 2.187152E-01	 2.405151E-01	 1.563933E-01	 1.484410E-01	 1.294853E-01	 9.671397E-02	 8.802553E-02	 6.715772E-02	 5.642913E-02	 3.384121E-02	 2.997915E-02
0.98742	 0.000000E+00	 6.751185E-01	 5.186642E-02	 1.022646E+00	 4.744669E-01	 6.687740E-01	 5.181210E-01	 5.056120E-01	 3.879260E-01	 3.930772E-01	 2.816414E-01	 2.741129E-01	 2.034435E-01	 1.805736E-01	 1.230344E-01	 1.077977E-01
0.98995	 0.000000E+00	 1.258179E+00	 1.312734E-01	 2.022926E+00	 8.649927E-01	 1.507278E+00	 1.019684E+00	 1.177654E+00	 8.407218E-01	 9.119834E-01	 6.451458E-01	 6.515864E-01	 4.802239E-01	 4.414685E-01	 3.147461E-01	 2.795898E-01
0.99247	 0.000000E+00	 2.361989E+00	 2.000449E-01	 3.885095E+00	 1.525752E+00	 3.100015E+00	 1.915769E+00	 2.484122E+00	 1.695972E+00	 1.940110E+00	 1.356583E+00	 1.418924E+00	 1.037844E+00	 9.872823E-01	 7.183077E-01	 6.522418E-01
0.99499	 0.000000E+00	 4.450776E+00	 3.014831E-01	 7.373130E+00	 2.683290E+00	 6.146438E+00	 3.549245E+00	 5.035193E+00	 3.338458E+00	 3.982372E+00	 2.753422E+00	 2.980014E+00	 2.154411E+00	 2.122262E+00	 1.556556E+00	 1.447535E+00
0.99750	 0.000000E+00	 7.622203E+00	 3.206990E-01	 1.250579E+01	 4.179329E+00	 1.071510E+01	 5.843714E+00	 8.949571E+00	 5.800705E+00	 7.188385E+00	 4.919910E+00	 5.512313E+00	 3.931481E+00	 4.020889E+00	 2.952131E+00	 2.821497E+00
1.00000	 0.000000E+00	 1.113744E+01	 2.722507E-01	 1.819335E+01	 5.745139E+00	 1.581770E+01	 8.344310E+00	 1.336521E+01	 8.552010E+00	 1.084394E+01	 7.376162E+00	 8.436322E+00	 5.976208E+00	 6.240619E+00	 4.588975E+00	 4.450974E+00
