r	   0/   0	   1/   0	   2/   0	   3/   0	   4/   0	   5/   0	   6/   0	   7/   0	   8/   0	   9/   0	  10/   0	  11/   0	  12/   0	  13/   0	  14/   0	  15/   0
0.07071	 6.341332E+00	-3.195243E-01	-1.491989E+00	 1.812672E-02	-2.329623E-02	 1.571175E-03	 5.501438E-03	-4.769347E-04	-4.755861E-04	 4.990780E-05	 1.512825E-06	 8.490314E-06	 8.918733E-06	-2.846351E-06	-1.689843E-06	 3.897269E-07
0.10000	 6.051690E+00	-4.396840E-01	-1.460565E+00	 2.837631E-02	-7.636777E-03	 3.019969E-04	 5.547254E-03	 2.589868E-04	-9.220604E-04	 7.611744E-05	 8.303559E-05	-1.419589E-05	 3.799342E-06	 2.059416E-07	-3.194411E-06	 7.064945E-08
0.12247	 6.019963E+00	-5.304994E-01	-1.511084E+00	 3.373472E-02	 3.038732E-02	 7.442986E-04	-9.134253E-04	 5.503403E-04	-5.110875E-04	 1.148558E-04	 1.836763E-04	-2.013609E-05	-1.675139E-05	-3.350712E-07	-6.572167E-07	 3.037606E-07
0.14142	 6.025773E+00	-6.024915E-01	-1.532061E+00	 2.434982E-02	 4.091617E-02	 3.535867E-03	-2.576193E-03	 2.298275E-04	-2.465698E-04	 8.935468E-05	 2.052825E-04	-1.786997E-05	-3.794115E-05	 2.552788E-07	 3.300104E-06	-1.078727E-07
0.15811	 6.042357E+00	-6.710730E-01	-1.548975E+00	 1.530578E-02	 4.573251E-02	 4.105363E-03	-3.294146E-03	 7.796697E-04	 1.501227E-04	-1.436595E-04	 1.168162E-04	 7.836056E-07	-3.585384E-05	 4.370361E-06	 6.412049E-06	-2.135584E-06
0.17321	 6.063648E+00	-7.379698E-01	-1.564309E+00	 7.088397E-03	 4.771122E-02	 5.518571E-03	-3.120885E-03	 9.069583E-04	 4.927389E-04	-2.131589E-04	 4.654255E-06	 2.592773E-06	-2.513711E-05	 5.904679E-06	 9.156849E-06	-2.562757E-06
0.18708	 6.085940E+00	-8.044068E-01	-1.578117E+00	 2.757537E-03	 4.839203E-02	 7.486525E-03	-2.303773E-03	 8.266470E-04	 6.908538E-04	-2.057308E-04	-8.305995E-05	 8.636098E-06	-1.039580E-05	 2.905472E-06	 8.943364E-06	-1.420654E-06
0.20000	 6.106462E+00	-8.705151E-01	-1.589814E+00	 4.293849E-03	 4.880487E-02	 9.592157E-03	-1.178451E-03	 6.856814E-04	 7.628381E-04	-1.569615E-04	-1.374350E-04	 1.221407E-05	 5.181308E-06	 2.962355E-08	 6.338828E-06	-2.584727E-07
0.21213	 6.123759E+00	-9.358033E-01	-1.599038E+00	 1.245165E-02	 4.948814E-02	 1.155472E-02	 1.369276E-05	 5.579624E-04	 7.416533E-04	-9.328742E-05	-1.581132E-04	 1.220435E-05	 1.736134E-05	-1.627758E-06	 2.985351E-06	 5.061739E-07
0.22361	 6.138144E+00	-9.983936E-01	-1.606588E+00	 2.572985E-02	 5.066357E-02	 1.330031E-02	 1.114189E-03	 4.594776E-04	 6.696829E-04	-2.768201E-05	-1.541432E-04	 8.692589E-06	 2.445246E-05	-2.124420E-06	-4.105300E-08	 8.624479E-07
0.23452	 6.150920E+00	-1.055904E+00	-1.613909E+00	 4.119627E-02	 5.234607E-02	 1.486435E-02	 2.061364E-03	 4.036417E-04	 5.797544E-04	 2.881341E-05	-1.356541E-04	 3.469622E-06	 2.663324E-05	-1.905569E-06	-2.168080E-06	 9.246045E-07
0.24495	 6.163917E+00	-1.105884E+00	-1.622691E+00	 5.502709E-02	 5.445302E-02	 1.637896E-02	 2.866612E-03	 3.991948E-04	 4.948777E-04	 7.126812E-05	-1.113813E-04	-2.150020E-06	 2.519166E-05	-1.318574E-06	-3.289855E-06	 8.051287E-07
0.25495	 6.178353E+00	-1.147242E+00	-1.633985E+00	 6.434739E-02	 5.691631E-02	 1.797770E-02	 3.578945E-03	 4.561499E-04	 4.269736E-04	 9.670735E-05	-8.666702E-05	-6.552326E-06	 2.156385E-05	-7.377756E-07	-3.524744E-06	 6.219249E-07
0.26458	 6.194358E+00	-1.181316E+00	-1.647647E+00	 6.888247E-02	 5.965170E-02	 1.970736E-02	 4.251948E-03	 5.812268E-04	 3.766750E-04	 1.027009E-04	-6.308376E-05	-7.701291E-06	 1.689369E-05	-5.702458E-07	-3.058994E-06	 4.861247E-07
0.27386	 6.211800E+00	-1.209928E+00	-1.663262E+00	 6.927606E-02	 6.259485E-02	 2.159060E-02	 4.917598E-03	 7.572967E-04	 3.457165E-04	 9.655648E-05	-4.262299E-05	-6.527030E-06	 1.238358E-05	-6.764432E-07	-2.257268E-06	 3.935556E-07
0.28284	 6.230222E+00	-1.235132E+00	-1.680135E+00	 6.689306E-02	 6.564729E-02	 2.359772E-02	 5.593527E-03	 9.665169E-04	 3.336940E-04	 8.535019E-05	-2.616303E-05	-4.126025E-06	 8.675631E-06	-9.285623E-07	-1.374655E-06	 3.527414E-07
0.29155	 6.248606E+00	-1.259593E+00	-1.697030E+00	 6.422784E-02	 6.867984E-02	 2.562762E-02	 6.280536E-03	 1.195492E-03	 3.350660E-04	 7.203753E-05	-1.277774E-05	-6.632045E-07	 5.781277E-06	-1.372182E-06	-4.800886E-07	 3.999315E-07
0.30000	 6.266132E+00	-1.284924E+00	-1.713025E+00	 6.306734E-02	 7.163228E-02	 2.760194E-02	 6.963728E-03	 1.426378E-03	 3.472377E-04	 6.145372E-05	-2.628520E-06	 2.560333E-06	 3.849066E-06	-1.752136E-06	 2.899650E-07	 4.722404E-07
0.30822	 6.282710E+00	-1.311019E+00	-1.728030E+00	 6.351493E-02	 7.448650E-02	 2.951124E-02	 7.636480E-03	 1.647848E-03	 3.704079E-04	 5.791114E-05	 3.843979E-06	 4.105464E-06	 2.937015E-06	-1.771171E-06	 8.276383E-07	 4.881608E-07
0.31623	 6.298445E+00	-1.337413E+00	-1.742195E+00	 6.523715E-02	 7.724774E-02	 3.136323E-02	 8.299991E-03	 1.860113E-03	 4.025692E-04	 6.081861E-05	 7.466524E-06	 4.131633E-06	 2.718742E-06	-1.518381E-06	 1.187272E-06	 4.732588E-07
0.32404	 6.313383E+00	-1.363906E+00	-1.755589E+00	 6.810337E-02	 7.991617E-02	 3.316635E-02	 8.956802E-03	 2.066573E-03	 4.396063E-04	 6.732369E-05	 9.759524E-06	 3.517524E-06	 2.720053E-06	-1.232715E-06	 1.495716E-06	 4.864116E-07
0.33166	 6.328009E+00	-1.389588E+00	-1.768725E+00	 7.114343E-02	 8.250232E-02	 3.497939E-02	 9.619592E-03	 2.270070E-03	 4.808604E-04	 7.710231E-05	 1.124113E-05	 2.268926E-06	 2.823645E-06	-8.851160E-07	 1.757229E-06	 5.003382E-07
0.33912	 6.343086E+00	-1.413125E+00	-1.782410E+00	 7.279374E-02	 8.503389E-02	 3.689018E-02	 1.031282E-02	 2.477973E-03	 5.280433E-04	 8.998867E-05	 1.202783E-05	 5.031498E-07	 3.082820E-06	-4.739578E-07	 1.937501E-06	 5.079054E-07
0.34641	 6.359104E+00	-1.433982E+00	-1.797075E+00	 7.221887E-02	 8.744623E-02	 3.895579E-02	 1.106635E-02	 2.701730E-03	 5.806279E-04	 1.038788E-04	 1.311994E-05	-9.082771E-07	 3.258074E-06	-2.212404E-07	 2.128602E-06	 5.813768E-07
0.35355	 6.376327E+00	-1.452248E+00	-1.812860E+00	 6.923744E-02	 8.960893E-02	 4.120181E-02	 1.190686E-02	 2.951023E-03	 6.383696E-04	 1.175929E-04	 1.515938E-05	-1.498323E-06	 3.216358E-06	-2.268359E-07	 2.385726E-06	 7.523789E-07
0.36056	 6.394945E+00	-1.468111E+00	-1.829868E+00	 6.382321E-02	 9.140989E-02	 4.363489E-02	 1.285419E-02	 3.233748E-03	 7.032037E-04	 1.315007E-04	 1.792086E-05	-1.386653E-06	 3.106729E-06	-4.152624E-07	 2.662522E-06	 9.961234E-07
0.36742	 6.414906E+00	-1.482072E+00	-1.848012E+00	 5.635667E-02	 9.278933E-02	 4.622610E-02	 1.391355E-02	 3.555749E-03	 7.767748E-04	 1.458027E-04	 2.118625E-05	-6.456093E-07	 3.035805E-06	-7.428904E-07	 2.934083E-06	 1.303361E-06
0.37417	 6.435817E+00	-1.494970E+00	-1.866961E+00	 4.766713E-02	 9.380352E-02	 4.890792E-02	 1.506560E-02	 3.916487E-03	 8.595659E-04	 1.604968E-04	 2.471131E-05	 6.612357E-07	 3.093042E-06	-1.180816E-06	 3.179382E-06	 1.671540E-06
0.38079	 6.457174E+00	-1.507625E+00	-1.886294E+00	 3.864957E-02	 9.455297E-02	 5.160488E-02	 1.628077E-02	 4.311013E-03	 9.515054E-04	 1.760353E-04	 2.823946E-05	 2.233402E-06	 3.324003E-06	-1.636972E-06	 3.384744E-06	 2.074808E-06
0.38730	 6.478468E+00	-1.520778E+00	-1.905548E+00	 3.016539E-02	 9.509611E-02	 5.425220E-02	 1.753313E-02	 4.733232E-03	 1.051452E-03	 1.928009E-04	 3.177941E-05	 3.734416E-06	 3.615813E-06	-2.028541E-06	 3.591558E-06	 2.488529E-06
0.39370	 6.499320E+00	-1.534925E+00	-1.924349E+00	 2.285172E-02	 9.543798E-02	 5.681079E-02	 1.880697E-02	 5.177845E-03	 1.158105E-03	 2.110277E-04	 3.526499E-05	 4.872902E-06	 3.875169E-06	-2.302307E-06	 3.826809E-06	 2.895505E-06
0.40000	 6.519649E+00	-1.550127E+00	-1.942579E+00	 1.688630E-02	 9.550983E-02	 5.928210E-02	 2.010600E-02	 5.643613E-03	 1.270883E-03	 2.309826E-04	 3.857518E-05	 5.407185E-06	 4.045128E-06	-2.429034E-06	 4.097147E-06	 3.285377E-06
0.40620	 6.539791E+00	-1.565907E+00	-1.960470E+00	 1.184483E-02	 9.512716E-02	 6.171426E-02	 2.146272E-02	 6.138455E-03	 1.391312E-03	 2.532454E-04	 4.168625E-05	 5.145588E-06	 4.053851E-06	-2.392958E-06	 4.414192E-06	 3.649939E-06
0.41231	 6.560335E+00	-1.581440E+00	-1.978540E+00	 6.894626E-03	 9.410811E-02	 6.417724E-02	 2.292024E-02	 6.675704E-03	 1.523191E-03	 2.785943E-04	 4.444038E-05	 4.051139E-06	 3.966229E-06	-2.209766E-06	 4.738655E-06	 3.992488E-06
0.41833	 6.581773E+00	-1.596093E+00	-1.997249E+00	 1.369544E-03	 9.230794E-02	 6.672723E-02	 2.451473E-02	 7.269687E-03	 1.670641E-03	 3.073911E-04	 4.686599E-05	 2.340245E-06	 3.781783E-06	-1.992348E-06	 5.058077E-06	 4.355612E-06
0.42426	 6.604386E+00	-1.609517E+00	-2.016926E+00	-5.105105E-03	 8.968656E-02	 6.939369E-02	 2.626221E-02	 7.930244E-03	 1.837360E-03	 3.399208E-04	 4.901039E-05	 2.720926E-07	 3.506884E-06	-1.861218E-06	 5.360400E-06	 4.784187E-06
0.43012	 6.628439E+00	-1.621330E+00	-2.037929E+00	-1.294921E-02	 8.626520E-02	 7.219687E-02	 2.817050E-02	 8.665520E-03	 2.027794E-03	 3.772144E-04	 5.092974E-05	-2.096601E-06	 3.176921E-06	-1.845732E-06	 5.622310E-06	 5.287452E-06
0.43589	 6.654289E+00	-1.631098E+00	-2.060613E+00	-2.266516E-02	 8.197091E-02	 7.515810E-02	 3.025962E-02	 9.490385E-03	 2.248279E-03	 4.209859E-04	 5.298620E-05	-4.825026E-06	 2.672278E-06	-1.959350E-06	 5.873286E-06	 5.868681E-06
0.44159	 6.682154E+00	-1.638560E+00	-2.085245E+00	-3.457101E-02	 7.680367E-02	 7.827887E-02	 3.253580E-02	 1.041554E-02	 2.504421E-03	 4.726992E-04	 5.547301E-05	-7.833207E-06	 1.963617E-06	-2.249800E-06	 6.111736E-06	 6.546927E-06
0.44721	 6.712296E+00	-1.643435E+00	-2.112071E+00	-4.901534E-02	 7.070110E-02	 8.155423E-02	 3.501147E-02	 1.145640E-02	 2.803818E-03	 5.346001E-04	 5.877255E-05	-1.117655E-05	 9.867758E-07	-2.730165E-06	 6.337923E-06	 7.323066E-06
0.45277	 6.744792E+00	-1.645697E+00	-2.141190E+00	-6.606617E-02	 6.365936E-02	 8.495581E-02	 3.768384E-02	 1.262315E-02	 3.152719E-03	 6.087355E-04	 6.335631E-05	-1.483336E-05	-3.292680E-07	-3.441017E-06	 6.551923E-06	 8.208853E-06
0.45826	 6.779616E+00	-1.645477E+00	-2.172581E+00	-8.560958E-02	 5.567918E-02	 8.843997E-02	 4.054317E-02	 1.392410E-02	 3.557202E-03	 6.973277E-04	 6.972381E-05	-1.880558E-05	-2.056424E-06	-4.427209E-06	 6.740834E-06	 9.212822E-06
0.46368	 6.816647E+00	-1.643020E+00	-2.206139E+00	-1.073940E-01	 4.677980E-02	 9.195475E-02	 4.357333E-02	 1.536379E-02	 4.022238E-03	 8.027029E-04	 7.847584E-05	-2.313045E-05	-4.280829E-06	-5.716007E-06	 6.892551E-06	 1.033125E-05
0.46904	 6.855741E+00	-1.638636E+00	-2.241691E+00	-1.310888E-01	 3.694017E-02	 9.545035E-02	 4.676186E-02	 1.694694E-02	 4.552256E-03	 9.269440E-04	 9.022635E-05	-2.776802E-05	-7.094554E-06	-7.379011E-06	 6.986469E-06	 1.157295E-05
0.47434	 6.897028E+00	-1.632332E+00	-2.279199E+00	-1.566813E-01	 2.596054E-02	 9.889360E-02	 5.012364E-02	 1.869152E-02	 5.156337E-03	 1.073772E-03	 1.058017E-04	-3.297153E-05	-1.071398E-05	-9.421184E-06	 7.026645E-06	 1.290496E-05
0.47958	 6.940552E+00	-1.624212E+00	-2.318562E+00	-1.840366E-01	 1.366122E-02	 1.022395E-01	 5.366419E-02	 2.061512E-02	 5.844778E-03	 1.247231E-03	 1.259964E-04	-3.889462E-05	-1.531134E-05	-1.191343E-05	 6.976909E-06	 1.431061E-05
0.48477	 6.985891E+00	-1.614841E+00	-2.359445E+00	-2.124883E-01	 1.526030E-04	 1.054150E-01	 5.733837E-02	 2.271188E-02	 6.621615E-03	 1.450091E-03	 1.514647E-04	-4.546005E-05	-2.090340E-05	-1.496085E-05	 6.749059E-06	 1.578709E-05
0.48990	 7.032302E+00	-1.605128E+00	-2.401311E+00	-2.409913E-01	-1.429692E-02	 1.083455E-01	 6.107342E-02	 2.495930E-02	 7.484864E-03	 1.683802E-03	 1.829215E-04	-5.247480E-05	-2.756417E-05	-1.871715E-05	 6.275436E-06	 1.734908E-05
0.49497	 7.079369E+00	-1.595544E+00	-2.443847E+00	-2.689682E-01	-2.953279E-02	 1.109913E-01	 6.482282E-02	 2.734225E-02	 8.434301E-03	 1.951047E-03	 2.215707E-04	-5.997263E-05	-3.553617E-05	-2.324358E-05	 5.551733E-06	 1.896543E-05
0.50000	 7.127307E+00	-1.585763E+00	-2.487138E+00	-2.966989E-01	-4.570042E-02	 1.133410E-01	 6.859183E-02	 2.987375E-02	 9.480686E-03	 2.258090E-03	 2.692667E-04	-6.807937E-05	-4.510142E-05	-2.859423E-05	 4.533793E-06	 2.057446E-05
0.50498	 7.176063E+00	-1.575788E+00	-2.531161E+00	-3.241253E-01	-6.275444E-02	 1.153841E-01	 7.235944E-02	 3.254872E-02	 1.062711E-02	 2.608618E-03	 3.277776E-04	-7.633574E-05	-5.636891E-05	-3.495305E-05	 3.149798E-06	 2.218418E-05
0.50990	 7.225687E+00	-1.565495E+00	-2.575925E+00	-3.513260E-01	-8.072361E-02	 1.171044E-01	 7.611043E-02	 3.536951E-02	 1.188103E-02	 3.008300E-03	 3.993650E-04	-8.429334E-05	-6.947944E-05	-4.252466E-05	 1.279536E-06	 2.377396E-05
0.51478	 7.275845E+00	-1.555166E+00	-2.621311E+00	-3.779552E-01	-9.932506E-02	 1.184924E-01	 7.979182E-02	 3.830782E-02	 1.323646E-02	 3.458859E-03	 4.859935E-04	-9.107823E-05	-8.434814E-05	-5.147366E-05	-1.179773E-06	 2.534495E-05
0.51962	 7.326676E+00	-1.544548E+00	-2.667392E+00	-4.042443E-01	-1.186040E-01	 1.195418E-01	 8.339463E-02	 4.136538E-02	 1.469980E-02	 3.966302E-03	 5.906279E-04	-9.594323E-05	-1.010950E-04	-6.200311E-05	-4.347006E-06	 2.685826E-05
0.52440	 7.378307E+00	-1.533381E+00	-2.714314E+00	-4.304472E-01	-1.385118E-01	 1.202603E-01	 8.690714E-02	 4.453348E-02	 1.627128E-02	 4.534620E-03	 7.161842E-04	-9.778518E-05	-1.196141E-04	-7.423892E-05	-8.324846E-06	 2.827712E-05
0.52915	 7.431313E+00	-1.520936E+00	-2.762358E+00	-4.573207E-01	-1.593711E-01	 1.206373E-01	 9.035729E-02	 4.783971E-02	 1.796810E-02	 5.173683E-03	 8.669834E-04	-9.542277E-05	-1.399902E-04	-8.846039E-05	-1.329092E-05	 2.954049E-05
0.53385	 7.485865E+00	-1.506858E+00	-2.811719E+00	-4.852223E-01	-1.811298E-01	 1.206630E-01	 9.373126E-02	 5.127612E-02	 1.979180E-02	 5.888380E-03	 1.046651E-03	-8.709081E-05	-1.617291E-04	-1.047573E-04	-1.944160E-05	 3.058673E-05
0.53852	 7.542166E+00	-1.490893E+00	-2.862447E+00	-5.144126E-01	-2.039275E-01	 1.203082E-01	 9.702410E-02	 5.485137E-02	 2.175202E-02	 6.686477E-03	 1.259693E-03	-7.093468E-05	-1.846003E-04	-1.234140E-04	-2.700045E-05	 3.135474E-05
0.54314	 7.600219E+00	-1.472970E+00	-2.914568E+00	-5.449553E-01	-2.276972E-01	 1.195484E-01	 1.002114E-01	 5.855264E-02	 2.384800E-02	 7.572401E-03	 1.510053E-03	-4.489097E-05	-2.079760E-04	-1.444545E-04	-3.616032E-05	 3.173698E-05
0.54772	 7.660176E+00	-1.452979E+00	-2.968045E+00	-5.769610E-01	-2.526129E-01	 1.183432E-01	 1.032852E-01	 6.238863E-02	 2.608944E-02	 8.554386E-03	 1.802709E-03	-6.830390E-06	-2.314753E-04	-1.680805E-04	-4.715499E-05	 3.160968E-05
0.55227	 7.722032E+00	-1.430947E+00	-3.022824E+00	-6.103872E-01	-2.786860E-01	 1.166592E-01	 1.062221E-01	 6.635121E-02	 2.847781E-02	 9.637814E-03	 2.142120E-03	 4.566691E-05	-2.543074E-04	-1.942976E-04	-6.021532E-05	 3.082575E-05
0.55678	 7.785837E+00	-1.406836E+00	-3.078868E+00	-6.452543E-01	-3.059731E-01	 1.144549E-01	 1.089999E-01	 7.043656E-02	 3.101736E-02	 1.082945E-02	 2.533310E-03	 1.152330E-04	-2.756114E-04	-2.230917E-04	-7.558330E-05	 2.921204E-05
0.56125	 7.851643E+00	-1.380638E+00	-3.136097E+00	-6.815449E-01	-3.345758E-01	 1.116794E-01	 1.115925E-01	 7.464389E-02	 3.371497E-02	 1.213802E-02	 2.982381E-03	 2.048371E-04	-2.945586E-04	-2.544957E-04	-9.351149E-05	 2.656469E-05
0.56569	 7.918981E+00	-1.352803E+00	-3.194350E+00	-7.187735E-01	-3.640939E-01	 1.083347E-01	 1.139442E-01	 7.892200E-02	 3.654808E-02	 1.355894E-02	 3.491500E-03	 3.176548E-04	-3.092397E-04	-2.880226E-04	-1.141767E-04	 2.273886E-05
0.57009	 7.988291E+00	-1.323008E+00	-3.253615E+00	-7.572528E-01	-3.949935E-01	 1.043493E-01	 1.160606E-01	 8.330252E-02	 3.953910E-02	 1.510705E-02	 4.068764E-03	 4.570020E-04	-3.189724E-04	-3.237500E-04	-1.378040E-04	 1.747802E-05
0.57446	 8.059813E+00	-1.291091E+00	-3.313870E+00	-7.971080E-01	-4.275309E-01	 9.965399E-02	 1.179226E-01	 8.779598E-02	 4.270151E-02	 1.679450E-02	 4.721853E-03	 6.266805E-04	-3.224229E-04	-3.614674E-04	-1.646478E-04	 1.047763E-05
0.57879	 8.132728E+00	-1.258016E+00	-3.374753E+00	-8.373316E-01	-4.611328E-01	 9.427989E-02	 1.194549E-01	 9.233107E-02	 4.600035E-02	 1.861099E-02	 5.451216E-03	 8.301045E-04	-3.171041E-04	-4.004058E-04	-1.948394E-04	 1.578414E-06
0.58310	 8.206734E+00	-1.224284E+00	-3.436021E+00	-8.773965E-01	-4.956749E-01	 8.822983E-02	 1.206183E-01	 9.687925E-02	 4.942260E-02	 2.055580E-02	 6.260369E-03	 1.070547E-03	-3.013646E-04	-4.400058E-04	-2.283846E-04	-9.429896E-06
0.58737	 8.282316E+00	-1.189471E+00	-3.497715E+00	-9.176825E-01	-5.316190E-01	 8.141623E-02	 1.214042E-01	 1.014689E-01	 5.299206E-02	 2.264666E-02	 7.159408E-03	 1.352588E-03	-2.736774E-04	-4.799004E-04	-2.654743E-04	-2.293521E-05
0.59161	 8.358955E+00	-1.154275E+00	-3.559601E+00	-9.574770E-01	-5.686010E-01	 7.389082E-02	 1.217674E-01	 1.060474E-01	 5.667922E-02	 2.487415E-02	 8.148741E-03	 1.679679E-03	-2.313804E-04	-5.190460E-04	-3.060547E-04	-3.908646E-05
0.59582	 8.436619E+00	-1.118762E+00	-3.621651E+00	-9.966882E-01	-6.065803E-01	 6.565223E-02	 1.216819E-01	 1.105944E-01	 6.047502E-02	 2.723930E-02	 9.232727E-03	 2.055950E-03	-1.720080E-04	-5.564159E-04	-3.500240E-04	-5.810346E-05
0.60000	 8.515837E+00	-1.082347E+00	-3.683984E+00	-1.035843E+00	-6.459763E-01	 5.660700E-02	 1.211294E-01	 1.151318E-01	 6.440135E-02	 2.976030E-02	 1.042276E-02	 2.487442E-03	-9.301540E-05	-5.911777E-04	-3.974520E-04	-8.036620E-05
0.60415	 8.596084E+00	-1.045690E+00	-3.746453E+00	-1.074289E+00	-6.863327E-01	 4.684097E-02	 1.200727E-01	 1.195992E-01	 6.841966E-02	 3.242176E-02	 1.171686E-02	 2.977384E-03	 8.789845E-06	-6.217021E-04	-4.479147E-04	-1.058856E-04
0.60828	 8.677704E+00	-1.008398E+00	-3.809121E+00	-1.112365E+00	-7.279163E-01	 3.627860E-02	 1.184806E-01	 1.240024E-01	 7.254219E-02	 3.523763E-02	 1.312532E-02	 3.532113E-03	 1.365236E-04	-6.467473E-04	-5.012954E-04	-1.349893E-04
0.61237	 8.760416E+00	-9.707881E-01	-3.871938E+00	-1.149747E+00	-7.704349E-01	 2.497096E-02	 1.163225E-01	 1.282962E-01	 7.674041E-02	 3.819780E-02	 1.464832E-02	 4.155524E-03	 2.936752E-04	-6.643693E-04	-5.569845E-04	-1.676796E-04
0.61644	 8.844291E+00	-9.328415E-01	-3.934894E+00	-1.186435E+00	-8.139314E-01	 1.290548E-02	 1.135685E-01	 1.324660E-01	 8.100825E-02	 4.130485E-02	 1.629128E-02	 4.852935E-03	 4.837004E-04	-6.728436E-04	-6.145094E-04	-2.040656E-04
0.62048	 8.929534E+00	-8.942622E-01	-3.998050E+00	-1.222672E+00	-8.585187E-01	 2.865248E-05	 1.101818E-01	 1.365006E-01	 8.534574E-02	 4.456651E-02	 1.806257E-02	 5.630994E-03	 7.106713E-04	-6.701127E-04	-6.733034E-04	-2.443041E-04
0.62450	 9.015445E+00	-8.558355E-01	-4.061286E+00	-1.257728E+00	-9.035235E-01	-1.350424E-02	 1.061453E-01	 1.403239E-01	 8.969460E-02	 4.795294E-02	 1.995307E-02	 6.490851E-03	 9.781916E-04	-6.534688E-04	-7.321209E-04	-2.879973E-04
0.62849	 9.102489E+00	-8.170359E-01	-4.124673E+00	-1.292069E+00	-9.493250E-01	-2.778939E-02	 1.014251E-01	 1.439473E-01	 9.406973E-02	 5.148057E-02	 2.197520E-02	 7.440573E-03	 1.290555E-03	-6.208077E-04	-7.903086E-04	-3.352840E-04
0.63246	 9.190550E+00	-7.778722E-01	-4.188277E+00	-1.325695E+00	-9.956948E-01	-4.277580E-02	 9.601592E-02	 1.473315E-01	 9.843991E-02	 5.513470E-02	 2.412651E-02	 8.483680E-03	 1.652175E-03	-5.690025E-04	-8.464476E-04	-3.857644E-04
0.63640	 9.279809E+00	-7.382396E-01	-4.252101E+00	-1.358707E+00	-1.042783E+00	-5.847451E-02	 8.990316E-02	 1.504696E-01	 1.027982E-01	 5.891551E-02	 2.641124E-02	 9.625838E-03	 2.067504E-03	-4.953189E-04	-8.993603E-04	-4.391832E-04
0.64031	 9.370814E+00	-6.975230E-01	-4.316238E+00	-1.391648E+00	-1.091032E+00	-7.500268E-02	 8.305053E-02	 1.533727E-01	 1.071589E-01	 6.283908E-02	 2.884217E-02	 1.087640E-02	 2.542286E-03	-3.966045E-04	-9.478423E-04	-4.954189E-04
0.64420	 9.463269E+00	-6.559651E-01	-4.380707E+00	-1.424299E+00	-1.140079E+00	-9.227484E-02	 7.545823E-02	 1.559910E-01	 1.114793E-01	 6.688134E-02	 3.141152E-02	 1.223710E-02	 3.081177E-03	-2.689226E-04	-9.897962E-04	-5.536390E-04
0.64807	 9.557410E+00	-6.135153E-01	-4.445433E+00	-1.456678E+00	-1.190189E+00	-1.103477E-01	 6.707926E-02	 1.583228E-01	 1.157617E-01	 7.105105E-02	 3.412838E-02	 1.371598E-02	 3.689559E-03	-1.090447E-04	-1.023729E-03	-6.134768E-04
0.65192	 9.653087E+00	-5.702050E-01	-4.510448E+00	-1.488746E+00	-1.241131E+00	-1.291899E-01	 5.789461E-02	 1.603271E-01	 1.199741E-01	 7.533285E-02	 3.698964E-02	 1.531665E-02	 4.372652E-03	 8.730366E-05	-1.047286E-03	-6.740105E-04
0.65574	 9.749954E+00	-5.262107E-01	-4.575769E+00	-1.520342E+00	-1.292479E+00	-1.487210E-01	 4.790738E-02	 1.619520E-01	 1.240705E-01	 7.969933E-02	 3.998535E-02	 1.703976E-02	 5.134963E-03	 3.245829E-04	-1.057705E-03	-7.339579E-04
0.65955	 9.848070E+00	-4.817152E-01	-4.641297E+00	-1.551287E+00	-1.344352E+00	-1.689426E-01	 3.709627E-02	 1.631889E-01	 1.280384E-01	 8.414598E-02	 4.311679E-02	 1.889015E-02	 5.981337E-03	 6.066082E-04	-1.052698E-03	-7.923283E-04
0.66332	 9.947448E+00	-4.370158E-01	-4.706959E+00	-1.581312E+00	-1.396811E+00	-1.898171E-01	 2.546571E-02	 1.640297E-01	 1.318587E-01	 8.865975E-02	 4.637886E-02	 2.086932E-02	 6.915804E-03	 9.374632E-04	-1.029572E-03	-8.477947E-04
0.66708	 1.004855E+01	-3.919913E-01	-4.772691E+00	-1.610485E+00	-1.450367E+00	-2.114436E-01	 1.296991E-02	 1.644908E-01	 1.355435E-01	 9.325349E-02	 4.978108E-02	 2.298553E-02	 7.944598E-03	 1.321604E-03	-9.858190E-04	-8.993138E-04
0.67082	 1.015152E+01	-3.467802E-01	-4.838451E+00	-1.638648E+00	-1.505157E+00	-2.338352E-01	-4.292430E-04	 1.645616E-01	 1.390817E-01	 9.792517E-02	 5.332533E-02	 2.524395E-02	 9.073367E-03	 1.763802E-03	-9.185085E-04	-9.454881E-04
0.67454	 1.025582E+01	-3.018508E-01	-4.904280E+00	-1.665405E+00	-1.560564E+00	-2.568229E-01	-1.470501E-02	 1.641866E-01	 1.424150E-01	 1.026344E-01	 5.699148E-02	 2.763949E-02	 1.030458E-02	 2.268723E-03	-8.238914E-04	-9.840394E-04
0.67823	 1.036123E+01	-2.571881E-01	-4.970266E+00	-1.690787E+00	-1.616229E+00	-2.803325E-01	-2.984911E-02	 1.633253E-01	 1.455026E-01	 1.073544E-01	 6.076722E-02	 3.017043E-02	 1.164168E-02	 2.841221E-03	-6.981340E-04	-1.012647E-03
0.68191	 1.046790E+01	-2.125292E-01	-5.036465E+00	-1.715025E+00	-1.672215E+00	-3.043865E-01	-4.587929E-02	 1.619634E-01	 1.483291E-01	 1.120767E-01	 6.465012E-02	 3.283955E-02	 1.308945E-02	 3.486333E-03	-5.374586E-04	-1.029058E-03
0.68557	 1.057608E+01	-1.677969E-01	-5.102872E+00	-1.738188E+00	-1.728743E+00	-3.290065E-01	-6.281877E-02	 1.601000E-01	 1.508864E-01	 1.167972E-01	 6.863928E-02	 3.565007E-02	 1.465265E-02	 4.208989E-03	-3.381394E-04	-1.030966E-03
0.68920	 1.068611E+01	-1.227177E-01	-5.169506E+00	-1.760490E+00	-1.786090E+00	-3.542624E-01	-8.070891E-02	 1.577302E-01	 1.531688E-01	 1.215163E-01	 7.273707E-02	 3.860729E-02	 1.633736E-02	 5.014944E-03	-9.604084E-05	-1.015867E-03
0.69282	 1.079807E+01	-7.708507E-02	-5.236408E+00	-1.782091E+00	-1.844257E+00	-3.801809E-01	-9.957435E-02	 1.548294E-01	 1.551537E-01	 1.262214E-01	 7.693865E-02	 4.171322E-02	 1.814882E-02	 5.910196E-03	 1.935127E-04	-9.807667E-04
0.69642	 1.091146E+01	-3.160205E-02	-5.303578E+00	-1.802432E+00	-1.902717E+00	-4.065453E-01	-1.193529E-01	 1.513696E-01	 1.567888E-01	 1.308675E-01	 8.121596E-02	 4.495613E-02	 2.008547E-02	 6.898032E-03	 5.346827E-04	-9.222629E-04
0.70000	 1.102630E+01	 1.366608E-02	-5.371023E+00	-1.821462E+00	-1.961444E+00	-4.333260E-01	-1.400490E-01	 1.473392E-01	 1.580519E-01	 1.354384E-01	 8.555950E-02	 4.833400E-02	 2.214963E-02	 7.982982E-03	 9.318423E-04	-8.371043E-04
0.70356	 1.114298E+01	 5.924338E-02	-5.438761E+00	-1.839579E+00	-2.020760E+00	-4.606607E-01	-1.617290E-01	 1.427252E-01	 1.589387E-01	 1.399382E-01	 8.997457E-02	 5.185389E-02	 2.434850E-02	 9.171877E-03	 1.390170E-03	-7.218943E-04
0.70711	 1.126115E+01	 1.044833E-01	-5.506817E+00	-1.856299E+00	-2.080292E+00	-4.883386E-01	-1.843137E-01	 1.375217E-01	 1.594072E-01	 1.443244E-01	 9.443095E-02	 5.550095E-02	 2.667813E-02	 1.046689E-02	 1.913742E-03	-5.727372E-04
0.71063	 1.138124E+01	 1.497512E-01	-5.575189E+00	-1.871892E+00	-2.140408E+00	-5.164735E-01	-2.078657E-01	 1.317241E-01	 1.594542E-01	 1.486006E-01	 9.893217E-02	 5.928058E-02	 2.914443E-02	 1.187427E-02	 2.507720E-03	-3.859131E-04
0.71414	 1.150373E+01	 1.956322E-01	-5.643876E+00	-1.886780E+00	-2.201515E+00	-5.452427E-01	-2.324806E-01	 1.253120E-01	 1.590736E-01	 1.527741E-01	 1.034866E-01	 6.320248E-02	 3.175641E-02	 1.340217E-02	 3.178270E-03	-1.572301E-04
0.71764	 1.162788E+01	 2.410431E-01	-5.712970E+00	-1.900181E+00	-2.262830E+00	-5.742576E-01	-2.579844E-01	 1.182882E-01	 1.582070E-01	 1.567759E-01	 1.080416E-01	 6.723624E-02	 3.450150E-02	 1.504902E-02	 3.928631E-03	 1.178123E-04
0.72111	 1.175442E+01	 2.868013E-01	-5.782440E+00	-1.912681E+00	-2.325019E+00	-6.037888E-01	-2.845220E-01	 1.106353E-01	 1.568604E-01	 1.606280E-01	 1.126154E-01	 7.139706E-02	 3.739101E-02	 1.682389E-02	 4.765399E-03	 4.436881E-04
0.72457	 1.188391E+01	 3.335088E-01	-5.852249E+00	-1.924684E+00	-2.388558E+00	-6.340453E-01	-3.122213E-01	 1.023235E-01	 1.550249E-01	 1.643396E-01	 1.172186E-01	 7.569685E-02	 4.043556E-02	 1.873628E-02	 5.695849E-03	 8.255378E-04
0.72801	 1.201532E+01	 3.797262E-01	-5.922563E+00	-1.935184E+00	-2.452375E+00	-6.644905E-01	-3.408221E-01	 9.337676E-02	 1.526371E-01	 1.678241E-01	 1.217801E-01	 8.009038E-02	 4.361319E-02	 2.077979E-02	 6.721504E-03	 1.267950E-03
0.73144	 1.214971E+01	 4.267433E-01	-5.993282E+00	-1.945069E+00	-2.517430E+00	-6.955727E-01	-3.705751E-01	 8.374884E-02	 1.497048E-01	 1.711201E-01	 1.263345E-01	 8.460564E-02	 4.694313E-02	 2.296808E-02	 7.851437E-03	 1.776675E-03
0.73485	 1.228738E+01	 4.748886E-01	-6.064379E+00	-1.954535E+00	-2.583965E+00	-7.274099E-01	-4.015727E-01	 7.340511E-02	 1.462035E-01	 1.742210E-01	 1.308803E-01	 8.924682E-02	 5.043215E-02	 2.530943E-02	 9.093168E-03	 2.357797E-03
0.73824	 1.242710E+01	 5.223957E-01	-6.136100E+00	-1.962386E+00	-2.650668E+00	-7.593238E-01	-4.334618E-01	 6.240204E-02	 1.420741E-01	 1.770270E-01	 1.353291E-01	 9.395331E-02	 5.404720E-02	 2.779082E-02	 1.044528E-02	 3.015298E-03
0.74162	 1.257037E+01	 5.711624E-01	-6.208223E+00	-1.969877E+00	-2.718971E+00	-7.920164E-01	-4.666517E-01	 5.065032E-02	 1.373226E-01	 1.796001E-01	 1.397403E-01	 9.877312E-02	 5.782060E-02	 3.043376E-02	 1.192098E-02	 3.756916E-03
0.74498	 1.271731E+01	 6.212399E-01	-6.280755E+00	-1.977005E+00	-2.788900E+00	-8.255022E-01	-5.011789E-01	 3.812086E-02	 1.319126E-01	 1.819164E-01	 1.440970E-01	 1.036999E-01	 6.175312E-02	 3.324392E-02	 1.352734E-02	 4.589488E-03
0.74833	 1.286649E+01	 6.705220E-01	-6.354037E+00	-1.982393E+00	-2.858973E+00	-8.589630E-01	-5.365833E-01	 2.491770E-02	 1.257986E-01	 1.838671E-01	 1.482950E-01	 1.086565E-01	 6.579885E-02	 3.619996E-02	 1.525870E-02	 5.515584E-03
0.75166	 1.302022E+01	 7.216879E-01	-6.427645E+00	-1.987714E+00	-2.931397E+00	-8.934725E-01	-5.735292E-01	 1.088235E-02	 1.189774E-01	 1.855477E-01	 1.524301E-01	 1.137231E-01	 7.001208E-02	 3.933713E-02	 1.713572E-02	 6.546570E-03
0.75498	 1.317863E+01	 7.748062E-01	-6.501585E+00	-1.992954E+00	-3.006229E+00	-9.290613E-01	-6.120673E-01	-4.023628E-03	 1.114029E-01	 1.869287E-01	 1.564816E-01	 1.188914E-01	 7.439324E-02	 4.266183E-02	 1.916674E-02	 7.690761E-03
0.75829	 1.333988E+01	 8.271331E-01	-6.576380E+00	-1.996375E+00	-3.081501E+00	-9.646345E-01	-6.515418E-01	-1.962881E-02	 1.030432E-01	 1.878782E-01	 1.603140E-01	 1.240549E-01	 7.887472E-02	 4.613891E-02	 2.133884E-02	 8.948010E-03
0.76158	 1.350679E+01	 8.817819E-01	-6.651398E+00	-1.999789E+00	-3.159969E+00	-1.001543E+00	-6.928579E-01	-3.617390E-02	 9.386334E-02	 1.885084E-01	 1.640489E-01	 1.293210E-01	 8.353165E-02	 4.981815E-02	 2.368156E-02	 1.033470E-02
0.76485	 1.367982E+01	 9.391913E-01	-6.726564E+00	-2.003362E+00	-3.241961E+00	-1.039984E+00	-7.361957E-01	-5.374548E-02	 8.379867E-02	 1.887962E-01	 1.676762E-01	 1.346934E-01	 8.837379E-02	 5.371300E-02	 2.620797E-02	 1.186228E-02
0.76811	 1.385618E+01	 9.956288E-01	-6.802733E+00	-2.004844E+00	-3.324527E+00	-1.078378E+00	-7.805411E-01	-7.206020E-02	 7.284233E-02	 1.885698E-01	 1.710077E-01	 1.400146E-01	 9.329585E-02	 5.776369E-02	 2.889173E-02	 1.352481E-02
0.77136	 1.403878E+01	 1.054024E+00	-6.879179E+00	-2.005804E+00	-3.410474E+00	-1.118095E+00	-8.268851E-01	-9.140281E-02	 6.092163E-02	 1.879288E-01	 1.741610E-01	 1.453961E-01	 9.837855E-02	 6.202608E-02	 3.176752E-02	 1.534269E-02
0.77460	 1.422923E+01	 1.115939E+00	-6.955492E+00	-2.006973E+00	-3.501265E+00	-1.159885E+00	-8.758349E-01	-1.119889E-01	 4.793712E-02	 1.868923E-01	 1.771772E-01	 1.508907E-01	 1.036675E-01	 6.653782E-02	 3.486276E-02	 1.733529E-02
0.77782	 1.442420E+01	 1.177172E+00	-7.032793E+00	-2.005942E+00	-3.593361E+00	-1.201879E+00	-9.261321E-01	-1.334422E-01	 3.392066E-02	 1.852758E-01	 1.798384E-01	 1.563060E-01	 1.090280E-01	 7.121806E-02	 3.813835E-02	 1.949028E-02
0.78102	 1.462566E+01	 1.239713E+00	-7.110526E+00	-2.003676E+00	-3.688588E+00	-1.245031E+00	-9.785466E-01	-1.560223E-01	 1.876543E-02	 1.831220E-01	 1.822111E-01	 1.617162E-01	 1.145180E-01	 7.611087E-02	 4.162460E-02	 2.182791E-02
0.78422	 1.483531E+01	 1.305391E+00	-7.188157E+00	-2.001006E+00	-3.788456E+00	-1.290203E+00	-1.033813E+00	-1.800186E-01	 2.324421E-03	 1.804390E-01	 1.843382E-01	 1.671843E-01	 1.201927E-01	 8.126277E-02	 4.535598E-02	 2.437272E-02
0.78740	 1.504925E+01	 1.369478E+00	-7.267148E+00	-1.995436E+00	-3.888859E+00	-1.335167E+00	-1.090324E+00	-2.048917E-01	-1.528342E-02	 1.770474E-01	 1.859755E-01	 1.724752E-01	 1.258767E-01	 8.655999E-02	 4.927119E-02	 2.709940E-02
0.79057	 1.527038E+01	 1.434899E+00	-7.346601E+00	-1.988366E+00	-3.992515E+00	-1.381332E+00	-1.149234E+00	-2.310439E-01	-3.423516E-02	 1.730034E-01	 1.872230E-01	 1.777047E-01	 1.316605E-01	 9.207042E-02	 5.341585E-02	 3.003740E-02
0.79373	 1.550100E+01	 1.504451E+00	-7.425637E+00	-1.981026E+00	-4.101490E+00	-1.429996E+00	-1.211648E+00	-2.589638E-01	-5.480332E-02	 1.682918E-01	 1.881404E-01	 1.829775E-01	 1.376397E-01	 9.787463E-02	 5.784856E-02	 3.322683E-02
0.79687	 1.573316E+01	 1.568910E+00	-7.507553E+00	-1.968995E+00	-4.207669E+00	-1.476653E+00	-1.273911E+00	-2.873144E-01	-7.653010E-02	 1.626496E-01	 1.882906E-01	 1.878250E-01	 1.434441E-01	 1.037126E-01	 6.241351E-02	 3.658782E-02
0.80000	 1.597388E+01	 1.633684E+00	-7.590512E+00	-1.954675E+00	-4.317856E+00	-1.524217E+00	-1.338298E+00	-3.167750E-01	-9.969413E-02	 1.562241E-01	 1.878882E-01	 1.924828E-01	 1.492559E-01	 1.097177E-01	 6.719728E-02	 4.017410E-02
0.80312	 1.623794E+01	 1.712465E+00	-7.669360E+00	-1.943745E+00	-4.446305E+00	-1.579843E+00	-1.410851E+00	-3.496213E-01	-1.253853E-01	 1.491806E-01	 1.874106E-01	 1.975811E-01	 1.556167E-01	 1.163136E-01	 7.248650E-02	 4.416563E-02
0.80623	 1.651647E+01	 1.794288E+00	-7.748279E+00	-1.930889E+00	-4.583691E+00	-1.638215E+00	-1.487248E+00	-3.842439E-01	-1.530377E-01	 1.412165E-01	 1.863256E-01	 2.025425E-01	 1.620708E-01	 1.231808E-01	 7.808968E-02	 4.846519E-02
0.80932	 1.680904E+01	 1.876880E+00	-7.828107E+00	-1.914669E+00	-4.729129E+00	-1.698498E+00	-1.566924E+00	-4.203833E-01	-1.826183E-01	 1.322557E-01	 1.845009E-01	 2.072387E-01	 1.685162E-01	 1.302534E-01	 8.397257E-02	 5.306201E-02
0.81240	 1.713188E+01	 1.975281E+00	-7.902404E+00	-1.900522E+00	-4.897814E+00	-1.768773E+00	-1.657351E+00	-4.610851E-01	-2.157719E-01	 1.222925E-01	 1.823741E-01	 2.123777E-01	 1.755967E-01	 1.380635E-01	 9.051238E-02	 5.820546E-02
0.81548	 1.747700E+01	 2.080449E+00	-7.974775E+00	-1.884081E+00	-5.081123E+00	-1.844514E+00	-1.755019E+00	-5.050998E-01	-2.520909E-01	 1.110524E-01	 1.794754E-01	 2.174613E-01	 1.829164E-01	 1.463352E-01	 9.754567E-02	 6.381508E-02
0.81854	 1.783408E+01	 2.181295E+00	-8.050032E+00	-1.860602E+00	-5.268386E+00	-1.920039E+00	-1.855072E+00	-5.505132E-01	-2.907091E-01	 9.839167E-02	 1.753487E-01	 2.219079E-01	 1.899700E-01	 1.546830E-01	 1.048190E-01	 6.974249E-02
0.82158	 1.821728E+01	 2.290008E+00	-8.122520E+00	-1.834035E+00	-5.472634E+00	-2.002071E+00	-1.964026E+00	-6.000179E-01	-3.331998E-01	 8.418845E-02	 1.702567E-01	 2.262587E-01	 1.972691E-01	 1.635510E-01	 1.126611E-01	 7.621705E-02
0.82462	 1.863416E+01	 2.411514E+00	-8.189499E+00	-1.805175E+00	-5.700176E+00	-2.093570E+00	-2.085309E+00	-6.551070E-01	-3.806204E-01	 6.819110E-02	 1.641410E-01	 2.306661E-01	 2.050011E-01	 1.731421E-01	 1.212456E-01	 8.338085E-02
0.82765	 1.907498E+01	 2.535267E+00	-8.255771E+00	-1.769632E+00	-5.940720E+00	-2.188963E+00	-2.214255E+00	-7.139340E-01	-4.321511E-01	 5.025311E-02	 1.565245E-01	 2.345326E-01	 2.126436E-01	 1.830592E-01	 1.303125E-01	 9.108413E-02
0.83066	 1.953885E+01	 2.660570E+00	-8.321735E+00	-1.726825E+00	-6.192541E+00	-2.287664E+00	-2.350780E+00	-7.766436E-01	-4.880632E-01	 3.016474E-02	 1.471899E-01	 2.377151E-01	 2.200920E-01	 1.932533E-01	 1.398478E-01	 9.933804E-02
0.83367	 2.003156E+01	 2.792266E+00	-8.384778E+00	-1.677777E+00	-6.460181E+00	-2.392189E+00	-2.497986E+00	-8.447214E-01	-5.494667E-01	 7.594110E-03	 1.360022E-01	 2.403120E-01	 2.274839E-01	 2.038937E-01	 1.500040E-01	 1.082731E-01
0.83666	 2.055080E+01	 2.926598E+00	-8.446434E+00	-1.620571E+00	-6.740440E+00	-2.500580E+00	-2.654675E+00	-9.177024E-01	-6.163346E-01	-1.762570E-02	 1.226621E-01	 2.420447E-01	 2.345770E-01	 2.148152E-01	 1.606817E-01	 1.178457E-01
0.83964	 2.109369E+01	 3.060205E+00	-8.508482E+00	-1.553770E+00	-7.029703E+00	-2.610879E+00	-2.819329E+00	-9.950250E-01	-6.885481E-01	-4.564481E-02	 1.068783E-01	 2.426266E-01	 2.411138E-01	 2.258364E-01	 1.717660E-01	 1.279985E-01
0.84261	 2.166343E+01	 3.194554E+00	-8.570143E+00	-1.477263E+00	-7.330013E+00	-2.723876E+00	-2.993135E+00	-1.077269E+00	-7.667100E-01	-7.673550E-02	 8.840818E-02	 2.419594E-01	 2.470301E-01	 2.369545E-01	 1.832788E-01	 1.387744E-01
0.84558	 2.226736E+01	 3.332274E+00	-8.629150E+00	-1.390388E+00	-7.647016E+00	-2.841599E+00	-3.178998E+00	-1.165667E+00	-8.519512E-01	-1.112831E-01	 6.697190E-02	 2.400215E-01	 2.523518E-01	 2.482655E-01	 1.953241E-01	 1.502837E-01
0.84853	 2.291166E+01	 3.474655E+00	-8.683834E+00	-1.291883E+00	-7.984978E+00	-2.965314E+00	-3.379274E+00	-1.261253E+00	-9.453545E-01	-1.497244E-01	 4.218694E-02	 2.366901E-01	 2.570174E-01	 2.598046E-01	 2.079660E-01	 1.626164E-01
0.85147	 2.359862E+01	 3.621422E+00	-8.733992E+00	-1.180598E+00	-8.344483E+00	-3.094855E+00	-3.594702E+00	-1.364484E+00	-1.047616E+00	-1.924763E-01	 1.359362E-02	 2.316924E-01	 2.608142E-01	 2.714769E-01	 2.211692E-01	 1.757927E-01
0.85440	 2.432839E+01	 3.770949E+00	-8.780253E+00	-1.055218E+00	-8.724046E+00	-3.229111E+00	-3.825150E+00	-1.475427E+00	-1.159182E+00	-2.398970E-01	-1.928501E-02	 2.246905E-01	 2.634469E-01	 2.831104E-01	 2.348325E-01	 1.897830E-01
0.85732	 2.510171E+01	 3.921762E+00	-8.822859E+00	-9.143345E-01	-9.122604E+00	-3.367105E+00	-4.070905E+00	-1.594302E+00	-1.280642E+00	-2.923687E-01	-5.694451E-02	 2.153635E-01	 2.646282E-01	 2.945466E-01	 2.488600E-01	 2.045628E-01
0.86023	 2.591923E+01	 4.073009E+00	-8.861856E+00	-7.569001E-01	-9.538960E+00	-3.507966E+00	-4.332367E+00	-1.721420E+00	-1.412662E+00	-3.503198E-01	-9.992146E-02	 2.033709E-01	 2.640488E-01	 3.056161E-01	 2.631454E-01	 2.201020E-01
0.86313	 2.677893E+01	 4.221841E+00	-8.898789E+00	-5.816730E-01	-9.969553E+00	-3.649615E+00	-4.608422E+00	-1.856366E+00	-1.555363E+00	-4.140032E-01	-1.487063E-01	 1.883032E-01	 2.612942E-01	 3.160370E-01	 2.774776E-01	 2.362864E-01
0.86603	 2.767826E+01	 4.363459E+00	-8.936127E+00	-3.868500E-01	-1.041047E+01	-3.789225E+00	-4.897179E+00	-1.998152E+00	-1.708442E+00	-4.834452E-01	-2.036858E-01	 1.697601E-01	 2.559048E-01	 3.254594E-01	 2.915688E-01	 2.529346E-01
0.86891	 2.862146E+01	 4.498324E+00	-8.972723E+00	-1.715248E-01	-1.086375E+01	-3.926825E+00	-5.200261E+00	-2.147435E+00	-1.872865E+00	-5.590944E-01	-2.654309E-01	 1.474356E-01	 2.475724E-01	 3.337280E-01	 3.052998E-01	 2.700107E-01
0.87178	 2.961669E+01	 4.632049E+00	-9.004294E+00	 6.391639E-02	-1.133453E+01	-4.064549E+00	-5.522004E+00	-2.306421E+00	-2.050871E+00	-6.419846E-01	-3.348609E-01	 1.209710E-01	 2.360269E-01	 3.408105E-01	 3.186803E-01	 2.876106E-01
0.87464	 3.066079E+01	 4.763194E+00	-9.032349E+00	 3.191112E-01	-1.181818E+01	-4.199961E+00	-5.860940E+00	-2.474546E+00	-2.242503E+00	-7.323698E-01	-4.125499E-01	 8.985549E-02	 2.207043E-01	 3.463005E-01	 3.313618E-01	 3.055195E-01
0.87750	 3.174091E+01	 4.883729E+00	-9.063715E+00	 5.938628E-01	-1.230203E+01	-4.326885E+00	-6.210472E+00	-2.648737E+00	-2.445706E+00	-8.296463E-01	-4.985756E-01	 5.360817E-02	 2.009158E-01	 3.495557E-01	 3.427353E-01	 3.232733E-01
0.88034	 3.284428E+01	 4.982307E+00	-9.106832E+00	 8.886181E-01	-1.277430E+01	-4.438209E+00	-6.562806E+00	-2.824812E+00	-2.657408E+00	-9.325301E-01	-5.925338E-01	 1.198227E-02	 1.760740E-01	 3.499204E-01	 3.521167E-01	 3.403085E-01
0.88318	 3.397725E+01	 5.062991E+00	-9.159003E+00	 1.200958E+00	-1.324025E+01	-4.534559E+00	-6.920233E+00	-3.003369E+00	-2.878321E+00	-1.041143E+00	-6.947100E-01	-3.515922E-02	 1.459155E-01	 3.472018E-01	 3.592599E-01	 3.564553E-01
0.88600	 3.517085E+01	 5.162596E+00	-9.195728E+00	 1.522309E+00	-1.372384E+01	-4.629935E+00	-7.303092E+00	-3.195725E+00	-3.118652E+00	-1.160379E+00	-8.084457E-01	-8.874948E-02	 1.102092E-01	 3.419822E-01	 3.648721E-01	 3.725667E-01
0.88882	 3.639777E+01	 5.286990E+00	-9.224785E+00	 1.839171E+00	-1.420204E+01	-4.718245E+00	-7.700140E+00	-3.398137E+00	-3.375091E+00	-1.289786E+00	-9.338032E-01	-1.496401E-01	 6.793769E-02	 3.332809E-01	 3.680461E-01	 3.879372E-01
0.89163	 3.757601E+01	 5.392379E+00	-9.295929E+00	 2.139313E+00	-1.461277E+01	-4.770730E+00	-8.063724E+00	-3.586650E+00	-3.624811E+00	-1.419278E+00	-1.063918E+00	-2.165671E-01	 1.860412E-02	 3.189065E-01	 3.661810E-01	 3.998618E-01
0.89443	 3.873271E+01	 5.481551E+00	-9.396009E+00	 2.427065E+00	-1.497963E+01	-4.790892E+00	-8.406155E+00	-3.765586E+00	-3.872680E+00	-1.550192E+00	-1.199656E+00	-2.891262E-01	-3.728835E-02	 2.995594E-01	 3.597933E-01	 4.087932E-01
0.89722	 3.995844E+01	 5.618708E+00	-9.459894E+00	 2.696250E+00	-1.537423E+01	-4.804853E+00	-8.781005E+00	-3.960127E+00	-4.146009E+00	-1.694827E+00	-1.350658E+00	-3.699235E-01	-1.006061E-01	 2.768220E-01	 3.509526E-01	 4.172958E-01
0.90000	 4.119430E+01	 5.953701E+00	-9.474851E+00	 2.844326E+00	-1.576223E+01	-4.840612E+00	-9.173950E+00	-4.177014E+00	-4.441001E+00	-1.857933E+00	-1.518198E+00	-4.628261E-01	-1.741100E-01	 2.478851E-01	 3.377445E-01	 4.238949E-01
0.90277	 4.233761E+01	 6.550191E+00	-9.480767E+00	 2.805426E+00	-1.607279E+01	-4.903908E+00	-9.536140E+00	-4.403841E+00	-4.733384E+00	-2.033536E+00	-1.694649E+00	-5.681960E-01	-2.585260E-01	 2.095101E-01	 3.171086E-01	 4.252298E-01
0.90554	 4.348109E+01	 7.191424E+00	-9.486317E+00	 2.725957E+00	-1.635939E+01	-4.949724E+00	-9.892428E+00	-4.629327E+00	-5.031836E+00	-2.216286E+00	-1.881167E+00	-6.821894E-01	-3.518761E-01	 1.644181E-01	 2.906606E-01	 4.228228E-01
0.90830	 4.469703E+01	 7.734646E+00	-9.487780E+00	 2.704875E+00	-1.666346E+01	-4.947958E+00	-1.026723E+01	-4.848277E+00	-5.347003E+00	-2.404117E+00	-2.080808E+00	-8.027845E-01	-4.535184E-01	 1.145306E-01	 2.596178E-01	 4.180985E-01
0.91104	 4.585560E+01	 8.338409E+00	-9.514116E+00	 2.617127E+00	-1.689980E+01	-4.927667E+00	-1.061033E+01	-5.056883E+00	-5.655102E+00	-2.594031E+00	-2.285589E+00	-9.309740E-01	-5.639948E-01	 5.659188E-02	 2.212565E-01	 4.078288E-01
0.91378	 4.685421E+01	 9.098700E+00	-9.597344E+00	 2.373899E+00	-1.700465E+01	-4.904270E+00	-1.087803E+01	-5.246385E+00	-5.933114E+00	-2.780013E+00	-2.485917E+00	-1.065141E+00	-6.817706E-01	-1.083515E-02	 1.741621E-01	 3.896656E-01
0.91652	 4.776891E+01	 9.885655E+00	-9.725834E+00	 2.059657E+00	-1.703069E+01	-4.849866E+00	-1.109725E+01	-5.411105E+00	-6.191862E+00	-2.959610E+00	-2.684010E+00	-1.202179E+00	-8.051605E-01	-8.483903E-02	 1.203978E-01	 3.656615E-01
0.91924	 4.866295E+01	 1.067988E+01	-9.873170E+00	 1.706451E+00	-1.702459E+01	-4.767721E+00	-1.129589E+01	-5.558837E+00	-6.444704E+00	-3.137073E+00	-2.884416E+00	-1.342634E+00	-9.346466E-01	-1.645859E-01	 6.081294E-02	 3.369716E-01
0.92195	 4.951203E+01	 1.163177E+01	-1.002295E+01	 1.238639E+00	-1.697453E+01	-4.700552E+00	-1.147096E+01	-5.705417E+00	-6.693144E+00	-3.320847E+00	-3.088654E+00	-1.490634E+00	-1.072257E+00	-2.525232E-01	-5.869325E-03	 3.023950E-01
0.92466	 5.027439E+01	 1.273496E+01	-1.020676E+01	 6.399578E-01	-1.685497E+01	-4.645925E+00	-1.159554E+01	-5.837596E+00	-6.922116E+00	-3.503603E+00	-3.289391E+00	-1.642978E+00	-1.215715E+00	-3.481201E-01	-7.968008E-02	 2.612386E-01
0.92736	 5.093592E+01	 1.386111E+01	-1.047910E+01	-3.411021E-02	-1.666061E+01	-4.577652E+00	-1.164101E+01	-5.930520E+00	-7.111003E+00	-3.670181E+00	-3.475060E+00	-1.791898E+00	-1.359490E+00	-4.481708E-01	-1.590834E-01	 2.139333E-01
0.93005	 5.159872E+01	 1.488847E+01	-1.083857E+01	-6.898671E-01	-1.647026E+01	-4.484977E+00	-1.163073E+01	-5.979026E+00	-7.265209E+00	-3.816680E+00	-3.645997E+00	-1.934138E+00	-1.501555E+00	-5.499566E-01	-2.424909E-01	 1.622890E-01
0.93274	 5.258434E+01	 1.592134E+01	-1.110595E+01	-1.249379E+00	-1.649929E+01	-4.429713E+00	-1.171458E+01	-6.048706E+00	-7.471424E+00	-3.987631E+00	-3.847213E+00	-2.091688E+00	-1.659763E+00	-6.604388E-01	-3.338131E-01	 1.078959E-01
0.93541	 5.427922E+01	 1.736112E+01	-1.099688E+01	-1.724136E+00	-1.698101E+01	-4.550893E+00	-1.209597E+01	-6.260734E+00	-7.861794E+00	-4.266972E+00	-4.154612E+00	-2.311050E+00	-1.870942E+00	-8.002986E-01	-4.463395E-01	 4.673848E-02
0.93808	 5.684585E+01	 1.937996E+01	-1.039030E+01	-2.084676E+00	-1.797183E+01	-4.904187E+00	-1.286025E+01	-6.670330E+00	-8.500196E+00	-4.699212E+00	-4.612974E+00	-2.623661E+00	-2.162297E+00	-9.877515E-01	-5.943540E-01	-2.914565E-02
0.94074	 5.998340E+01	 2.134486E+01	-9.593219E+00	-2.159213E+00	-1.924503E+01	-5.297217E+00	-1.382243E+01	-7.131336E+00	-9.259286E+00	-5.190640E+00	-5.156022E+00	-2.987134E+00	-2.506739E+00	-1.208494E+00	-7.737674E-01	-1.217068E-01
0.94340	 6.327389E+01	 2.263038E+01	-8.995119E+00	-1.860496E+00	-2.052726E+01	-5.538183E+00	-1.474139E+01	-7.476488E+00	-9.971266E+00	-5.622587E+00	-5.686826E+00	-3.338739E+00	-2.857842E+00	-1.435240E+00	-9.697502E-01	-2.265799E-01
0.94604	 6.674577E+01	 2.352138E+01	-8.560226E+00	-1.292652E+00	-2.182196E+01	-5.711835E+00	-1.563309E+01	-7.752388E+00	-1.065498E+01	-6.020182E+00	-6.217729E+00	-3.692837E+00	-3.224399E+00	-1.676160E+00	-1.187521E+00	-3.475765E-01
0.94868	 7.099991E+01	 2.447753E+01	-7.893976E+00	-4.347934E-01	-2.349551E+01	-5.969788E+00	-1.678667E+01	-8.106928E+00	-1.148996E+01	-6.486816E+00	-6.851432E+00	-4.111140E+00	-3.660247E+00	-1.963578E+00	-1.451663E+00	-4.959047E-01
0.95131	 7.709679E+01	 2.593646E+01	-6.226860E+00	 1.022215E+00	-2.607104E+01	-6.432198E+00	-1.874713E+01	-8.786302E+00	-1.285668E+01	-7.228734E+00	-7.824536E+00	-4.731297E+00	-4.296016E+00	-2.373184E+00	-1.824260E+00	-7.000504E-01
0.95394	 8.496775E+01	 2.769985E+01	-3.627726E+00	 3.152365E+00	-2.939740E+01	-6.987345E+00	-2.146058E+01	-9.739895E+00	-1.473957E+01	-8.221370E+00	-9.142731E+00	-5.558805E+00	-5.151859E+00	-2.924327E+00	-2.330329E+00	-9.809864E-01
0.95656	 9.321979E+01	 2.891603E+01	-1.245682E+00	 5.645089E+00	-3.268209E+01	-7.364638E+00	-2.416393E+01	-1.058757E+01	-1.660690E+01	-9.144795E+00	-1.047767E+01	-6.397051E+00	-6.057823E+00	-3.525072E+00	-2.905060E+00	-1.318465E+00
0.95917	 1.015843E+02	 2.916713E+01	 6.107547E-01	 8.576599E+00	-3.571023E+01	-7.450076E+00	-2.670533E+01	-1.124801E+01	-1.836364E+01	-9.925741E+00	-1.176100E+01	-7.191500E+00	-6.966984E+00	-4.143325E+00	-3.525159E+00	-1.700481E+00
0.96177	 1.111514E+02	 2.840297E+01	 2.639984E+00	 1.244985E+01	-3.895040E+01	-7.194660E+00	-2.961205E+01	-1.189899E+01	-2.039928E+01	-1.073827E+01	-1.323377E+01	-8.058672E+00	-8.006248E+00	-4.844891E+00	-4.252840E+00	-2.154686E+00
0.96437	 1.223655E+02	 2.694880E+01	 5.136535E+00	 1.724471E+01	-4.259757E+01	-6.633653E+00	-3.305771E+01	-1.261315E+01	-2.285089E+01	-1.164724E+01	-1.498893E+01	-9.045854E+00	-9.234332E+00	-5.670951E+00	-5.129777E+00	-2.711704E+00
0.96695	 1.349038E+02	 2.537562E+01	 7.969322E+00	 2.254725E+01	-4.642930E+01	-5.874147E+00	-3.685932E+01	-1.338426E+01	-2.563061E+01	-1.263430E+01	-1.699048E+01	-1.013945E+01	-1.064160E+01	-6.628917E+00	-6.164075E+00	-3.391335E+00
0.96954	 1.485121E+02	 2.335156E+01	 1.081070E+01	 2.831306E+01	-5.025091E+01	-4.798339E+00	-4.081293E+01	-1.409117E+01	-2.861867E+01	-1.361114E+01	-1.917526E+01	-1.127698E+01	-1.218582E+01	-7.685828E+00	-7.334515E+00	-4.185527E+00
0.97211	 1.636161E+02	 1.996139E+01	 1.353954E+01	 3.495158E+01	-5.425248E+01	-3.143018E+00	-4.495905E+01	-1.461367E+01	-3.183316E+01	-1.450973E+01	-2.156340E+01	-1.241192E+01	-1.386272E+01	-8.815441E+00	-8.633163E+00	-5.083575E+00
0.97468	 1.817361E+02	 1.529662E+01	 1.712253E+01	 4.303696E+01	-5.906360E+01	-8.093786E-01	-4.990461E+01	-1.513350E+01	-3.573575E+01	-1.553220E+01	-2.449419E+01	-1.369714E+01	-1.588376E+01	-1.013883E+01	-1.018723E+01	-6.168220E+00
0.97724	 2.045618E+02	 9.837926E+00	 2.301536E+01	 5.300821E+01	-6.518789E+01	 2.399223E+00	-5.639131E+01	-1.584287E+01	-4.095162E+01	-1.695036E+01	-2.845828E+01	-1.535432E+01	-1.858330E+01	-1.184642E+01	-1.220858E+01	-7.585038E+00
0.97980	 2.311168E+02	 3.587188E+00	 3.063214E+01	 6.419008E+01	-7.189405E+01	 6.687341E+00	-6.387761E+01	-1.645809E+01	-4.715119E+01	-1.858315E+01	-3.331996E+01	-1.724375E+01	-2.191821E+01	-1.386740E+01	-1.467256E+01	-9.329072E+00
0.98234	 2.581724E+02	-3.631368E+00	 3.723180E+01	 7.492531E+01	-7.781711E+01	 1.185195E+01	-7.078230E+01	-1.645958E+01	-5.306631E+01	-1.988152E+01	-3.821842E+01	-1.886065E+01	-2.535559E+01	-1.580391E+01	-1.721579E+01	-1.115337E+01
0.98489	 2.864249E+02	-1.167994E+01	 4.328487E+01	 8.534587E+01	-8.294911E+01	 1.800517E+01	-7.737718E+01	-1.583394E+01	-5.894155E+01	-2.098664E+01	-4.336568E+01	-2.030811E+01	-2.908909E+01	-1.769671E+01	-1.994278E+01	-1.307816E+01
0.98742	 3.184112E+02	-2.094770E+01	 5.050566E+01	 9.635629E+01	-8.797667E+01	 2.562144E+01	-8.465921E+01	-1.454988E+01	-6.556521E+01	-2.214985E+01	-4.934617E+01	-2.184666E+01	-3.358163E+01	-1.972862E+01	-2.316267E+01	-1.523151E+01
0.98995	 3.538063E+02	-3.136954E+01	 5.805097E+01	 1.074322E+02	-9.255905E+01	 3.455213E+01	-9.217793E+01	-1.230273E+01	-7.258506E+01	-2.314910E+01	-5.589984E+01	-2.335561E+01	-3.875393E+01	-2.178732E+01	-2.686945E+01	-1.753336E+01
0.99247	 3.918482E+02	-4.237462E+01	 6.433341E+01	 1.177041E+02	-9.624254E+01	 4.418003E+01	-9.917325E+01	-8.791768E+00	-7.940877E+01	-2.367464E+01	-6.251878E+01	-2.470201E+01	-4.433109E+01	-2.373438E+01	-3.096406E+01	-1.982864E+01
0.99499	 4.367373E+02	-5.500752E+01	 7.087551E+01	 1.283760E+02	-9.961527E+01	 5.527996E+01	-1.064155E+02	-3.296297E+00	-8.679775E+01	-2.415329E+01	-6.984655E+01	-2.618971E+01	-5.103797E+01	-2.567912E+01	-3.600268E+01	-2.222114E+01
0.99750	 4.928834E+02	-6.990508E+01	 7.833436E+01	 1.398659E+02	-1.033205E+02	 6.846924E+01	-1.143358E+02	 4.849826E+00	-9.521612E+01	-2.484068E+01	-7.796539E+01	-2.790135E+01	-5.930194E+01	-2.735318E+01	-4.247857E+01	-2.454568E+01
1.00000	 5.534730E+02	-8.552694E+01	 8.690604E+01	 1.520265E+02	-1.061082E+02	 8.276175E+01	-1.221457E+02	 1.395296E+01	-1.039837E+02	-2.545621E+01	-8.655370E+01	-2.961419E+01	-6.821305E+01	-2.906947E+01	-4.953386E+01	-2.705107E+01
