r	   0/   0	   1/   0	   2/   0	   3/   0	   4/   0	   5/   0	   6/   0	   7/   0	   8/   0	   9/   0	  10/   0	  11/   0	  12/   0	  13/   0	  14/   0	  15/   0
0.07071	 0.000000E+00	 1.224013E-03	-6.200510E-03	-4.226380E-04	-2.338346E-04	-1.091781E-05	 1.047487E-04	 1.316497E-05	-1.925076E-05	-1.600864E-06	-1.195073E-06	-4.025787E-07	 5.289237E-07	 1.297825E-07	-4.693684E-08	-1.358695E-08
0.10000	 0.000000E+00	 1.271228E-03	-2.087241E-03	-3.687261E-04	-6.598773E-05	-2.625779E-05	-7.622389E-06	 3.606539E-06	-7.266293E-06	-2.142782E-06	 1.625249E-06	 4.433184E-09	-1.389743E-07	 4.049283E-08	-5.978928E-08	-2.357205E-08
0.12247	 0.000000E+00	 1.582024E-03	-2.272886E-03	-4.720050E-04	-7.939583E-05	-2.009736E-05	-3.258251E-05	-7.975515E-06	-6.920213E-06	-1.012425E-06	 3.165999E-06	 3.957794E-07	-4.518253E-07	-9.175365E-08	-4.544919E-08	-8.370942E-11
0.14142	 0.000000E+00	 1.844384E-03	-2.278028E-03	-5.538327E-04	-1.255987E-04	-3.628813E-05	-4.632520E-05	-4.242512E-06	-2.366801E-08	-1.713054E-06	 2.573392E-06	 5.131973E-07	-6.053805E-07	-1.137737E-08	 7.902969E-08	-2.757814E-08
0.15811	 0.000000E+00	 2.072503E-03	-2.232160E-03	-6.191269E-04	-1.823770E-04	-5.494937E-05	-5.148624E-05	-1.655185E-06	 6.117777E-06	-9.895557E-07	 1.407289E-06	 3.572180E-07	-6.218416E-07	-1.383047E-08	 1.819162E-07	-2.339584E-08
0.17321	 0.000000E+00	 2.270769E-03	-2.164798E-03	-6.670271E-04	-2.419913E-04	-7.260551E-05	-5.038562E-05	-8.971190E-07	 9.396082E-06	-1.569630E-07	 1.826987E-07	 2.602094E-07	-4.523327E-07	-6.918352E-08	 1.988634E-07	-7.082609E-10
0.18708	 0.000000E+00	 2.435715E-03	-2.101145E-03	-6.976113E-04	-2.980711E-04	-8.851904E-05	-4.670077E-05	-1.580843E-06	 1.014297E-05	 5.359031E-07	-8.093858E-07	 1.343050E-07	-2.012809E-07	-9.958563E-08	 1.565849E-07	 1.679240E-08
0.20000	 0.000000E+00	 2.572763E-03	-2.040223E-03	-7.140942E-04	-3.482307E-04	-1.028188E-04	-4.265955E-05	-2.894878E-06	 9.152870E-06	 9.023214E-07	-1.435662E-06	-4.995237E-09	 2.637612E-08	-9.570574E-08	 9.175285E-08	 2.023169E-08
0.21213	 0.000000E+00	 2.678237E-03	-1.998373E-03	-7.192822E-04	-3.913670E-04	-1.151744E-04	-3.942386E-05	-4.577342E-06	 7.215105E-06	 1.055352E-06	-1.689219E-06	-1.341412E-07	 1.835929E-07	-7.105874E-08	 2.771372E-08	 1.231862E-08
0.22361	 0.000000E+00	 2.760573E-03	-1.968069E-03	-7.178415E-04	-4.287613E-04	-1.259809E-04	-3.755277E-05	-6.332827E-06	 4.994145E-06	 1.087013E-06	-1.642202E-06	-2.239007E-07	 2.637002E-07	-3.989585E-08	-2.097450E-08	-1.131178E-09
0.23452	 0.000000E+00	 2.826838E-03	-1.944714E-03	-7.137362E-04	-4.622593E-04	-1.359552E-04	-3.723841E-05	-7.922791E-06	 2.944160E-06	 1.037687E-06	-1.414672E-06	-2.662782E-07	 2.818444E-07	-1.149589E-08	-4.911272E-08	-1.547217E-08
0.24495	 0.000000E+00	 2.888229E-03	-1.914552E-03	-7.109558E-04	-4.942754E-04	-1.461930E-04	-3.864068E-05	-9.352956E-06	 1.273517E-06	 9.661804E-07	-1.099984E-06	-2.690414E-07	 2.605301E-07	 9.158110E-09	-5.854681E-08	-2.659766E-08
0.25495	 0.000000E+00	 2.946572E-03	-1.883990E-03	-7.096651E-04	-5.257327E-04	-1.575878E-04	-4.171089E-05	-1.054659E-05	 4.326005E-08	 8.062291E-07	-7.981615E-07	-2.329889E-07	 2.191944E-07	 1.787890E-08	-5.297640E-08	-3.294438E-08
0.26458	 0.000000E+00	 3.006739E-03	-1.845556E-03	-7.098717E-04	-5.574133E-04	-1.704184E-04	-4.616616E-05	-1.156649E-05	-8.256138E-07	 5.308779E-07	-5.570062E-07	-1.652628E-07	 1.717246E-07	 1.379294E-08	-3.834488E-08	-3.464243E-08
0.27386	 0.000000E+00	 3.068016E-03	-1.801620E-03	-7.102767E-04	-5.890407E-04	-1.844767E-04	-5.173428E-05	-1.265928E-05	-1.458931E-06	 2.252578E-07	-3.853901E-07	-9.558471E-08	 1.294401E-07	 3.902362E-09	-2.134759E-08	-3.384692E-08
0.28284	 0.000000E+00	 3.128134E-03	-1.756323E-03	-7.092732E-04	-6.201548E-04	-1.994419E-04	-5.809222E-05	-1.388784E-05	-1.964462E-06	-1.091323E-07	-2.823302E-07	-2.735037E-08	 9.532891E-08	-1.074985E-08	-4.907058E-09	-3.140529E-08
0.29155	 0.000000E+00	 3.185902E-03	-1.708501E-03	-7.061286E-04	-6.505155E-04	-2.146337E-04	-6.482695E-05	-1.526445E-05	-2.419584E-06	-4.518564E-07	-2.336253E-07	 3.480240E-08	 6.923776E-08	-2.826265E-08	 9.279820E-09	-2.832464E-08
0.30000	 0.000000E+00	 3.238308E-03	-1.663192E-03	-7.001217E-04	-6.796358E-04	-2.293723E-04	-7.162707E-05	-1.683720E-05	-2.874053E-06	-7.321562E-07	-2.139712E-07	 7.417106E-08	 5.034896E-08	-4.204809E-08	 2.010788E-08	-2.687423E-08
0.30822	 0.000000E+00	 3.284798E-03	-1.622199E-03	-6.916029E-04	-7.075328E-04	-2.435461E-04	-7.843419E-05	-1.862400E-05	-3.349279E-06	-9.205900E-07	-2.043066E-07	 8.716790E-08	 3.745423E-08	-4.935456E-08	 2.765316E-08	-2.791451E-08
0.31623	 0.000000E+00	 3.326713E-03	-1.583031E-03	-6.815339E-04	-7.345617E-04	-2.572624E-04	-8.524281E-05	-2.055403E-05	-3.843429E-06	-1.054124E-06	-2.002441E-07	 8.798206E-08	 2.889065E-08	-5.406709E-08	 3.293273E-08	-3.009511E-08
0.32404	 0.000000E+00	 3.363419E-03	-1.548048E-03	-6.699749E-04	-7.607568E-04	-2.704711E-04	-9.201067E-05	-2.256787E-05	-4.356621E-06	-1.154206E-06	-1.944125E-07	 8.431451E-08	 2.175482E-08	-5.813701E-08	 3.717967E-08	-3.279180E-08
0.33166	 0.000000E+00	 3.396947E-03	-1.513838E-03	-6.579399E-04	-7.865931E-04	-2.834673E-04	-9.887356E-05	-2.469823E-05	-4.892892E-06	-1.218798E-06	-1.842130E-07	 7.383793E-08	 1.602166E-08	-5.991285E-08	 4.053139E-08	-3.659701E-08
0.33912	 0.000000E+00	 3.428647E-03	-1.479078E-03	-6.461651E-04	-8.124908E-04	-2.968103E-04	-1.060134E-04	-2.696108E-05	-5.477397E-06	-1.289103E-06	-1.712205E-07	 6.633321E-08	 1.099012E-08	-6.225632E-08	 4.367043E-08	-4.062560E-08
0.34641	 0.000000E+00	 3.426082E-03	-1.532402E-03	-6.197423E-04	-8.317768E-04	-3.093840E-04	-1.133177E-04	-2.939594E-05	-6.161474E-06	-1.318094E-06	-1.416721E-07	 4.127101E-08	 2.778583E-09	-6.051288E-08	 4.659756E-08	-4.646779E-08
0.35355	 0.000000E+00	 3.457696E-03	-1.498015E-03	-6.067188E-04	-8.577346E-04	-3.241445E-04	-1.215973E-04	-3.201533E-05	-6.816232E-06	-1.481712E-06	-1.537331E-07	 6.298690E-08	 2.567457E-09	-7.374616E-08	 4.858403E-08	-4.694635E-08
0.36056	 0.000000E+00	 3.491318E-03	-1.459803E-03	-5.914780E-04	-8.840336E-04	-3.399850E-04	-1.306987E-04	-3.500766E-05	-7.557858E-06	-1.646114E-06	-1.811563E-07	 7.277297E-08	 5.968252E-09	-8.276903E-08	 4.841327E-08	-4.978267E-08
0.36742	 0.000000E+00	 3.527044E-03	-1.419245E-03	-5.735838E-04	-9.106758E-04	-3.569169E-04	-1.406059E-04	-3.833790E-05	-8.420745E-06	-1.848763E-06	-2.132287E-07	 8.637387E-08	 8.649904E-09	-9.371901E-08	 4.792232E-08	-5.266276E-08
0.37417	 0.000000E+00	 3.549085E-03	-1.413082E-03	-5.475469E-04	-9.343783E-04	-3.738363E-04	-1.510134E-04	-4.196821E-05	-9.414861E-06	-2.053144E-06	-2.397702E-07	 9.143877E-08	 9.499503E-09	-1.024526E-07	 4.672537E-08	-5.722984E-08
0.38079	 0.000000E+00	 3.584610E-03	-1.373810E-03	-5.255073E-04	-9.602312E-04	-3.915591E-04	-1.620496E-04	-4.585797E-05	-1.046652E-05	-2.315736E-06	-2.866785E-07	 1.113165E-07	 1.418460E-08	-1.162179E-07	 4.408257E-08	-6.062486E-08
0.38730	 0.000000E+00	 3.618796E-03	-1.335995E-03	-5.016406E-04	-9.852655E-04	-4.090708E-04	-1.733724E-04	-4.998093E-05	-1.160724E-05	-2.581087E-06	-3.325616E-07	 1.265326E-07	 1.819233E-08	-1.278770E-07	 4.071483E-08	-6.582734E-08
0.39370	 0.000000E+00	 3.650545E-03	-1.301620E-03	-4.766906E-04	-1.009708E-03	-4.260950E-04	-1.847767E-04	-5.423762E-05	-1.283037E-05	-2.857264E-06	-3.645728E-07	 1.466052E-07	 1.828435E-08	-1.404102E-07	 3.841961E-08	-7.154407E-08
0.40000	 0.000000E+00	 3.643334E-03	-1.354561E-03	-4.367070E-04	-1.026666E-03	-4.406162E-04	-1.957656E-04	-5.856717E-05	-1.417241E-05	-3.058134E-06	-3.449861E-07	 1.467030E-07	 8.827614E-09	-1.442263E-07	 3.797592E-08	-8.155558E-08
0.40620	 0.000000E+00	 3.671544E-03	-1.330790E-03	-4.092554E-04	-1.050603E-03	-4.566114E-04	-2.075633E-04	-6.310762E-05	-1.547423E-05	-3.328997E-06	-3.577868E-07	 1.820640E-07	 1.049196E-08	-1.573597E-07	 3.551463E-08	-8.840427E-08
0.41231	 0.000000E+00	 3.701886E-03	-1.307485E-03	-3.784425E-04	-1.075054E-03	-4.729350E-04	-2.200916E-04	-6.803729E-05	-1.688923E-05	-3.570827E-06	-3.585353E-07	 2.085254E-07	 1.493875E-08	-1.628322E-07	 3.167308E-08	-9.945985E-08
0.41833	 0.000000E+00	 3.735637E-03	-1.284054E-03	-3.442577E-04	-1.100617E-03	-4.900041E-04	-2.335822E-04	-7.340436E-05	-1.846607E-05	-3.828400E-06	-3.407486E-07	 2.443918E-07	 1.948359E-08	-1.678214E-07	 2.839131E-08	-1.116286E-07
0.42426	 0.000000E+00	 3.751616E-03	-1.309475E-03	-2.986396E-04	-1.123111E-03	-5.066174E-04	-2.478162E-04	-7.921941E-05	-2.025756E-05	-4.071113E-06	-2.867788E-07	 2.773469E-07	 2.243193E-08	-1.668580E-07	 2.563631E-08	-1.272290E-07
0.43012	 0.000000E+00	 3.792858E-03	-1.286717E-03	-2.583635E-04	-1.150814E-03	-5.253243E-04	-2.636463E-04	-8.564774E-05	-2.219177E-05	-4.399197E-06	-2.614954E-07	 3.382816E-07	 3.939966E-08	-1.710112E-07	 1.972585E-08	-1.416345E-07
0.43589	 0.000000E+00	 3.839371E-03	-1.261495E-03	-2.138129E-04	-1.179402E-03	-5.452116E-04	-2.810124E-04	-9.283702E-05	-2.441020E-05	-4.775770E-06	-2.331675E-07	 4.052203E-07	 6.301581E-08	-1.706269E-07	 1.256323E-08	-1.592654E-07
0.44159	 0.000000E+00	 3.890914E-03	-1.233904E-03	-1.654795E-04	-1.208850E-03	-5.663138E-04	-2.999697E-04	-1.008292E-04	-2.696720E-05	-5.240369E-06	-2.021794E-07	 4.885950E-07	 9.208752E-08	-1.699909E-07	 5.305632E-09	-1.782913E-07
0.44721	 0.000000E+00	 3.921041E-03	-1.264386E-03	-1.031666E-04	-1.233726E-03	-5.868534E-04	-3.201203E-04	-1.096489E-04	-2.997138E-05	-5.762401E-06	-1.366206E-07	 5.728303E-07	 1.201499E-07	-1.614053E-07	 9.960227E-11	-2.019584E-07
0.45277	 0.000000E+00	 3.981720E-03	-1.234285E-03	-4.718137E-05	-1.263999E-03	-6.101657E-04	-3.426147E-04	-1.195423E-04	-3.333360E-05	-6.466415E-06	-1.306642E-07	 6.927973E-07	 1.714908E-07	-1.577015E-07	-9.456081E-09	-2.247208E-07
0.45826	 0.000000E+00	 4.048026E-03	-1.200857E-03	 1.435592E-05	-1.293957E-03	-6.345258E-04	-3.670253E-04	-1.305820E-04	-3.722510E-05	-7.309350E-06	-1.386882E-07	 8.220972E-07	 2.345046E-07	-1.465220E-07	-1.972349E-08	-2.520097E-07
0.46368	 0.000000E+00	 4.119210E-03	-1.165047E-03	 8.079711E-05	-1.323489E-03	-6.596729E-04	-3.932237E-04	-1.427436E-04	-4.168881E-05	-8.332016E-06	-1.629598E-07	 9.713383E-07	 3.085139E-07	-1.318183E-07	-2.903550E-08	-2.816542E-07
0.46904	 0.000000E+00	 4.171285E-03	-1.179375E-03	 1.600973E-04	-1.348138E-03	-6.835469E-04	-4.205256E-04	-1.559127E-04	-4.679258E-05	-9.509406E-06	-1.746121E-07	 1.129115E-06	 3.877148E-07	-1.067335E-07	-3.469353E-08	-3.162036E-07
0.47434	 0.000000E+00	 4.250725E-03	-1.142726E-03	 2.359368E-04	-1.376538E-03	-7.094475E-04	-4.502641E-04	-1.704314E-04	-5.248937E-05	-1.094624E-05	-2.585699E-07	 1.321698E-06	 4.957956E-07	-7.875878E-08	-4.180492E-08	-3.516673E-07
0.47958	 0.000000E+00	 4.336523E-03	-1.103775E-03	 3.188061E-04	-1.404217E-03	-7.357846E-04	-4.821353E-04	-1.863998E-04	-5.896726E-05	-1.262575E-05	-3.750787E-07	 1.532638E-06	 6.250114E-07	-3.682221E-08	-4.621374E-08	-3.920783E-07
0.48477	 0.000000E+00	 4.427651E-03	-1.064190E-03	 4.077787E-04	-1.431100E-03	-7.620598E-04	-5.158442E-04	-2.037159E-04	-6.624536E-05	-1.458137E-05	-5.307529E-07	 1.768969E-06	 7.769675E-07	 1.778614E-08	-4.629051E-08	-4.356246E-07
0.48990	 0.000000E+00	 4.502946E-03	-1.067884E-03	 5.079238E-04	-1.453659E-03	-7.859608E-04	-5.503027E-04	-2.220326E-04	-7.431241E-05	-1.679089E-05	-7.041687E-07	 2.024004E-06	 9.475973E-07	 8.981169E-08	-3.943391E-08	-4.831302E-07
0.49497	 0.000000E+00	 4.600480E-03	-1.033616E-03	 6.057176E-04	-1.478376E-03	-8.100847E-04	-5.863808E-04	-2.414995E-04	-8.307491E-05	-1.932668E-05	-9.729633E-07	 2.311536E-06	 1.156736E-06	 1.756440E-07	-2.942339E-08	-5.314974E-07
0.50000	 0.000000E+00	 4.702426E-03	-1.000267E-03	 7.093195E-04	-1.501730E-03	-8.330887E-04	-6.238104E-04	-2.622093E-04	-9.272106E-05	-2.220006E-05	-1.311855E-06	 2.618109E-06	 1.398085E-06	 2.856633E-07	-1.100940E-08	-5.836689E-07
0.50498	 0.000000E+00	 4.807914E-03	-9.687573E-04	 8.177772E-04	-1.523902E-03	-8.547521E-04	-6.624162E-04	-2.840800E-04	-1.032778E-04	-2.545787E-05	-1.735942E-06	 2.948442E-06	 1.672028E-06	 4.180088E-07	 1.834938E-08	-6.367641E-07
0.50990	 0.000000E+00	 4.893475E-03	-9.891382E-04	 9.378052E-04	-1.541273E-03	-8.728763E-04	-7.013589E-04	-3.069157E-04	-1.148272E-04	-2.910150E-05	-2.227367E-06	 3.290056E-06	 1.973746E-06	 5.816992E-07	 6.342468E-08	-6.925277E-07
0.51478	 0.000000E+00	 5.003728E-03	-9.642118E-04	 1.054056E-03	-1.560835E-03	-8.909985E-04	-7.418148E-04	-3.309274E-04	-1.272477E-04	-3.323336E-05	-2.904140E-06	 3.651442E-06	 2.328311E-06	 7.697337E-07	 1.168312E-07	-7.461356E-07
0.51962	 0.000000E+00	 5.117270E-03	-9.403341E-04	 1.175828E-03	-1.578341E-03	-9.072276E-04	-7.831939E-04	-3.561062E-04	-1.407357E-04	-3.786845E-05	-3.739807E-06	 4.010460E-06	 2.722983E-06	 9.946898E-07	 1.868601E-07	-8.006442E-07
0.52440	 0.000000E+00	 5.233403E-03	-9.178458E-04	 1.302545E-03	-1.593713E-03	-9.214353E-04	-8.253278E-04	-3.823777E-04	-1.553223E-04	-4.306762E-05	-4.766033E-06	 4.362371E-06	 3.155225E-06	 1.254018E-06	 2.762310E-07	-8.525048E-07
0.52915	 0.000000E+00	 5.344745E-03	-9.129929E-04	 1.436705E-03	-1.605964E-03	-9.330162E-04	-8.682266E-04	-4.098608E-04	-1.711649E-04	-4.890112E-05	-6.008901E-06	 4.694174E-06	 3.625127E-06	 1.556094E-06	 3.905576E-07	-9.015037E-07
0.53385	 0.000000E+00	 5.465723E-03	-8.916030E-04	 1.573250E-03	-1.616963E-03	-9.432523E-04	-9.123395E-04	-4.387066E-04	-1.882912E-04	-5.546733E-05	-7.556265E-06	 4.990181E-06	 4.140400E-06	 1.899750E-06	 5.275509E-07	-9.449823E-07
0.53852	 0.000000E+00	 5.589362E-03	-8.693423E-04	 1.715518E-03	-1.625212E-03	-9.513302E-04	-9.574740E-04	-4.689640E-04	-2.068576E-04	-6.283930E-05	-9.434765E-06	 5.230984E-06	 4.694206E-06	 2.291896E-06	 6.946181E-07	-9.815345E-07
0.54314	 0.000000E+00	 5.714538E-03	-8.471172E-04	 1.862758E-03	-1.630518E-03	-9.569654E-04	-1.003330E-03	-5.005091E-04	-2.268745E-04	-7.107845E-05	-1.169755E-05	 5.393397E-06	 5.280856E-06	 2.732652E-06	 8.942626E-07	-1.008506E-06
0.54772	 0.000000E+00	 5.829810E-03	-8.524956E-04	 2.018719E-03	-1.631260E-03	-9.587189E-04	-1.049371E-03	-5.331972E-04	-2.484388E-04	-8.024094E-05	-1.436458E-05	 5.457275E-06	 5.889210E-06	 3.227114E-06	 1.135427E-06	-1.022628E-06
0.55227	 0.000000E+00	 5.958075E-03	-8.310734E-04	 2.176211E-03	-1.630601E-03	-9.588340E-04	-1.096577E-03	-5.673533E-04	-2.715770E-04	-9.043173E-05	-1.755328E-05	 5.395907E-06	 6.530844E-06	 3.776896E-06	 1.414834E-06	-1.021257E-06
0.55678	 0.000000E+00	 6.088831E-03	-8.085937E-04	 2.340297E-03	-1.626256E-03	-9.558869E-04	-1.144386E-03	-6.028728E-04	-2.964299E-04	-1.017206E-04	-2.128757E-05	 5.177857E-06	 7.185164E-06	 4.385610E-06	 1.742777E-06	-1.000757E-06
0.56125	 0.000000E+00	 6.221833E-03	-7.859640E-04	 2.511341E-03	-1.618070E-03	-9.496034E-04	-1.192737E-03	-6.397583E-04	-3.230901E-04	-1.141956E-04	-2.563403E-05	 4.772007E-06	 7.845657E-06	 5.057302E-06	 2.124852E-06	-9.570571E-07
0.56569	 0.000000E+00	 6.361378E-03	-7.493319E-04	 2.685673E-03	-1.606660E-03	-9.402656E-04	-1.241212E-03	-6.776976E-04	-3.513810E-04	-1.278674E-04	-3.066500E-05	 4.133630E-06	 8.493996E-06	 5.783464E-06	 2.559454E-06	-8.863762E-07
0.57009	 0.000000E+00	 6.496897E-03	-7.267854E-04	 2.867999E-03	-1.590666E-03	-9.263972E-04	-1.289535E-03	-7.166884E-04	-3.815186E-04	-1.428411E-04	-3.641616E-05	 3.233622E-06	 9.111201E-06	 6.569663E-06	 3.061166E-06	-7.818339E-07
0.57446	 0.000000E+00	 6.634488E-03	-7.039143E-04	 3.056540E-03	-1.571098E-03	-9.084932E-04	-1.338111E-03	-7.568935E-04	-4.136180E-04	-1.592346E-04	-4.299111E-05	 2.030530E-06	 9.692755E-06	 7.418840E-06	 3.633162E-06	-6.380881E-07
0.57879	 0.000000E+00	 6.772565E-03	-6.831345E-04	 3.250228E-03	-1.547622E-03	-8.859788E-04	-1.386046E-03	-7.977547E-04	-4.474199E-04	-1.769953E-04	-5.043073E-05	 4.742167E-07	 1.020913E-05	 8.320098E-06	 4.273967E-06	-4.515394E-07
0.58310	 0.000000E+00	 6.924594E-03	-6.296325E-04	 3.444789E-03	-1.522045E-03	-8.603515E-04	-1.433958E-03	-8.394219E-04	-4.829063E-04	-1.961725E-04	-5.881829E-05	-1.476332E-06	 1.064581E-05	 9.267851E-06	 4.985248E-06	-2.160052E-07
0.58737	 0.000000E+00	 7.064809E-03	-6.115419E-04	 3.649230E-03	-1.491281E-03	-8.280731E-04	-1.480505E-03	-8.814156E-04	-5.202441E-04	-2.168416E-04	-6.816393E-05	-3.863689E-06	 1.096283E-05	 1.026344E-05	 5.784680E-06	 7.740100E-08
0.59161	 0.000000E+00	 7.204854E-03	-5.963802E-04	 3.856552E-03	-1.457969E-03	-7.906318E-04	-1.525856E-03	-9.234660E-04	-5.591179E-04	-2.389453E-04	-7.854454E-05	-6.734423E-06	 1.114235E-05	 1.128995E-05	 6.662210E-06	 4.330929E-07
0.59582	 0.000000E+00	 7.344397E-03	-5.852164E-04	 4.067331E-03	-1.421782E-03	-7.477362E-04	-1.569825E-03	-9.654530E-04	-5.995182E-04	-2.625093E-04	-9.001638E-05	-1.014559E-05	 1.114846E-05	 1.233880E-05	 7.621468E-06	 8.559496E-07
0.60000	 0.000000E+00	 7.493499E-03	-5.519983E-04	 4.280795E-03	-1.383237E-03	-7.004887E-04	-1.613425E-03	-1.007949E-03	-6.417859E-04	-2.877551E-04	-1.027364E-04	-1.416527E-05	 1.096196E-05	 1.340763E-05	 8.666823E-06	 1.354769E-06
0.60415	 0.000000E+00	 7.633698E-03	-5.456466E-04	 4.500565E-03	-1.340788E-03	-6.462682E-04	-1.654719E-03	-1.049794E-03	-6.854900E-04	-3.145041E-04	-1.166547E-04	-1.883734E-05	 1.051960E-05	 1.446608E-05	 9.794457E-06	 1.933825E-06
0.60828	 0.000000E+00	 7.773715E-03	-5.418445E-04	 4.723721E-03	-1.295708E-03	-5.862327E-04	-1.694473E-03	-1.091299E-03	-7.307768E-04	-3.428817E-04	-1.318999E-04	-2.423230E-05	 9.791064E-06	 1.550501E-05	 1.100672E-05	 2.601481E-06
0.61237	 0.000000E+00	 7.913469E-03	-5.415314E-04	 4.951295E-03	-1.247125E-03	-5.200282E-04	-1.732271E-03	-1.132194E-03	-7.775160E-04	-3.728639E-04	-1.485264E-04	-3.041587E-05	 8.730619E-06	 1.650004E-05	 1.229226E-05	 3.357942E-06
0.61644	 0.000000E+00	 8.083147E-03	-4.536185E-04	 5.175043E-03	-1.197426E-03	-4.521127E-04	-1.770594E-03	-1.173726E-03	-8.260595E-04	-4.046827E-04	-1.667474E-04	-3.747815E-05	 7.316362E-06	 1.743772E-05	 1.364327E-05	 4.208994E-06
0.62048	 0.000000E+00	 8.222081E-03	-4.556335E-04	 5.411583E-03	-1.141443E-03	-3.731738E-04	-1.804329E-03	-1.213217E-03	-8.758688E-04	-4.380902E-04	-1.863923E-04	-4.545408E-05	 5.432999E-06	 1.827514E-05	 1.507207E-05	 5.166440E-06
0.62450	 0.000000E+00	 8.355815E-03	-4.628922E-04	 5.644568E-03	-1.084763E-03	-2.882561E-04	-1.834927E-03	-1.250743E-03	-9.263010E-04	-4.728206E-04	-2.074971E-04	-5.438503E-05	 3.058620E-06	 1.896890E-05	 1.653920E-05	 6.222721E-06
0.62849	 0.000000E+00	 8.484690E-03	-4.755519E-04	 5.876220E-03	-1.026492E-03	-1.969360E-04	-1.862627E-03	-1.286538E-03	-9.776364E-04	-5.090386E-04	-2.301934E-04	-6.436400E-05	 1.385390E-07	 1.950349E-05	 1.804593E-05	 7.382977E-06
0.63246	 0.000000E+00	 8.617414E-03	-4.647050E-04	 6.104867E-03	-9.663436E-04	-1.005956E-04	-1.887885E-03	-1.320814E-03	-1.029832E-03	-5.467551E-04	-2.545646E-04	-7.547015E-05	-3.385294E-06	 1.983548E-05	 1.956528E-05	 8.641789E-06
0.63640	 0.000000E+00	 8.737878E-03	-4.844876E-04	 6.336166E-03	-9.032398E-04	 3.643810E-06	-1.909211E-03	-1.352607E-03	-1.082652E-03	-5.858486E-04	-2.805590E-04	-8.774422E-05	-7.598106E-06	 1.991665E-05	 2.108906E-05	 1.000426E-05
0.64031	 0.000000E+00	 8.854991E-03	-5.068284E-04	 6.568173E-03	-8.378975E-04	 1.144211E-04	-1.927675E-03	-1.382423E-03	-1.136337E-03	-6.264843E-04	-3.083486E-04	-1.012897E-04	-1.255466E-05	 1.971426E-05	 2.259883E-05	 1.147075E-05
0.64420	 0.000000E+00	 8.969788E-03	-5.316608E-04	 6.803638E-03	-7.681606E-04	 2.322357E-04	-1.942780E-03	-1.410100E-03	-1.190766E-03	-6.686007E-04	-3.379573E-04	-1.161862E-04	-1.833745E-05	 1.917357E-05	 2.406207E-05	 1.302596E-05
0.64807	 0.000000E+00	 9.131086E-03	-3.768085E-04	 7.029006E-03	-6.955035E-04	 3.482440E-04	-1.959981E-03	-1.439016E-03	-1.247179E-03	-7.129076E-04	-3.699056E-04	-1.326358E-04	-2.496547E-05	 1.828351E-05	 2.545584E-05	 1.467049E-05
0.65192	 0.000000E+00	 9.239581E-03	-4.002469E-04	 7.270986E-03	-6.167180E-04	 4.805768E-04	-1.968231E-03	-1.462112E-03	-1.303223E-03	-7.581711E-04	-4.034237E-04	-1.504906E-04	-3.264118E-05	 1.691167E-05	 2.676455E-05	 1.640812E-05
0.65574	 0.000000E+00	 9.336255E-03	-4.303011E-04	 7.501512E-03	-5.400032E-04	 6.183831E-04	-1.971988E-03	-1.481140E-03	-1.358470E-03	-8.041334E-04	-4.386059E-04	-1.697960E-04	-4.134633E-05	 1.501201E-05	 2.790988E-05	 1.820390E-05
0.65955	 0.000000E+00	 9.421501E-03	-4.673214E-04	 7.722503E-03	-4.646276E-04	 7.621120E-04	-1.971303E-03	-1.496101E-03	-1.412968E-03	-8.507851E-04	-4.754924E-04	-1.906158E-04	-5.114761E-05	 1.254186E-05	 2.886413E-05	 2.004265E-05
0.66332	 0.000000E+00	 9.500823E-03	-4.982944E-04	 7.937235E-03	-3.890636E-04	 9.116366E-04	-1.966675E-03	-1.507351E-03	-1.466927E-03	-8.981906E-04	-5.141317E-04	-2.130049E-04	-6.211236E-05	 9.444810E-06	 2.958885E-05	 2.190850E-05
0.66708	 0.000000E+00	 9.571109E-03	-5.443269E-04	 8.150352E-03	-3.129643E-04	 1.068412E-03	-1.958033E-03	-1.514653E-03	-1.520472E-03	-9.463855E-04	-5.545645E-04	-2.370173E-04	-7.432221E-05	 5.661912E-06	 3.005410E-05	 2.379355E-05
0.67082	 0.000000E+00	 9.636301E-03	-5.936799E-04	 8.362270E-03	-2.363772E-04	 1.231882E-03	-1.946023E-03	-1.518188E-03	-1.573692E-03	-9.953612E-04	-5.968305E-04	-2.627035E-04	-8.784276E-05	 1.135568E-06	 3.021666E-05	 2.567860E-05
0.67454	 0.000000E+00	 9.698184E-03	-6.450954E-04	 8.576330E-03	-1.562048E-04	 1.402519E-03	-1.930063E-03	-1.517859E-03	-1.626460E-03	-1.045011E-03	-6.408967E-04	-2.901040E-04	-1.027491E-04	-4.205043E-06	 3.001684E-05	 2.752250E-05
0.67823	 0.000000E+00	 9.806191E-03	-4.409495E-04	 8.772787E-03	-6.964320E-05	 1.567499E-03	-1.916966E-03	-1.518910E-03	-1.680573E-03	-1.096363E-03	-6.874903E-04	-3.195581E-04	-1.190897E-04	-1.038708E-05	 2.939684E-05	 2.929166E-05
0.68191	 0.000000E+00	 9.853775E-03	-4.902466E-04	 8.984791E-03	 1.788313E-05	 1.751518E-03	-1.891843E-03	-1.509883E-03	-1.731615E-03	-1.146926E-03	-7.350281E-04	-3.504908E-04	-1.370296E-04	-1.761456E-05	 2.829414E-05	 3.097700E-05
0.68557	 0.000000E+00	 9.884308E-03	-5.479122E-04	 9.177889E-03	 9.809039E-05	 1.939215E-03	-1.862509E-03	-1.494861E-03	-1.780071E-03	-1.196734E-03	-7.837488E-04	-3.829670E-04	-1.564729E-04	-2.587606E-05	 2.662531E-05	 3.251385E-05
0.68920	 0.000000E+00	 9.898082E-03	-6.125618E-04	 9.354243E-03	 1.725300E-04	 2.131363E-03	-1.828885E-03	-1.473927E-03	-1.826115E-03	-1.245848E-03	-8.337309E-04	-4.170677E-04	-1.775069E-04	-3.523781E-05	 2.433624E-05	 3.386082E-05
0.69282	 0.000000E+00	 9.894845E-03	-7.002082E-04	 9.520110E-03	 2.442249E-04	 2.329689E-03	-1.790235E-03	-1.446871E-03	-1.869841E-03	-1.294320E-03	-8.850065E-04	-4.528457E-04	-2.002268E-04	-4.578703E-05	 2.136028E-05	 3.497858E-05
0.69642	 0.000000E+00	 9.880475E-03	-7.760918E-04	 9.672535E-03	 3.134263E-04	 2.531658E-03	-1.747593E-03	-1.414238E-03	-1.911104E-03	-1.341881E-03	-9.373850E-04	-4.902035E-04	-2.246198E-04	-5.757037E-05	 1.762550E-05	 3.580964E-05
0.70000	 0.000000E+00	 9.852185E-03	-8.575952E-04	 9.813409E-03	 3.802428E-04	 2.737983E-03	-1.700570E-03	-1.375560E-03	-1.949647E-03	-1.388281E-03	-9.907037E-04	-5.290789E-04	-2.507256E-04	-7.065503E-05	 1.306633E-05	 3.630749E-05
0.70356	 0.000000E+00	 9.809783E-03	-9.425998E-04	 9.942416E-03	 4.446994E-04	 2.948550E-03	-1.649331E-03	-1.330829E-03	-1.985481E-03	-1.433481E-03	-1.044976E-03	-5.695056E-04	-2.786170E-04	-8.511943E-05	 7.610045E-06	 3.642387E-05
0.70711	 0.000000E+00	 9.750408E-03	-1.045665E-03	 1.005837E-02	 5.051009E-04	 3.163020E-03	-1.593695E-03	-1.279399E-03	-2.017915E-03	-1.476857E-03	-1.099769E-03	-6.112481E-04	-3.082377E-04	-1.010011E-04	 1.181103E-06	 3.609058E-05
0.71063	 0.000000E+00	 9.677420E-03	-1.140169E-03	 1.015988E-02	 5.622787E-04	 3.380368E-03	-1.534552E-03	-1.221906E-03	-2.047287E-03	-1.518538E-03	-1.155195E-03	-6.543716E-04	-3.396485E-04	-1.183610E-04	-6.287553E-06	 3.525493E-05
0.71414	 0.000000E+00	 9.588771E-03	-1.239662E-03	 1.024868E-02	 6.166576E-04	 3.601703E-03	-1.471492E-03	-1.157987E-03	-2.073585E-03	-1.558499E-03	-1.211282E-03	-6.989238E-04	-3.729446E-04	-1.372922E-04	-1.487784E-05	 3.386218E-05
0.71764	 0.000000E+00	 9.482717E-03	-1.342685E-03	 1.032056E-02	 6.660540E-04	 3.825044E-03	-1.404821E-03	-1.087321E-03	-2.095949E-03	-1.595902E-03	-1.267384E-03	-7.445100E-04	-4.079601E-04	-1.577821E-04	-2.466096E-05	 3.182757E-05
0.72111	 0.000000E+00	 9.355580E-03	-1.480233E-03	 1.037757E-02	 7.095453E-04	 4.052324E-03	-1.333901E-03	-1.009119E-03	-2.114253E-03	-1.630620E-03	-1.323471E-03	-7.911304E-04	-4.447773E-04	-1.799171E-04	-3.571330E-05	 2.909599E-05
0.72457	 0.000000E+00	 9.211689E-03	-1.592838E-03	 1.041498E-02	 7.491924E-04	 4.281276E-03	-1.260075E-03	-9.247142E-04	-2.129202E-03	-1.663072E-03	-1.379901E-03	-8.390007E-04	-4.835039E-04	-2.037724E-04	-4.811841E-05	 2.559973E-05
0.72801	 0.000000E+00	 9.043238E-03	-1.714242E-03	 1.042778E-02	 7.803852E-04	 4.511032E-03	-1.182461E-03	-8.326595E-04	-2.139171E-03	-1.691901E-03	-1.435638E-03	-8.875063E-04	-5.238719E-04	-2.292893E-04	-6.193298E-05	 2.125069E-05
0.73144	 0.000000E+00	 8.839404E-03	-1.844886E-03	 1.039925E-02	 7.907228E-04	 4.736823E-03	-1.103342E-03	-7.322023E-04	-2.143077E-03	-1.715987E-03	-1.489999E-03	-9.362484E-04	-5.657528E-04	-2.564781E-04	-7.723292E-05	 1.601636E-05
0.73485	 0.000000E+00	 8.553683E-03	-2.749960E-03	 1.037213E-02	 7.416159E-04	 4.988950E-03	-1.007546E-03	-6.034140E-04	-2.131162E-03	-1.728344E-03	-1.538270E-03	-9.823926E-04	-6.083460E-04	-2.852331E-04	-9.409948E-05	 9.766585E-06
0.73824	 0.000000E+00	 8.289498E-03	-2.919330E-03	 1.026170E-02	 7.061744E-04	 5.202848E-03	-9.287496E-04	-4.867564E-04	-2.121871E-03	-1.740859E-03	-1.588121E-03	-1.030116E-03	-6.523681E-04	-3.153887E-04	-1.124267E-04	 2.386993E-06
0.74162	 0.000000E+00	 8.021498E-03	-3.087086E-03	 1.016286E-02	 6.879161E-04	 5.427268E-03	-8.436723E-04	-3.640808E-04	-2.110825E-03	-1.752136E-03	-1.638829E-03	-1.079326E-03	-6.986770E-04	-3.476358E-04	-1.324879E-04	-6.123797E-06
0.74498	 0.000000E+00	 7.745221E-03	-3.249775E-03	 1.006384E-02	 6.775867E-04	 5.657017E-03	-7.548792E-04	-2.352193E-04	-2.097053E-03	-1.760989E-03	-1.689477E-03	-1.129426E-03	-7.469831E-04	-3.819162E-04	-1.543664E-04	-1.580736E-05
0.74833	 0.000000E+00	 7.443938E-03	-3.538938E-03	 9.948351E-03	 6.518221E-04	 5.887899E-03	-6.633061E-04	-9.635339E-05	-2.076316E-03	-1.763441E-03	-1.736959E-03	-1.178290E-03	-7.961537E-04	-4.177351E-04	-1.779564E-04	-2.676375E-05
0.75166	 0.000000E+00	 7.120664E-03	-3.712083E-03	 9.799840E-03	 6.239859E-04	 6.113194E-03	-5.725832E-04	 4.685371E-05	-2.052350E-03	-1.762392E-03	-1.783752E-03	-1.227562E-03	-8.469892E-04	-4.554528E-04	-2.034405E-04	-3.910212E-05
0.75498	 0.000000E+00	 6.766598E-03	-3.895441E-03	 9.622417E-03	 5.874262E-04	 6.338671E-03	-4.788109E-04	 1.985945E-04	-2.022988E-03	-1.756422E-03	-1.828975E-03	-1.276798E-03	-8.994307E-04	-4.951362E-04	-2.309358E-04	-5.291082E-05
0.75829	 0.000000E+00	 6.362079E-03	-4.089250E-03	 9.381109E-03	 5.149285E-04	 6.548344E-03	-3.890970E-04	 3.585587E-04	-1.984958E-03	-1.741487E-03	-1.868969E-03	-1.323343E-03	-9.518007E-04	-5.359299E-04	-2.601594E-04	-6.810996E-05
0.76158	 0.000000E+00	 5.912037E-03	-5.483218E-03	 9.143552E-03	 3.251068E-04	 6.787880E-03	-2.871561E-04	 5.590223E-04	-1.923171E-03	-1.705847E-03	-1.895962E-03	-1.361915E-03	-1.002381E-03	-5.773338E-04	-2.910966E-04	-8.482761E-05
0.76485	 0.000000E+00	 5.425355E-03	-5.729112E-03	 8.787757E-03	 1.811504E-04	 6.972307E-03	-2.092243E-04	 7.353274E-04	-1.870693E-03	-1.674049E-03	-1.927247E-03	-1.403608E-03	-1.055038E-03	-6.204753E-04	-3.239599E-04	-1.033521E-04
0.76811	 0.000000E+00	 4.937019E-03	-5.974029E-03	 8.445933E-03	 6.337407E-05	 7.167005E-03	-1.233563E-04	 9.181955E-04	-1.815391E-03	-1.639295E-03	-1.957571E-03	-1.445207E-03	-1.109208E-03	-6.655336E-04	-3.589155E-04	-1.236319E-04
0.77136	 0.000000E+00	 4.439129E-03	-6.210576E-03	 8.103255E-03	-4.304571E-05	 7.366953E-03	-3.478669E-05	 1.107966E-03	-1.757472E-03	-1.600882E-03	-1.986765E-03	-1.486650E-03	-1.165029E-03	-7.126992E-04	-3.962099E-04	-1.456771E-04
0.77460	 0.000000E+00	 3.925594E-03	-6.785365E-03	 7.751638E-03	-1.857901E-04	 7.575053E-03	 5.495634E-05	 1.314659E-03	-1.690608E-03	-1.552642E-03	-2.010665E-03	-1.524938E-03	-1.221176E-03	-7.614041E-04	-4.357559E-04	-1.696333E-04
0.77782	 0.000000E+00	 3.370675E-03	-7.036355E-03	 7.340427E-03	-3.212614E-04	 7.759382E-03	 1.357717E-04	 1.518611E-03	-1.622103E-03	-1.499602E-03	-2.031846E-03	-1.561452E-03	-1.277361E-03	-8.111110E-04	-4.771489E-04	-1.954906E-04
0.78102	 0.000000E+00	 2.791984E-03	-7.294063E-03	 6.907609E-03	-4.564559E-04	 7.942730E-03	 2.175890E-04	 1.730554E-03	-1.548996E-03	-1.440421E-03	-2.050037E-03	-1.596227E-03	-1.334269E-03	-8.624236E-04	-5.208023E-04	-2.234124E-04
0.78422	 0.000000E+00	 2.184755E-03	-7.547657E-03	 6.447103E-03	-5.942666E-04	 8.124000E-03	 2.992982E-04	 1.950959E-03	-1.471549E-03	-1.374944E-03	-2.065520E-03	-1.629504E-03	-1.392208E-03	-9.155920E-04	-5.669733E-04	-2.535481E-04
0.78740	 0.000000E+00	 1.545103E-03	-7.850247E-03	 5.944576E-03	-7.505814E-04	 8.291877E-03	 3.763624E-04	 2.178164E-03	-1.387295E-03	-1.299873E-03	-2.074276E-03	-1.657865E-03	-1.448561E-03	-9.689250E-04	-6.147306E-04	-2.855669E-04
0.79057	 0.000000E+00	 8.640167E-04	-8.111717E-03	 5.394005E-03	-9.169744E-04	 8.446996E-03	 4.490160E-04	 2.411440E-03	-1.298130E-03	-1.216776E-03	-2.078290E-03	-1.682804E-03	-1.504437E-03	-1.023099E-03	-6.644895E-04	-3.197107E-04
0.79373	 0.000000E+00	 1.425665E-04	-8.386294E-03	 4.799033E-03	-1.095296E-03	 8.594339E-03	 5.195151E-04	 2.654041E-03	-1.203581E-03	-1.125378E-03	-2.078260E-03	-1.705015E-03	-1.560706E-03	-1.078772E-03	-7.167679E-04	-3.562951E-04
0.79687	 0.000000E+00	-6.232042E-04	-8.655702E-03	 4.141822E-03	-1.295360E-03	 8.713020E-03	 5.801775E-04	 2.897881E-03	-1.102160E-03	-1.022823E-03	-2.068561E-03	-1.719415E-03	-1.612844E-03	-1.132771E-03	-7.695522E-04	-3.943345E-04
0.80000	 0.000000E+00	-1.418387E-03	-9.071115E-03	 3.439910E-03	-1.526868E-03	 8.819194E-03	 6.331475E-04	 3.150974E-03	-9.936485E-04	-9.087379E-04	-2.050619E-03	-1.727118E-03	-1.662321E-03	-1.186143E-03	-8.235999E-04	-4.342445E-04
0.80312	 0.000000E+00	-2.267726E-03	-9.351787E-03	 2.695494E-03	-1.749516E-03	 8.931608E-03	 6.855152E-04	 3.417893E-03	-8.840727E-04	-7.891040E-04	-2.034205E-03	-1.736478E-03	-1.716294E-03	-1.243886E-03	-8.823356E-04	-4.780261E-04
0.80623	 0.000000E+00	-3.143748E-03	-9.639449E-03	 1.921487E-03	-1.969619E-03	 9.040360E-03	 7.339012E-04	 3.694085E-03	-7.708366E-04	-6.606024E-04	-2.012882E-03	-1.741516E-03	-1.769673E-03	-1.302425E-03	-9.434747E-04	-5.245999E-04
0.80932	 0.000000E+00	-4.024384E-03	-9.902202E-03	 1.149438E-03	-2.146333E-03	 9.160814E-03	 7.909164E-04	 3.980695E-03	-6.548955E-04	-5.262400E-04	-1.989126E-03	-1.744084E-03	-1.823628E-03	-1.362411E-03	-1.007247E-03	-5.742779E-04
0.81240	 0.000000E+00	-5.154008E-03	-8.274153E-03	 2.716709E-04	-2.065287E-03	 9.271089E-03	 8.751835E-04	 4.247058E-03	-5.594901E-04	-4.106754E-04	-1.988738E-03	-1.766880E-03	-1.893890E-03	-1.434692E-03	-1.080571E-03	-6.309834E-04
0.81548	 0.000000E+00	-6.108682E-03	-8.475567E-03	-5.249070E-04	-2.150152E-03	 9.446082E-03	 9.704162E-04	 4.584519E-03	-4.324575E-04	-2.606183E-04	-1.966939E-03	-1.773809E-03	-1.959958E-03	-1.507184E-03	-1.157677E-03	-6.913050E-04
0.81854	 0.000000E+00	-7.169394E-03	-8.701589E-03	-1.480786E-03	-2.328278E-03	 9.549493E-03	 1.025199E-03	 4.920114E-03	-2.979847E-04	-8.887267E-05	-1.926501E-03	-1.763808E-03	-2.015661E-03	-1.573675E-03	-1.233466E-03	-7.527191E-04
0.82158	 0.000000E+00	-8.332536E-03	-8.920949E-03	-2.563419E-03	-2.549220E-03	 9.622915E-03	 1.065399E-03	 5.272085E-03	-1.551085E-04	 1.016738E-04	-1.876679E-03	-1.745291E-03	-2.069463E-03	-1.640308E-03	-1.312225E-03	-8.183057E-04
0.82462	 0.000000E+00	-9.696608E-03	-8.324758E-03	-3.782285E-03	-2.668319E-03	 9.677700E-03	 1.118424E-03	 5.632547E-03	-1.232799E-05	 2.987345E-04	-1.830704E-03	-1.730525E-03	-2.130433E-03	-1.713724E-03	-1.398530E-03	-8.908308E-04
0.82765	 0.000000E+00	-1.101224E-02	-8.514529E-03	-5.036455E-03	-2.877328E-03	 9.731547E-03	 1.162697E-03	 6.029900E-03	 1.482677E-04	 5.245015E-04	-1.765984E-03	-1.699435E-03	-2.184939E-03	-1.784615E-03	-1.486875E-03	-9.668466E-04
0.83066	 0.000000E+00	-1.239436E-02	-8.712503E-03	-6.397973E-03	-3.108823E-03	 9.738970E-03	 1.181646E-03	 6.432940E-03	 3.117376E-04	 7.695460E-04	-1.688163E-03	-1.654125E-03	-2.232808E-03	-1.851696E-03	-1.575919E-03	-1.045880E-03
0.83367	 0.000000E+00	-1.377211E-02	-8.852286E-03	-7.753435E-03	-3.209930E-03	 9.777919E-03	 1.242868E-03	 6.865511E-03	 4.842807E-04	 1.026027E-03	-1.610480E-03	-1.607649E-03	-2.285898E-03	-1.923625E-03	-1.671187E-03	-1.132208E-03
0.83666	 0.000000E+00	-1.616629E-02	-3.224101E-03	-9.478889E-03	-2.376383E-03	 9.735704E-03	 1.452519E-03	 7.194698E-03	 6.128133E-04	 1.216969E-03	-1.593721E-03	-1.617434E-03	-2.377835E-03	-2.024769E-03	-1.786879E-03	-1.234381E-03
0.83964	 0.000000E+00	-1.763976E-02	-3.126012E-03	-1.086681E-02	-2.159513E-03	 9.828280E-03	 1.642529E-03	 7.694883E-03	 8.213663E-04	 1.503528E-03	-1.505533E-03	-1.567835E-03	-2.440174E-03	-2.110117E-03	-1.899708E-03	-1.336562E-03
0.84261	 0.000000E+00	-1.935324E-02	-3.075885E-03	-1.262597E-02	-2.188672E-03	 9.723567E-03	 1.706207E-03	 8.163345E-03	 1.024189E-03	 1.828693E-03	-1.382242E-03	-1.479371E-03	-2.475430E-03	-2.175380E-03	-2.003152E-03	-1.435694E-03
0.84558	 0.000000E+00	-2.125744E-02	-2.981929E-03	-1.465100E-02	-2.279806E-03	 9.512426E-03	 1.735400E-03	 8.633232E-03	 1.236682E-03	 2.186065E-03	-1.237593E-03	-1.366582E-03	-2.497949E-03	-2.230661E-03	-2.103196E-03	-1.537112E-03
0.84853	 0.000000E+00	-2.414722E-02	 1.371804E-03	-1.713583E-02	-1.654188E-03	 9.195472E-03	 1.897529E-03	 9.037305E-03	 1.436096E-03	 2.513793E-03	-1.126126E-03	-1.285831E-03	-2.545918E-03	-2.306161E-03	-2.219919E-03	-1.653647E-03
0.85147	 0.000000E+00	-2.633051E-02	 1.656801E-03	-1.947549E-02	-1.543607E-03	 8.919927E-03	 2.014260E-03	 9.568462E-03	 1.693208E-03	 2.930112E-03	-9.505631E-04	-1.146630E-03	-2.563304E-03	-2.362392E-03	-2.331613E-03	-1.769901E-03
0.85440	 0.000000E+00	-2.873716E-02	 1.907680E-03	-2.217578E-02	-1.597885E-03	 8.446871E-03	 2.018085E-03	 1.006506E-02	 1.936558E-03	 3.383266E-03	-7.435009E-04	-9.665152E-04	-2.553060E-03	-2.395599E-03	-2.432257E-03	-1.882316E-03
0.85732	 0.000000E+00	-3.126953E-02	 2.274846E-03	-2.507418E-02	-1.535392E-03	 7.898437E-03	 2.050468E-03	 1.057030E-02	 2.194504E-03	 3.865030E-03	-5.202170E-04	-7.652172E-04	-2.534309E-03	-2.420280E-03	-2.530767E-03	-1.998260E-03
0.86023	 0.000000E+00	-3.580526E-02	 1.099728E-02	-2.875765E-02	 1.363453E-04	 7.201057E-03	 2.436500E-03	 1.093406E-02	 2.442488E-03	 4.262917E-03	-3.725661E-04	-6.432055E-04	-2.573837E-03	-2.492214E-03	-2.664603E-03	-2.143750E-03
0.86313	 0.000000E+00	-3.861808E-02	 1.174540E-02	-3.196042E-02	 7.058951E-04	 6.584910E-03	 2.694596E-03	 1.150556E-02	 2.779681E-03	 4.809118E-03	-1.085827E-04	-4.118789E-04	-2.548019E-03	-2.517885E-03	-2.777300E-03	-2.277548E-03
0.86603	 0.000000E+00	-4.178716E-02	 1.242000E-02	-3.575442E-02	 9.192534E-04	 5.580101E-03	 2.712355E-03	 1.195493E-02	 3.062928E-03	 5.388461E-03	 1.992282E-04	-1.137280E-04	-2.467118E-03	-2.492381E-03	-2.857127E-03	-2.390841E-03
0.86891	 0.000000E+00	-4.522292E-02	 1.324810E-02	-3.996083E-02	 1.154162E-03	 4.348321E-03	 2.697948E-03	 1.235081E-02	 3.345973E-03	 5.996421E-03	 5.352846E-04	 2.245102E-04	-2.358944E-03	-2.437987E-03	-2.918619E-03	-2.495451E-03
0.87178	 0.000000E+00	-5.115072E-02	 2.316489E-02	-4.523087E-02	 3.276049E-03	 2.886180E-03	 3.148447E-03	 1.257783E-02	 3.654920E-03	 6.516675E-03	 8.026392E-04	 4.825970E-04	-2.309556E-03	-2.432057E-03	-3.017578E-03	-2.632623E-03
0.87464	 0.000000E+00	-5.501051E-02	 2.439859E-02	-4.999749E-02	 4.060212E-03	 1.410015E-03	 3.386906E-03	 1.297857E-02	 4.032968E-03	 7.194081E-03	 1.200216E-03	 8.730370E-04	-2.173047E-03	-2.355958E-03	-3.076768E-03	-2.743573E-03
0.87750	 0.000000E+00	-5.924559E-02	 2.549577E-02	-5.543887E-02	 4.437135E-03	-5.807822E-04	 3.319414E-03	 1.316930E-02	 4.313126E-03	 7.876596E-03	 1.634093E-03	 1.337442E-03	-1.966803E-03	-2.207017E-03	-3.083168E-03	-2.815668E-03
0.88034	 0.000000E+00	-6.374413E-02	 2.681003E-02	-6.132399E-02	 4.886287E-03	-2.895990E-03	 3.214538E-03	 1.322016E-02	 4.570228E-03	 8.552536E-03	 2.090380E-03	 1.840482E-03	-1.722938E-03	-2.013182E-03	-3.054041E-03	-2.861887E-03
0.88318	 0.000000E+00	-7.148340E-02	 3.915533E-02	-6.856792E-02	 7.836152E-03	-5.528055E-03	 3.785825E-03	 1.301506E-02	 4.893264E-03	 9.085737E-03	 2.466868E-03	 2.234488E-03	-1.547872E-03	-1.876636E-03	-3.064361E-03	-2.940881E-03
0.88600	 0.000000E+00	-7.639567E-02	 4.088571E-02	-7.508609E-02	 8.993854E-03	-8.228614E-03	 4.018670E-03	 1.296983E-02	 5.263116E-03	 9.793386E-03	 2.991995E-03	 2.789410E-03	-1.261295E-03	-1.642026E-03	-3.012905E-03	-2.974508E-03
0.88882	 0.000000E+00	-8.166403E-02	 4.231225E-02	-8.233847E-02	 9.620068E-03	-1.158401E-02	 3.844084E-03	 1.259766E-02	 5.471448E-03	 1.045875E-02	 3.534279E-03	 3.416761E-03	-8.942139E-04	-1.313611E-03	-2.887714E-03	-2.946904E-03
0.89163	 0.000000E+00	-8.705185E-02	 4.394145E-02	-8.986926E-02	 1.041583E-02	-1.528551E-02	 3.679190E-03	 1.196395E-02	 5.640544E-03	 1.103177E-02	 4.080765E-03	 4.051015E-03	-4.853950E-04	-9.325621E-04	-2.705723E-03	-2.868620E-03
0.89443	 0.000000E+00	-9.783300E-02	 6.325403E-02	-9.948552E-02	 1.552263E-02	-1.934849E-02	 4.840299E-03	 1.094538E-02	 6.020654E-03	 1.132480E-02	 4.505085E-03	 4.462195E-03	-2.083242E-04	-6.795006E-04	-2.605854E-03	-2.856601E-03
0.89722	 0.000000E+00	-1.036107E-01	 6.530130E-02	-1.076552E-01	 1.738710E-02	-2.346088E-02	 5.297939E-03	 1.015257E-02	 6.405197E-03	 1.186480E-02	 5.135077E-03	 5.110943E-03	 2.363908E-04	-2.708236E-04	-2.399757E-03	-2.760048E-03
0.90000	 0.000000E+00	-1.099572E-01	 6.646275E-02	-1.169697E-01	 1.796446E-02	-2.861866E-02	 4.963165E-03	 8.763552E-03	 6.488130E-03	 1.226729E-02	 5.771057E-03	 5.846250E-03	 8.087904E-04	 2.838207E-04	-2.064295E-03	-2.548956E-03
0.90277	 0.000000E+00	-1.166178E-01	 6.725697E-02	-1.268432E-01	 1.797598E-02	-3.437912E-02	 4.392962E-03	 6.909700E-03	 6.507077E-03	 1.250308E-02	 6.451365E-03	 6.597177E-03	 1.479265E-03	 9.218398E-04	-1.626206E-03	-2.248426E-03
0.90554	 0.000000E+00	-1.295626E-01	 8.814337E-02	-1.393682E-01	 2.313756E-02	-4.062967E-02	 5.546793E-03	 4.642677E-03	 6.901356E-03	 1.240925E-02	 7.036968E-03	 7.079596E-03	 2.001167E-03	 1.388269E-03	-1.296863E-03	-2.040825E-03
0.90830	 0.000000E+00	-1.365453E-01	 8.960701E-02	-1.498778E-01	 2.458682E-02	-4.685652E-02	 5.730596E-03	 2.531634E-03	 7.133334E-03	 1.249699E-02	 7.757452E-03	 7.772614E-03	 2.673779E-03	 2.026019E-03	-8.358009E-04	-1.714798E-03
0.91104	 0.000000E+00	-1.435760E-01	 9.017170E-02	-1.608440E-01	 2.487715E-02	-5.392643E-02	 4.966144E-03	-3.362086E-04	 6.824661E-03	 1.222356E-02	 8.306737E-03	 8.414525E-03	 3.402863E-03	 2.773034E-03	-2.402957E-04	-1.247036E-03
0.91378	 0.000000E+00	-1.501398E-01	 9.077394E-02	-1.712233E-01	 2.568027E-02	-6.084577E-02	 4.577841E-03	-3.441379E-03	 6.594384E-03	 1.172721E-02	 8.841960E-03	 8.929941E-03	 4.136245E-03	 3.472764E-03	 3.808185E-04	-7.520440E-04
0.91652	 0.000000E+00	-1.700942E-01	 1.380839E-01	-1.865249E-01	 3.965963E-02	-6.794064E-02	 9.272119E-03	-6.742371E-03	 7.852338E-03	 1.069931E-02	 9.345492E-03	 8.801082E-03	 4.480190E-03	 3.624505E-03	 6.139615E-04	-6.290225E-04
0.91924	 0.000000E+00	-1.760633E-01	 1.388454E-01	-1.960011E-01	 4.316810E-02	-7.419933E-02	 1.113481E-02	-9.468866E-03	 8.637195E-03	 1.016887E-02	 1.018651E-02	 9.169705E-03	 5.170888E-03	 4.171659E-03	 1.157782E-03	-2.304683E-04
0.92195	 0.000000E+00	-1.830244E-01	 1.377423E-01	-2.072046E-01	 4.291747E-02	-8.245695E-02	 1.045092E-02	-1.368118E-02	 8.148306E-03	 8.943326E-03	 1.061994E-02	 9.421767E-03	 5.915657E-03	 4.912708E-03	 1.937768E-03	 4.362721E-04
0.92466	 0.000000E+00	-1.913033E-01	 1.364544E-01	-2.199727E-01	 3.975547E-02	-9.238429E-02	 7.835872E-03	-1.919377E-02	 6.674750E-03	 7.061779E-03	 1.069247E-02	 9.496729E-03	 6.672816E-03	 5.734417E-03	 2.884028E-03	 1.297658E-03
0.92736	 0.000000E+00	-1.968187E-01	 1.231146E-01	-2.318424E-01	 3.211617E-02	-1.027583E-01	 3.259458E-03	-2.538895E-02	 4.329166E-03	 4.774283E-03	 1.046571E-02	 9.453902E-03	 7.420297E-03	 6.609114E-03	 3.961206E-03	 2.321131E-03
0.93005	 0.000000E+00	-2.060604E-01	 1.210725E-01	-2.457487E-01	 2.678949E-02	-1.139679E-01	-8.574283E-04	-3.229666E-02	 1.756667E-03	 1.855390E-03	 9.859689E-03	 8.982030E-03	 7.935941E-03	 7.253116E-03	 4.942466E-03	 3.292844E-03
0.93274	 0.000000E+00	-2.165687E-01	 1.185732E-01	-2.619402E-01	 2.176176E-02	-1.264456E-01	-4.861108E-03	-3.970529E-02	-8.782517E-04	-1.327263E-03	 9.173207E-03	 8.377991E-03	 8.398941E-03	 7.825339E-03	 5.907644E-03	 4.259461E-03
0.93541	 0.000000E+00	-2.308192E-01	 1.182107E-01	-2.839547E-01	 1.618680E-02	-1.426907E-01	-9.826920E-03	-4.873385E-02	-4.137712E-03	-5.141247E-03	 8.265160E-03	 7.662540E-03	 8.888119E-03	 8.488456E-03	 6.989071E-03	 5.364417E-03
0.93808	 0.000000E+00	-2.422664E-01	 9.190433E-02	-3.102445E-01	 1.474958E-03	-1.634960E-01	-1.967448E-02	-6.032724E-02	-9.663292E-03	-9.838135E-03	 6.744496E-03	 6.989758E-03	 9.512295E-03	 9.530459E-03	 8.456491E-03	 6.911539E-03
0.94074	 0.000000E+00	-2.631589E-01	 9.324438E-02	-3.443562E-01	-6.294646E-03	-1.888749E-01	-2.803074E-02	-7.432450E-02	-1.544026E-02	-1.595369E-02	 4.567658E-03	 5.497665E-03	 9.764993E-03	 1.016029E-02	 9.749559E-03	 8.327274E-03
0.94340	 0.000000E+00	-2.840472E-01	 9.526341E-02	-3.787794E-01	-1.092600E-02	-2.146288E-01	-3.472410E-02	-8.879541E-02	-2.082656E-02	-2.262936E-02	 2.161400E-03	 3.428989E-03	 9.681169E-03	 1.038098E-02	 1.081488E-02	 9.525142E-03
0.94604	 0.000000E+00	-3.058199E-01	 1.006046E-01	-4.140345E-01	-1.331324E-02	-2.413763E-01	-4.063534E-02	-1.042266E-01	-2.631907E-02	-3.023605E-02	-7.269192E-04	 5.937810E-04	 9.151003E-03	 1.017902E-02	 1.165022E-02	 1.054304E-02
0.94868	 0.000000E+00	-3.270279E-01	 9.392506E-02	-4.536868E-01	-1.959174E-02	-2.727705E-01	-4.924907E-02	-1.226008E-01	-3.358843E-02	-3.941968E-02	-4.576021E-03	-2.985240E-03	 8.244603E-03	 9.782786E-03	 1.249277E-02	 1.165176E-02
0.95131	 0.000000E+00	-3.588243E-01	 1.027093E-01	-5.093494E-01	-2.190510E-02	-3.166041E-01	-5.837004E-02	-1.474347E-01	-4.232207E-02	-5.156690E-02	-9.483089E-03	-7.807429E-03	 6.960227E-03	 9.011553E-03	 1.333814E-02	 1.278754E-02
0.95394	 0.000000E+00	-3.959003E-01	 1.110296E-01	-5.777619E-01	-2.375486E-02	-3.725367E-01	-6.871891E-02	-1.792290E-01	-5.274175E-02	-6.711067E-02	-1.555349E-02	-1.420820E-02	 5.108478E-03	 7.681672E-03	 1.409854E-02	 1.388286E-02
0.95656	 0.000000E+00	-4.333928E-01	 1.217425E-01	-6.470283E-01	-2.661984E-02	-4.329103E-01	-8.108719E-02	-2.152026E-01	-6.542151E-02	-8.591027E-02	-2.363230E-02	-2.303723E-02	 1.728232E-03	 5.120958E-03	 1.410162E-02	 1.452090E-02
0.95917	 0.000000E+00	-4.371287E-01	 4.044077E-02	-6.964668E-01	-6.133724E-02	-4.902335E-01	-1.088272E-01	-2.537913E-01	-8.629181E-02	-1.074868E-01	-3.607072E-02	-3.386911E-02	-3.982603E-03	 1.676518E-03	 1.322467E-02	 1.505391E-02
0.96177	 0.000000E+00	-4.622553E-01	 4.828757E-02	-7.534595E-01	-6.478490E-02	-5.530906E-01	-1.248867E-01	-2.965866E-01	-1.042392E-01	-1.320740E-01	-4.939292E-02	-4.747608E-02	-1.129551E-02	-4.292184E-03	 1.061026E-02	 1.362831E-02
0.96437	 0.000000E+00	-4.770943E-01	 5.456561E-02	-8.004324E-01	-5.639829E-02	-6.141609E-01	-1.315523E-01	-3.393596E-01	-1.177279E-01	-1.568032E-01	-6.134901E-02	-6.175173E-02	-1.877408E-02	-1.142146E-02	 7.014802E-03	 1.081508E-02
0.96695	 0.000000E+00	-4.770606E-01	 5.947979E-02	-8.291467E-01	-3.683289E-02	-6.681081E-01	-1.283761E-01	-3.795730E-01	-1.263082E-01	-1.808482E-01	-7.161297E-02	-7.653054E-02	-2.644620E-02	-1.968873E-02	 2.220215E-03	 6.519748E-03
0.96954	 0.000000E+00	-4.806104E-01	 1.258796E-01	-8.409001E-01	 1.631615E-02	-7.106158E-01	-1.036264E-01	-4.134072E-01	-1.237582E-01	-2.017683E-01	-7.700506E-02	-9.075359E-02	-3.285150E-02	-2.889790E-02	-3.521377E-03	 4.170931E-04
0.97211	 0.000000E+00	-4.327300E-01	 1.214440E-01	-8.004452E-01	 5.847220E-02	-7.289717E-01	-7.401358E-02	-4.348607E-01	-1.160574E-01	-2.159196E-01	-7.869756E-02	-1.020446E-01	-3.761219E-02	-3.683945E-02	-9.529218E-03	-5.741395E-03
0.97468	 0.000000E+00	-3.523845E-01	 1.143777E-01	-7.104707E-01	 1.090993E-01	-7.237748E-01	-3.203226E-02	-4.441098E-01	-1.010782E-01	-2.226295E-01	-7.631028E-02	-1.099041E-01	-4.022082E-02	-4.340319E-02	-1.578752E-02	-1.192858E-02
0.97724	 0.000000E+00	-2.136434E-01	 7.761217E-02	-5.399519E-01	 1.611578E-01	-6.789574E-01	 2.478191E-02	-4.322868E-01	-7.563274E-02	-2.155949E-01	-6.712951E-02	-1.100399E-01	-3.812780E-02	-4.587884E-02	-2.086414E-02	-1.642651E-02
0.97980	 0.000000E+00	 5.291462E-02	-7.123357E-02	-2.035910E-01	 1.882790E-01	-5.366460E-01	 9.441676E-02	-3.642381E-01	-3.450186E-02	-1.734327E-01	-4.571569E-02	-8.961857E-02	-2.657965E-02	-3.691312E-02	-2.182271E-02	-1.497907E-02
0.98234	 0.000000E+00	 4.458665E-01	-1.930081E-01	 3.706302E-01	 2.593328E-01	-2.121467E-01	 2.284183E-01	-1.752041E-01	 6.118433E-02	-5.216459E-02	 1.399760E-02	-1.992638E-02	 1.185768E-02	-2.616468E-04	-8.043330E-03	 7.656322E-04
0.98489	 0.000000E+00	 1.067604E+00	-3.321045E-01	 1.338738E+00	 3.904327E-01	 4.181830E-01	 4.696696E-01	 2.296288E-01	 2.546841E-01	 2.167175E-01	 1.482237E-01	 1.456669E-01	 1.047205E-01	 9.479271E-02	 3.954501E-02	 5.048494E-02
0.98742	 0.000000E+00	 2.154725E+00	-6.639969E-01	 3.032922E+00	 5.510065E-01	 1.596373E+00	 8.559478E-01	 1.027845E+00	 5.995168E-01	 7.617128E-01	 4.084472E-01	 4.949426E-01	 2.952382E-01	 3.066650E-01	 1.527396E-01	 1.727313E-01
0.98995	 0.000000E+00	 4.022211E+00	-1.127237E+00	 6.039639E+00	 8.389578E-01	 3.816722E+00	 1.535478E+00	 2.602745E+00	 1.247796E+00	 1.863987E+00	 9.237657E-01	 1.224793E+00	 6.856074E-01	 7.663872E-01	 4.057596E-01	 4.520263E-01
0.99247	 0.000000E+00	 7.600794E+00	-2.232854E+00	 1.171583E+01	 1.173558E+00	 8.128450E+00	 2.657821E+00	 5.755624E+00	 2.445329E+00	 4.113513E+00	 1.926531E+00	 2.756507E+00	 1.470703E+00	 1.761471E+00	 9.482237E-01	 1.078815E+00
0.99499	 0.000000E+00	 1.440607E+01	-4.351895E+00	 2.241846E+01	 1.555191E+00	 1.649739E+01	 4.566366E+00	 1.204355E+01	 4.726220E+00	 8.684887E+00	 3.883240E+00	 5.960761E+00	 3.028006E+00	 3.892530E+00	 2.084099E+00	 2.451826E+00
0.99750	 0.000000E+00	 2.484363E+01	-7.811201E+00	 3.835979E+01	 1.496353E+00	 2.931221E+01	 6.970642E+00	 2.194859E+01	 8.089832E+00	 1.606231E+01	 6.901287E+00	 1.133545E+01	 5.480762E+00	 7.592051E+00	 3.992032E+00	 4.906915E+00
1.00000	 0.000000E+00	 3.648982E+01	-1.166923E+01	 5.618628E+01	 1.332503E+00	 4.384864E+01	 9.605278E+00	 3.335017E+01	 1.191401E+01	 2.466009E+01	 1.037552E+01	 1.767848E+01	 8.343560E+00	 1.200681E+01	 6.269127E+00	 7.874144E+00
