r	   0/   0	   1/   0	   2/   0	   3/   0	   4/   0	   5/   0	   6/   0	   7/   0	   8/   0	   9/   0	  10/   0	  11/   0	  12/   0	  13/   0	  14/   0	  15/   0
0.07071	 0.000000E+00	 1.044024E-01	 5.694723E-01	 4.488797E-03	 8.095713E-03	-1.263934E-03	-2.849312E-03	 4.574911E-04	 3.136008E-04	-5.783687E-05	-1.407681E-06	-2.039094E-05	-9.434734E-06	 5.088585E-06	 1.807878E-06	-4.559123E-07
0.10000	 0.000000E+00	 1.549575E-01	 5.965939E-01	 6.419159E-03	 4.700134E-03	-1.684079E-03	-3.867407E-03	 2.521345E-04	 5.599829E-04	-7.397939E-05	-3.598024E-05	-1.523474E-05	-1.080853E-05	 4.382233E-06	 3.307135E-06	-5.052966E-07
0.12247	 0.000000E+00	 1.910323E-01	 5.916101E-01	 9.317796E-03	 2.038067E-03	-1.858011E-03	-3.270478E-03	 8.128962E-05	 5.901632E-04	-7.343771E-05	-9.163395E-05	-6.188002E-06	-3.379696E-06	 3.109761E-06	 3.330909E-06	-6.010269E-07
0.14142	 0.000000E+00	 2.364422E-01	 5.978512E-01	 1.209374E-02	-2.136739E-03	-1.697871E-03	-2.300590E-03	-4.831686E-05	 5.412902E-04	-7.042501E-05	-1.179479E-04	 4.066173E-06	 8.653609E-06	 2.983108E-06	 1.897080E-06	-5.045158E-07
0.15811	 0.000000E+00	 2.773220E-01	 6.052277E-01	 1.727519E-02	-5.376669E-03	-2.403363E-03	-1.765760E-03	-6.010963E-05	 4.622529E-04	-5.403798E-05	-1.292395E-04	 1.622075E-06	 1.715463E-05	 3.113931E-06	 8.819513E-08	 4.595040E-08
0.17321	 0.000000E+00	 3.110917E-01	 6.136398E-01	 2.239263E-02	-8.016739E-03	-3.211802E-03	-1.516444E-03	-1.331251E-04	 3.679024E-04	-1.990522E-05	-1.201722E-04	-3.761208E-06	 1.937500E-05	 2.198509E-06	-1.563935E-06	 6.556089E-07
0.18708	 0.000000E+00	 3.349581E-01	 6.224232E-01	 2.656921E-02	-1.032152E-02	-4.078259E-03	-1.459050E-03	-2.161103E-04	 2.748946E-04	 2.418374E-06	-1.014824E-04	-6.543356E-06	 1.819197E-05	 1.187962E-06	-3.004449E-06	 9.775167E-07
0.20000	 0.000000E+00	 3.477518E-01	 6.306335E-01	 2.934331E-02	-1.242364E-02	-4.964463E-03	-1.533325E-03	-2.976743E-04	 1.937333E-04	 1.269587E-05	-8.154931E-05	-7.970632E-06	 1.535586E-05	 6.461757E-07	-3.898604E-06	 1.023415E-06
0.21213	 0.000000E+00	 3.497430E-01	 6.375705E-01	 3.052012E-02	-1.441662E-02	-5.845016E-03	-1.685771E-03	-3.723465E-04	 1.253173E-04	 1.408209E-05	-6.386823E-05	-8.468756E-06	 1.192340E-05	 3.873298E-07	-4.236237E-06	 9.276180E-07
0.22361	 0.000000E+00	 3.438971E-01	 6.431408E-01	 3.030716E-02	-1.634326E-02	-6.692709E-03	-1.878908E-03	-4.425644E-04	 6.843472E-05	 1.053875E-05	-4.920071E-05	-8.027225E-06	 8.716903E-06	 2.696720E-07	-4.184525E-06	 7.882409E-07
0.23452	 0.000000E+00	 3.346413E-01	 6.477232E-01	 2.926084E-02	-1.820379E-02	-7.510856E-03	-2.094543E-03	-5.097539E-04	 2.080805E-05	 4.316731E-06	-3.742373E-05	-6.773705E-06	 6.123914E-06	 2.344648E-07	-3.914873E-06	 6.621941E-07
0.24495	 0.000000E+00	 3.271631E-01	 6.521150E-01	 2.818611E-02	-1.995983E-02	-8.319894E-03	-2.330661E-03	-5.785516E-04	-2.015960E-05	-2.813262E-06	-2.813341E-05	-5.053925E-06	 4.242393E-06	 2.681807E-07	-3.559642E-06	 5.711677E-07
0.25495	 0.000000E+00	 3.250823E-01	 6.569666E-01	 2.775752E-02	-2.157515E-02	-9.150928E-03	-2.593881E-03	-6.529078E-04	-5.708308E-05	-1.014486E-05	-2.108616E-05	-3.315271E-06	 2.968115E-06	 3.565325E-07	-3.210695E-06	 5.138328E-07
0.26458	 0.000000E+00	 3.285860E-01	 6.624378E-01	 2.816177E-02	-2.305279E-02	-1.003817E-02	-2.889409E-03	-7.309118E-04	-9.227412E-05	-1.857970E-05	-1.632929E-05	-1.907940E-06	 2.067119E-06	 4.503250E-07	-2.916281E-06	 4.838871E-07
0.27386	 0.000000E+00	 3.366936E-01	 6.684435E-01	 2.935432E-02	-2.440936E-02	-1.098636E-02	-3.218496E-03	-8.155192E-04	-1.269574E-04	-2.756969E-05	-1.363071E-05	-1.081934E-06	 1.418430E-06	 5.559649E-07	-2.696081E-06	 4.660665E-07
0.28284	 0.000000E+00	 3.475967E-01	 6.747679E-01	 3.112462E-02	-2.566794E-02	-1.198481E-02	-3.579125E-03	-9.096601E-04	-1.619597E-04	-3.660847E-05	-1.261653E-05	-8.887856E-07	 9.317616E-07	 6.755133E-07	-2.551738E-06	 4.487940E-07
0.29155	 0.000000E+00	 3.582240E-01	 6.809770E-01	 3.301274E-02	-2.687396E-02	-1.301921E-02	-3.963883E-03	-1.011268E-03	-1.978520E-04	-4.624196E-05	-1.292898E-05	-1.130662E-06	 4.900785E-07	 7.561873E-07	-2.470929E-06	 4.371409E-07
0.30000	 0.000000E+00	 3.664949E-01	 6.867174E-01	 3.465412E-02	-2.806587E-02	-1.406768E-02	-4.364427E-03	-1.120187E-03	-2.344410E-04	-5.617395E-05	-1.416905E-05	-1.638457E-06	 7.096847E-08	 7.907054E-07	-2.440868E-06	 4.335219E-07
0.30822	 0.000000E+00	 3.724068E-01	 6.919939E-01	 3.600690E-02	-2.925002E-02	-1.511260E-02	-4.776617E-03	-1.239115E-03	-2.717602E-04	-6.558605E-05	-1.591708E-05	-2.349478E-06	-3.042698E-07	 8.178502E-07	-2.448450E-06	 4.307363E-07
0.31623	 0.000000E+00	 3.764444E-01	 6.968743E-01	 3.711564E-02	-3.042742E-02	-1.614865E-02	-5.198427E-03	-1.368251E-03	-3.101730E-04	-7.454858E-05	-1.792777E-05	-3.151080E-06	-6.490264E-07	 8.354687E-07	-2.485556E-06	 4.283732E-07
0.32404	 0.000000E+00	 3.788414E-01	 7.014005E-01	 3.798094E-02	-3.160482E-02	-1.717884E-02	-5.627853E-03	-1.505111E-03	-3.500406E-04	-8.377297E-05	-2.007981E-05	-3.864112E-06	-9.943698E-07	 8.035788E-07	-2.546305E-06	 4.364051E-07
0.33166	 0.000000E+00	 3.807752E-01	 7.058135E-01	 3.877559E-02	-3.276681E-02	-1.820862E-02	-6.066529E-03	-1.650060E-03	-3.918215E-04	-9.334623E-05	-2.229241E-05	-4.483556E-06	-1.329182E-06	 7.442261E-07	-2.625224E-06	 4.492396E-07
0.33912	 0.000000E+00	 3.840213E-01	 7.104562E-01	 3.980790E-02	-3.387973E-02	-1.924690E-02	-6.520203E-03	-1.805220E-03	-4.360984E-04	-1.032508E-04	-2.463875E-05	-5.121136E-06	-1.628735E-06	 7.018851E-07	-2.724412E-06	 4.514940E-07
0.34641	 0.000000E+00	 3.894619E-01	 7.156326E-01	 4.126383E-02	-3.491517E-02	-2.030617E-02	-6.995202E-03	-1.971056E-03	-4.837389E-04	-1.141619E-04	-2.722306E-05	-5.766828E-06	-1.922253E-06	 6.569776E-07	-2.843196E-06	 4.439829E-07
0.35355	 0.000000E+00	 3.972029E-01	 7.215719E-01	 4.320954E-02	-3.585072E-02	-2.139551E-02	-7.497396E-03	-2.148360E-03	-5.355659E-04	-1.266510E-04	-3.012662E-05	-6.410926E-06	-2.239771E-06	 5.891099E-07	-2.979440E-06	 4.285699E-07
0.36056	 0.000000E+00	 4.071667E-01	 7.284219E-01	 4.568465E-02	-3.666565E-02	-2.251848E-02	-8.032397E-03	-2.339425E-03	-5.922258E-04	-1.408503E-04	-3.345618E-05	-7.137521E-06	-2.584827E-06	 5.138749E-07	-3.134056E-06	 3.967726E-07
0.36742	 0.000000E+00	 4.188694E-01	 7.361659E-01	 4.864722E-02	-3.735401E-02	-2.367428E-02	-8.602955E-03	-2.545817E-03	-6.542230E-04	-1.569101E-04	-3.729996E-05	-7.996274E-06	-2.970521E-06	 4.311916E-07	-3.305944E-06	 3.458075E-07
0.37417	 0.000000E+00	 4.313863E-01	 7.445127E-01	 5.194921E-02	-3.793507E-02	-2.485578E-02	-9.206228E-03	-2.767141E-03	-7.214848E-04	-1.748902E-04	-4.174090E-05	-9.003049E-06	-3.395252E-06	 3.305429E-07	-3.499606E-06	 2.766492E-07
0.38079	 0.000000E+00	 4.437878E-01	 7.531117E-01	 5.542051E-02	-3.843709E-02	-2.605247E-02	-9.836548E-03	-3.002452E-03	-7.937364E-04	-1.946179E-04	-4.678784E-05	-1.018375E-05	-3.849121E-06	 2.165861E-07	-3.719007E-06	 1.866066E-07
0.38730	 0.000000E+00	 4.552059E-01	 7.616864E-01	 5.889054E-02	-3.888805E-02	-2.725490E-02	-1.048797E-02	-3.250585E-03	-8.708298E-04	-2.159189E-04	-5.233170E-05	-1.151961E-05	-4.343515E-06	 8.751816E-08	-3.958070E-06	 7.813681E-08
0.39370	 0.000000E+00	 4.650295E-01	 7.700986E-01	 6.222680E-02	-3.930933E-02	-2.845684E-02	-1.115644E-02	-3.510759E-03	-9.526199E-04	-2.386271E-04	-5.826198E-05	-1.297520E-05	-4.880476E-06	-5.883426E-08	-4.212368E-06	-4.496373E-08
0.40000	 0.000000E+00	 4.730918E-01	 7.784007E-01	 6.538177E-02	-3.970618E-02	-2.965722E-02	-1.184194E-02	-3.783487E-03	-1.039212E-03	-2.626326E-04	-6.449887E-05	-1.451959E-05	-5.450939E-06	-2.206795E-07	-4.481309E-06	-1.808650E-07
0.40620	 0.000000E+00	 4.798269E-01	 7.869451E-01	 6.843794E-02	-4.005601E-02	-3.086250E-02	-1.255134E-02	-4.071977E-03	-1.131591E-03	-2.880596E-04	-7.098524E-05	-1.613225E-05	-6.061639E-06	-3.949518E-07	-4.758065E-06	-3.283040E-07
0.41231	 0.000000E+00	 4.860258E-01	 7.961388E-01	 7.155997E-02	-4.032135E-02	-3.208138E-02	-1.329476E-02	-4.380901E-03	-1.231140E-03	-3.151894E-04	-7.779237E-05	-1.784776E-05	-6.710479E-06	-5.680520E-07	-5.042378E-06	-4.937296E-07
0.41833	 0.000000E+00	 4.923162E-01	 8.063087E-01	 7.488383E-02	-4.046889E-02	-3.332238E-02	-1.408185E-02	-4.714595E-03	-1.339389E-03	-3.445562E-04	-8.504172E-05	-1.965945E-05	-7.397067E-06	-7.490270E-07	-5.337701E-06	-6.774861E-07
0.42426	 0.000000E+00	 4.990579E-01	 8.175895E-01	 7.848522E-02	-4.047986E-02	-3.459013E-02	-1.491841E-02	-5.075905E-03	-1.457523E-03	-3.767139E-04	-9.289370E-05	-2.154893E-05	-8.108759E-06	-9.524068E-07	-5.652636E-06	-8.776367E-07
0.43012	 0.000000E+00	 5.066165E-01	 8.300072E-01	 8.244399E-02	-4.033670E-02	-3.588555E-02	-1.580818E-02	-5.467447E-03	-1.586747E-03	-4.121196E-04	-1.015096E-04	-2.355176E-05	-8.833103E-06	-1.170212E-06	-5.994544E-06	-1.100884E-06
0.43589	 0.000000E+00	 5.154485E-01	 8.437517E-01	 8.687669E-02	-4.000827E-02	-3.721214E-02	-1.675815E-02	-5.893805E-03	-1.729260E-03	-4.514771E-04	-1.110036E-04	-2.568857E-05	-9.585921E-06	-1.399406E-06	-6.358478E-06	-1.350809E-06
0.44159	 0.000000E+00	 5.257523E-01	 8.588089E-01	 9.184688E-02	-3.947484E-02	-3.856872E-02	-1.777146E-02	-6.357910E-03	-1.886738E-03	-4.954727E-04	-1.215659E-04	-2.798518E-05	-1.036577E-05	-1.642982E-06	-6.749108E-06	-1.630457E-06
0.44721	 0.000000E+00	 5.377840E-01	 8.752810E-01	 9.744229E-02	-3.870830E-02	-3.995496E-02	-1.885342E-02	-6.864291E-03	-2.061563E-03	-5.449470E-04	-1.334007E-04	-3.048688E-05	-1.117976E-05	-1.894738E-06	-7.165173E-06	-1.945369E-06
0.45277	 0.000000E+00	 5.514877E-01	 8.930886E-01	 1.036831E-01	-3.769434E-02	-4.136606E-02	-2.000509E-02	-7.415737E-03	-2.255688E-03	-6.007200E-04	-1.467237E-04	-3.322645E-05	-1.203128E-05	-2.156446E-06	-7.608056E-06	-2.298950E-06
0.45826	 0.000000E+00	 5.666864E-01	 9.121406E-01	 1.105614E-01	-3.642468E-02	-4.279596E-02	-2.122632E-02	-8.014733E-03	-2.471034E-03	-6.636370E-04	-1.617778E-04	-3.623824E-05	-1.291280E-05	-2.426555E-06	-8.080756E-06	-2.694959E-06
0.46368	 0.000000E+00	 5.830733E-01	 9.322805E-01	 1.180376E-01	-3.489842E-02	-4.423634E-02	-2.251470E-02	-8.662880E-03	-2.709298E-03	-7.344942E-04	-1.788028E-04	-3.956575E-05	-1.381894E-05	-2.697848E-06	-8.582454E-06	-3.137236E-06
0.46904	 0.000000E+00	 6.002893E-01	 9.533933E-01	 1.260590E-01	-3.311650E-02	-4.568005E-02	-2.386840E-02	-9.361776E-03	-2.972098E-03	-8.141299E-04	-1.980821E-04	-4.324240E-05	-1.472901E-05	-2.965725E-06	-9.118004E-06	-3.627897E-06
0.47434	 0.000000E+00	 6.182041E-01	 9.755923E-01	 1.346470E-01	-3.105454E-02	-4.712396E-02	-2.529221E-02	-1.011693E-02	-3.262626E-03	-9.037248E-04	-2.198965E-04	-4.732977E-05	-1.565354E-05	-3.210689E-06	-9.672788E-06	-4.170492E-06
0.47958	 0.000000E+00	 6.366265E-01	 9.989619E-01	 1.438049E-01	-2.869101E-02	-4.856403E-02	-2.679032E-02	-1.093390E-02	-3.584240E-03	-1.004647E-03	-2.446208E-04	-5.188786E-05	-1.658687E-05	-3.417179E-06	-1.023586E-05	-4.766182E-06
0.48477	 0.000000E+00	 6.550036E-01	 1.023196E+00	 1.534134E-01	-2.604278E-02	-4.998746E-02	-2.835525E-02	-1.181235E-02	-3.938245E-03	-1.117837E-03	-2.726524E-04	-5.698638E-05	-1.749369E-05	-3.566860E-06	-1.080821E-05	-5.417876E-06
0.48990	 0.000000E+00	 6.726334E-01	 1.047867E+00	 1.632812E-01	-2.315302E-02	-5.138035E-02	-2.997351E-02	-1.274824E-02	-4.324575E-03	-1.243919E-03	-3.043307E-04	-6.265402E-05	-1.831777E-05	-3.643575E-06	-1.139472E-05	-6.123733E-06
0.49497	 0.000000E+00	 6.891274E-01	 1.072698E+00	 1.732960E-01	-2.004380E-02	-5.273163E-02	-3.163555E-02	-1.373952E-02	-4.744033E-03	-1.383689E-03	-3.399526E-04	-6.894698E-05	-1.904365E-05	-3.618631E-06	-1.197769E-05	-6.881070E-06
0.50000	 0.000000E+00	 7.047844E-01	 1.097898E+00	 1.835374E-01	-1.668521E-02	-5.403814E-02	-3.334499E-02	-1.479171E-02	-5.200487E-03	-1.538891E-03	-3.800680E-04	-7.601308E-05	-1.967670E-05	-3.443277E-06	-1.252607E-05	-7.692333E-06
0.50498	 0.000000E+00	 7.195413E-01	 1.123333E+00	 1.939775E-01	-1.307645E-02	-5.529106E-02	-3.509651E-02	-1.590465E-02	-5.695592E-03	-1.710899E-03	-4.252745E-04	-8.397984E-05	-2.020506E-05	-3.098996E-06	-1.302696E-05	-8.551630E-06
0.50990	 0.000000E+00	 7.335952E-01	 1.149109E+00	 2.046517E-01	-9.202618E-03	-5.648534E-02	-3.688947E-02	-1.708122E-02	-6.232403E-03	-1.901604E-03	-4.763443E-04	-9.302835E-05	-2.060790E-05	-2.543881E-06	-1.345989E-05	-9.456403E-06
0.51478	 0.000000E+00	 7.467059E-01	 1.174844E+00	 2.154577E-01	-5.091952E-03	-5.760704E-02	-3.870910E-02	-1.831555E-02	-6.810384E-03	-2.111907E-03	-5.339208E-04	-1.033534E-04	-2.087994E-05	-1.753883E-06	-1.381294E-05	-1.040134E-05
0.51962	 0.000000E+00	 7.591905E-01	 1.200707E+00	 2.264577E-01	-7.258706E-04	-5.865206E-02	-4.055493E-02	-1.961027E-02	-7.432606E-03	-2.343878E-03	-5.989234E-04	-1.152173E-04	-2.102776E-05	-6.819879E-07	-1.405467E-05	-1.137944E-05
0.52440	 0.000000E+00	 7.711330E-01	 1.226576E+00	 2.376595E-01	 3.901524E-03	-5.960969E-02	-4.241958E-02	-2.096358E-02	-8.100265E-03	-2.599082E-03	-6.722550E-04	-1.289495E-04	-2.110378E-05	 7.012154E-07	-1.415620E-05	-1.238328E-05
0.52915	 0.000000E+00	 7.831130E-01	 1.252883E+00	 2.492327E-01	 8.848579E-03	-6.047817E-02	-4.431137E-02	-2.238381E-02	-8.819133E-03	-2.880764E-03	-7.552909E-04	-1.449621E-04	-2.115468E-05	 2.443611E-06	-1.407251E-05	-1.339872E-05
0.53385	 0.000000E+00	 7.952330E-01	 1.279488E+00	 2.612037E-01	 1.412753E-02	-6.124262E-02	-4.622154E-02	-2.386885E-02	-9.590513E-03	-3.190858E-03	-8.493101E-04	-1.637872E-04	-2.128216E-05	 4.570970E-06	-1.377591E-05	-1.441960E-05
0.53852	 0.000000E+00	 8.077300E-01	 1.306589E+00	 2.736443E-01	 1.976815E-02	-6.189675E-02	-4.815043E-02	-2.542219E-02	-1.041832E-02	-3.532318E-03	-9.558466E-04	-1.859565E-04	-2.157070E-05	 7.115424E-06	-1.322412E-05	-1.542371E-05
0.54314	 0.000000E+00	 8.205382E-01	 1.334029E+00	 2.865418E-01	 2.577337E-02	-6.242587E-02	-5.008778E-02	-2.704073E-02	-1.130351E-02	-3.907094E-03	-1.076309E-03	-2.121228E-04	-2.218425E-05	 1.009697E-05	-1.237590E-05	-1.639594E-05
0.54772	 0.000000E+00	 8.337404E-01	 1.361966E+00	 2.999413E-01	 3.217089E-02	-6.282274E-02	-5.203318E-02	-2.872777E-02	-1.225003E-02	-4.318285E-03	-1.212404E-03	-2.429676E-04	-2.328165E-05	 1.354329E-05	-1.117146E-05	-1.730421E-05
0.55227	 0.000000E+00	 8.472575E-01	 1.390343E+00	 3.138330E-01	 3.896809E-02	-6.307521E-02	-5.397890E-02	-3.048173E-02	-1.325955E-02	-4.768259E-03	-1.365808E-03	-2.792898E-04	-2.508513E-05	 1.746219E-05	-9.558827E-06	-1.811968E-05
0.55678	 0.000000E+00	 8.610585E-01	 1.419151E+00	 3.282253E-01	 4.617987E-02	-6.317134E-02	-5.591868E-02	-3.230225E-02	-1.433444E-02	-5.259723E-03	-1.538362E-03	-3.219800E-04	-2.785960E-05	 2.185501E-05	-7.478752E-06	-1.880721E-05
0.56125	 0.000000E+00	 8.751678E-01	 1.448480E+00	 3.431425E-01	 5.382786E-02	-6.310080E-02	-5.784827E-02	-3.419076E-02	-1.547822E-02	-5.796011E-03	-1.732150E-03	-3.720113E-04	-3.190609E-05	 2.671566E-05	-4.852875E-06	-1.931345E-05
0.56569	 0.000000E+00	 8.892668E-01	 1.477916E+00	 3.584572E-01	 6.186410E-02	-6.284783E-02	-5.974547E-02	-3.613395E-02	-1.668640E-02	-6.377349E-03	-1.948633E-03	-4.304325E-04	-3.762164E-05	 3.196816E-05	-1.667054E-06	-1.961398E-05
0.57009	 0.000000E+00	 9.035301E-01	 1.507828E+00	 3.742759E-01	 7.034975E-02	-6.240625E-02	-6.161671E-02	-3.814073E-02	-1.796616E-02	-7.008514E-03	-2.190372E-03	-4.984139E-04	-4.541862E-05	 3.758173E-05	 2.174985E-06	-1.963559E-05
0.57446	 0.000000E+00	 9.179582E-01	 1.538333E+00	 3.906434E-01	 7.932393E-02	-6.176299E-02	-6.345944E-02	-4.021457E-02	-1.932230E-02	-7.693620E-03	-2.459999E-03	-5.773133E-04	-5.580048E-05	 4.349018E-05	 6.760064E-06	-1.930578E-05
0.57879	 0.000000E+00	 9.320908E-01	 1.568971E+00	 4.073581E-01	 8.870810E-02	-6.090859E-02	-6.524868E-02	-4.233841E-02	-2.074791E-02	-8.432001E-03	-2.758905E-03	-6.683405E-04	-6.929997E-05	 4.954146E-05	 1.208705E-05	-1.858236E-05
0.58310	 0.000000E+00	 9.456788E-01	 1.599614E+00	 4.243288E-01	 9.847765E-02	-5.983801E-02	-6.697293E-02	-4.450568E-02	-2.224160E-02	-9.224995E-03	-3.088853E-03	-7.727398E-04	-8.651019E-05	 5.558305E-05	 1.820118E-05	-1.739146E-05
0.58737	 0.000000E+00	 9.589223E-01	 1.630592E+00	 4.416710E-01	 1.086990E-01	-5.854076E-02	-6.863619E-02	-4.672488E-02	-2.381082E-02	-1.007795E-02	-3.453033E-03	-8.922070E-04	-1.081370E-04	 6.148063E-05	 2.519808E-05	-1.563431E-05
0.59161	 0.000000E+00	 9.715034E-01	 1.661615E+00	 4.592343E-01	 1.193151E-01	-5.701271E-02	-7.022018E-02	-4.898245E-02	-2.544983E-02	-1.099047E-02	-3.852964E-03	-1.028146E-03	-1.349139E-04	 6.697046E-05	 3.305703E-05	-1.325111E-05
0.59582	 0.000000E+00	 9.833948E-01	 1.692639E+00	 4.769970E-01	 1.303222E-01	-5.524600E-02	-7.171492E-02	-5.127298E-02	-2.715767E-02	-1.196425E-02	-4.290839E-03	-1.182205E-03	-1.676926E-04	 7.176934E-05	 4.177894E-05	-1.016794E-05
0.60000	 0.000000E+00	 9.949056E-01	 1.723994E+00	 4.950973E-01	 1.417908E-01	-5.322671E-02	-7.312191E-02	-5.360353E-02	-2.894132E-02	-1.300486E-02	-4.770355E-03	-1.356534E-03	-2.074695E-04	 7.558970E-05	 5.140686E-05	-6.280640E-06
0.60415	 0.000000E+00	 1.005706E+00	 1.755302E+00	 5.133672E-01	 1.536522E-01	-5.095201E-02	-7.442009E-02	-5.595665E-02	-3.079220E-02	-1.411053E-02	-5.292652E-03	-1.552665E-03	-2.552323E-04	 7.797954E-05	 6.183640E-05	-1.543583E-06
0.60828	 0.000000E+00	 1.016048E+00	 1.786814E+00	 5.319088E-01	 1.659582E-01	-4.840937E-02	-7.560734E-02	-5.833583E-02	-3.271513E-02	-1.528595E-02	-5.861307E-03	-1.772901E-03	-3.121515E-04	 7.853237E-05	 7.305658E-05	 4.140872E-06
0.61237	 0.000000E+00	 1.025780E+00	 1.818300E+00	 5.506298E-01	 1.786697E-01	-4.559338E-02	-7.666670E-02	-6.072772E-02	-3.470393E-02	-1.653044E-02	-6.477934E-03	-2.019088E-03	-3.794417E-04	 7.667827E-05	 8.492604E-05	 1.081438E-05
0.61644	 0.000000E+00	 1.034943E+00	 1.849807E+00	 5.695368E-01	 1.917974E-01	-4.249709E-02	-7.759046E-02	-6.312849E-02	-3.675828E-02	-1.784611E-02	-7.145205E-03	-2.293399E-03	-4.584040E-04	 7.184207E-05	 9.732362E-05	 1.853854E-05
0.62048	 0.000000E+00	 1.043703E+00	 1.881445E+00	 5.886920E-01	 2.053734E-01	-3.910682E-02	-7.837078E-02	-6.553622E-02	-3.887970E-02	-1.923627E-02	-7.866454E-03	-2.598394E-03	-5.505506E-04	 6.336252E-05	 1.101116E-04	 2.737580E-05
0.62450	 0.000000E+00	 1.051742E+00	 1.912770E+00	 6.078962E-01	 2.192977E-01	-3.542880E-02	-7.898488E-02	-6.792739E-02	-4.105409E-02	-2.069579E-02	-8.641513E-03	-2.935526E-03	-6.572316E-04	 5.042084E-05	 1.229645E-04	 3.728804E-05
0.62849	 0.000000E+00	 1.059352E+00	 1.944096E+00	 6.272787E-01	 2.336372E-01	-3.144919E-02	-7.943172E-02	-7.030669E-02	-4.328693E-02	-2.222989E-02	-9.474479E-03	-3.307678E-03	-7.801482E-04	 3.224341E-05	 1.356997E-04	 4.833565E-05
0.63246	 0.000000E+00	 1.066498E+00	 1.975256E+00	 6.467935E-01	 2.483620E-01	-2.716229E-02	-7.969538E-02	-7.265965E-02	-4.557016E-02	-2.383653E-02	-1.036658E-02	-3.716983E-03	-9.210160E-04	 7.828043E-06	 1.479154E-04	 6.045068E-05
0.63640	 0.000000E+00	 1.073247E+00	 2.006356E+00	 6.664642E-01	 2.634893E-01	-2.256278E-02	-7.977000E-02	-7.498252E-02	-4.790253E-02	-2.551716E-02	-1.132040E-02	-4.165968E-03	-1.081632E-03	-2.382135E-05	 1.592388E-04	 7.359652E-05
0.64031	 0.000000E+00	 1.079836E+00	 2.037664E+00	 6.864194E-01	 2.790919E-01	-1.763071E-02	-7.965131E-02	-7.727810E-02	-5.028849E-02	-2.727679E-02	-1.234035E-02	-4.658027E-03	-1.264166E-03	-6.383116E-05	 1.692810E-04	 8.774761E-05
0.64420	 0.000000E+00	 1.086145E+00	 2.068940E+00	 7.065700E-01	 2.951173E-01	-1.236481E-02	-7.932160E-02	-7.952794E-02	-5.271638E-02	-2.911110E-02	-1.342671E-02	-5.195184E-03	-1.470578E-03	-1.135128E-04	 1.774039E-04	 1.027103E-04
0.64807	 0.000000E+00	 1.092241E+00	 2.100370E+00	 7.269596E-01	 3.116054E-01	-6.756763E-03	-7.877675E-02	-8.173255E-02	-5.518832E-02	-3.102363E-02	-1.458314E-02	-5.780563E-03	-1.703060E-03	-1.741225E-04	 1.831053E-04	 1.184072E-04
0.65192	 0.000000E+00	 1.098104E+00	 2.131822E+00	 7.475548E-01	 3.285335E-01	-8.001810E-04	-7.800110E-02	-8.387791E-02	-5.769607E-02	-3.301203E-02	-1.581080E-02	-6.416632E-03	-1.963848E-03	-2.471523E-04	 1.856592E-04	 1.346108E-04
0.65574	 0.000000E+00	 1.103698E+00	 2.163095E+00	 7.682907E-01	 3.458496E-01	 5.504480E-03	-7.697809E-02	-8.594544E-02	-6.022718E-02	-3.507109E-02	-1.710942E-02	-7.105308E-03	-2.255108E-03	-3.341989E-04	 1.842037E-04	 1.509958E-04
0.65955	 0.000000E+00	 1.108987E+00	 2.194273E+00	 7.891591E-01	 3.635606E-01	 1.215720E-02	-7.570264E-02	-8.793068E-02	-6.277887E-02	-3.720098E-02	-1.848095E-02	-7.849201E-03	-2.579126E-03	-4.368291E-04	 1.779481E-04	 1.673039E-04
0.66332	 0.000000E+00	 1.113847E+00	 2.225352E+00	 8.101124E-01	 3.816513E-01	 1.915372E-02	-7.416893E-02	-8.982557E-02	-6.534471E-02	-3.939922E-02	-1.992597E-02	-8.650437E-03	-2.938142E-03	-5.567265E-04	 1.659495E-04	 1.831552E-04
0.66708	 0.000000E+00	 1.118320E+00	 2.256580E+00	 8.312156E-01	 4.001812E-01	 2.650546E-02	-7.237510E-02	-9.163329E-02	-6.792774E-02	-4.166941E-02	-2.144818E-02	-9.512503E-03	-3.334889E-03	-6.957062E-04	 1.472693E-04	 1.982046E-04
0.67082	 0.000000E+00	 1.122364E+00	 2.288012E+00	 8.524617E-01	 4.191646E-01	 3.421696E-02	-7.031393E-02	-9.334932E-02	-7.052523E-02	-4.401183E-02	-2.304976E-02	-1.043836E-02	-3.772030E-03	-8.556885E-04	 1.208438E-04	 2.120165E-04
0.67454	 0.000000E+00	 1.125873E+00	 2.319371E+00	 8.737291E-01	 4.385176E-01	 4.227483E-02	-6.797096E-02	-9.495237E-02	-7.312046E-02	-4.641758E-02	-2.472809E-02	-1.142895E-02	-4.251665E-03	-1.038650E-03	 8.537355E-05	 2.239445E-04
0.67823	 0.000000E+00	 1.128896E+00	 2.350528E+00	 8.949882E-01	 4.582038E-01	 5.067746E-02	-6.533355E-02	-9.642669E-02	-7.570141E-02	-4.888065E-02	-2.648193E-02	-1.248581E-02	-4.776147E-03	-1.246689E-03	 3.948493E-05	 2.332942E-04
0.68191	 0.000000E+00	 1.131527E+00	 2.381528E+00	 9.162750E-01	 4.782387E-01	 5.943284E-02	-6.239302E-02	-9.776466E-02	-7.826251E-02	-5.139899E-02	-2.831198E-02	-1.361126E-02	-5.348153E-03	-1.482038E-03	-1.825793E-05	 2.393358E-04
0.68557	 0.000000E+00	 1.133797E+00	 2.412477E+00	 9.376123E-01	 4.986460E-01	 6.854565E-02	-5.914408E-02	-9.896204E-02	-8.080009E-02	-5.397149E-02	-3.021929E-02	-1.480773E-02	-5.970388E-03	-1.746981E-03	-8.935492E-05	 2.412846E-04
0.68920	 0.000000E+00	 1.135784E+00	 2.443497E+00	 9.590556E-01	 5.194665E-01	 7.802962E-02	-5.557851E-02	-1.000147E-01	-8.331147E-02	-5.659805E-02	-3.220567E-02	-1.607820E-02	-6.645887E-03	-2.044017E-03	-1.754464E-04	 2.382629E-04
0.69282	 0.000000E+00	 1.137557E+00	 2.474601E+00	 9.806323E-01	 5.407110E-01	 8.789557E-02	-5.168445E-02	-1.009127E-01	-8.578931E-02	-5.927561E-02	-3.427140E-02	-1.742502E-02	-7.377609E-03	-2.375778E-03	-2.783497E-04	 2.292451E-04
0.69642	 0.000000E+00	 1.138945E+00	 2.505568E+00	 1.002199E+00	 5.622885E-01	 9.811564E-02	-4.745687E-02	-1.016384E-01	-8.821630E-02	-6.199286E-02	-3.641140E-02	-1.884759E-02	-8.167131E-03	-2.744448E-03	-3.998792E-04	 2.130749E-04
0.70000	 0.000000E+00	 1.139947E+00	 2.536396E+00	 1.023743E+00	 5.841916E-01	 1.086874E-01	-4.288964E-02	-1.021836E-01	-9.058443E-02	-6.474514E-02	-3.862434E-02	-2.034712E-02	-9.016822E-03	-3.152503E-03	-5.419325E-04	 1.885719E-04
0.70356	 0.000000E+00	 1.140711E+00	 2.567245E+00	 1.045365E+00	 6.064822E-01	 1.196354E-01	-3.797133E-02	-1.025444E-01	-9.289187E-02	-6.753301E-02	-4.091235E-02	-2.192685E-02	-9.930104E-03	-3.602915E-03	-7.066228E-04	 1.544599E-04
0.70711	 0.000000E+00	 1.141080E+00	 2.597948E+00	 1.066937E+00	 6.290787E-01	 1.309293E-01	-3.270130E-02	-1.027063E-01	-9.512202E-02	-7.034447E-02	-4.326925E-02	-2.358529E-02	-1.090815E-02	-4.097882E-03	-8.960041E-04	 1.092814E-04
0.71063	 0.000000E+00	 1.141150E+00	 2.628662E+00	 1.088537E+00	 6.520380E-01	 1.425883E-01	-2.707037E-02	-1.026664E-01	-9.727288E-02	-7.317942E-02	-4.569639E-02	-2.532513E-02	-1.195411E-02	-4.640374E-03	-1.112340E-03	 5.156602E-05
0.71414	 0.000000E+00	 1.141082E+00	 2.659578E+00	 1.110283E+00	 6.754391E-01	 1.546450E-01	-2.106355E-02	-1.024208E-01	-9.934346E-02	-7.603944E-02	-4.819667E-02	-2.715018E-02	-1.307188E-02	-5.233819E-03	-1.358154E-03	-2.030281E-05
0.71764	 0.000000E+00	 1.140611E+00	 2.690353E+00	 1.131946E+00	 6.991258E-01	 1.670415E-01	-1.468675E-02	-1.019493E-01	-1.013084E-01	-7.890446E-02	-5.075808E-02	-2.905541E-02	-1.426092E-02	-5.879903E-03	-1.635632E-03	-1.081500E-04
0.72111	 0.000000E+00	 1.139942E+00	 2.721272E+00	 1.153696E+00	 7.232183E-01	 1.798233E-01	-7.923085E-03	-1.012521E-01	-1.031711E-01	-8.177924E-02	-5.338528E-02	-3.104552E-02	-1.552553E-02	-6.582300E-03	-1.947512E-03	-2.137933E-04
0.72457	 0.000000E+00	 1.139229E+00	 2.752540E+00	 1.175660E+00	 7.478095E-01	 1.930298E-01	-7.537300E-04	-1.003243E-01	-1.049308E-01	-8.466608E-02	-5.608174E-02	-3.312477E-02	-1.687006E-02	-7.344905E-03	-2.296768E-03	-3.392457E-04
0.72801	 0.000000E+00	 1.138127E+00	 2.783701E+00	 1.197532E+00	 7.726862E-01	 2.065780E-01	 6.806455E-03	-9.914424E-02	-1.065564E-01	-8.753836E-02	-5.883011E-02	-3.528457E-02	-1.829198E-02	-8.168637E-03	-2.685557E-03	-4.866461E-04
0.73144	 0.000000E+00	 1.136948E+00	 2.815157E+00	 1.219577E+00	 7.980367E-01	 2.205454E-01	 1.478665E-02	-9.771234E-02	-1.080559E-01	-9.040631E-02	-6.163924E-02	-3.753239E-02	-1.979735E-02	-9.058236E-03	-3.117289E-03	-6.582589E-04
0.73485	 0.000000E+00	 1.135770E+00	 2.847012E+00	 1.241861E+00	 8.239148E-01	 2.349589E-01	 2.320476E-02	-9.601956E-02	-1.094234E-01	-9.326776E-02	-6.450955E-02	-3.987080E-02	-2.138977E-02	-1.001757E-02	-3.595269E-03	-8.565497E-04
0.73824	 0.000000E+00	 1.134191E+00	 2.878725E+00	 1.264016E+00	 8.500553E-01	 2.497082E-01	 3.203388E-02	-9.404491E-02	-1.106235E-01	-9.609026E-02	-6.741830E-02	-4.228714E-02	-2.306427E-02	-1.104637E-02	-4.121376E-03	-1.083860E-03
0.74162	 0.000000E+00	 1.132643E+00	 2.910877E+00	 1.286431E+00	 8.767449E-01	 2.649170E-01	 4.132168E-02	-9.178936E-02	-1.116710E-01	-9.889222E-02	-7.038090E-02	-4.479347E-02	-2.482970E-02	-1.215107E-02	-4.699987E-03	-1.343035E-03
0.74498	 0.000000E+00	 1.131133E+00	 2.943476E+00	 1.309113E+00	 9.039945E-01	 2.805962E-01	 5.108276E-02	-8.923997E-02	-1.125543E-01	-1.016661E-01	-7.339384E-02	-4.738991E-02	-2.668852E-02	-1.333524E-02	-5.334639E-03	-1.636999E-03
0.74833	 0.000000E+00	 1.129203E+00	 2.975927E+00	 1.331633E+00	 9.314896E-01	 2.966067E-01	 6.127511E-02	-8.637911E-02	-1.132350E-01	-1.043740E-01	-7.642871E-02	-5.005923E-02	-2.863268E-02	-1.459700E-02	-6.026653E-03	-1.968169E-03
0.75166	 0.000000E+00	 1.127423E+00	 3.009076E+00	 1.354551E+00	 9.596653E-01	 3.131409E-01	 7.197632E-02	-8.320707E-02	-1.137377E-01	-1.070469E-01	-7.951150E-02	-5.282117E-02	-3.067600E-02	-1.594571E-02	-6.782033E-03	-2.340275E-03
0.75498	 0.000000E+00	 1.125795E+00	 3.042933E+00	 1.377878E+00	 9.885381E-01	 3.302152E-01	 8.320582E-02	-7.970760E-02	-1.140480E-01	-1.096757E-01	-8.263794E-02	-5.567562E-02	-3.282104E-02	-1.738537E-02	-7.604888E-03	-2.756855E-03
0.75829	 0.000000E+00	 1.123747E+00	 3.076729E+00	 1.401059E+00	 1.017689E+00	 3.476389E-01	 9.489793E-02	-7.586494E-02	-1.141202E-01	-1.122118E-01	-8.576958E-02	-5.859767E-02	-3.505476E-02	-1.891138E-02	-8.495459E-03	-3.220238E-03
0.76158	 0.000000E+00	 1.121909E+00	 3.111483E+00	 1.424759E+00	 1.047663E+00	 3.656602E-01	 1.071606E-01	-7.167379E-02	-1.139831E-01	-1.146950E-01	-8.894115E-02	-6.161407E-02	-3.739589E-02	-2.053630E-02	-9.461722E-03	-3.735337E-03
0.76485	 0.000000E+00	 1.120349E+00	 3.147298E+00	 1.449064E+00	 1.078544E+00	 3.843300E-01	 1.200318E-01	-6.711356E-02	-1.136235E-01	-1.171204E-01	-9.215226E-02	-6.472801E-02	-3.984943E-02	-2.226592E-02	-1.050905E-02	-4.306625E-03
0.76811	 0.000000E+00	 1.118329E+00	 3.183078E+00	 1.473210E+00	 1.109721E+00	 4.033675E-01	 1.334039E-01	-6.217122E-02	-1.129830E-01	-1.194206E-01	-9.534744E-02	-6.790138E-02	-4.239359E-02	-2.409064E-02	-1.163543E-02	-4.935846E-03
0.77136	 0.000000E+00	 1.116417E+00	 3.219825E+00	 1.497838E+00	 1.141749E+00	 4.230303E-01	 1.473977E-01	-5.683409E-02	-1.120857E-01	-1.216347E-01	-9.856198E-02	-7.116239E-02	-4.504872E-02	-2.602455E-02	-1.285015E-02	-5.629005E-03
0.77460	 0.000000E+00	 1.114890E+00	 3.258034E+00	 1.523284E+00	 1.174937E+00	 4.434757E-01	 1.621020E-01	-5.107656E-02	-1.109303E-01	-1.237759E-01	-1.018118E-01	-7.452683E-02	-4.782833E-02	-2.807881E-02	-1.416174E-02	-6.392377E-03
0.77782	 0.000000E+00	 1.112947E+00	 3.296426E+00	 1.548674E+00	 1.208564E+00	 4.643661E-01	 1.773784E-01	-4.489158E-02	-1.094527E-01	-1.257655E-01	-1.050299E-01	-7.794673E-02	-5.070360E-02	-3.023949E-02	-1.556602E-02	-7.227049E-03
0.78102	 0.000000E+00	 1.110968E+00	 3.335655E+00	 1.574444E+00	 1.243020E+00	 4.858919E-01	 1.933281E-01	-3.825772E-02	-1.076601E-01	-1.276258E-01	-1.082384E-01	-8.144168E-02	-5.368997E-02	-3.251849E-02	-1.707185E-02	-8.139478E-03
0.78422	 0.000000E+00	 1.109285E+00	 3.376256E+00	 1.600977E+00	 1.278655E+00	 5.082379E-01	 2.100594E-01	-3.114127E-02	-1.055486E-01	-1.293720E-01	-1.114562E-01	-8.503063E-02	-5.680371E-02	-3.492917E-02	-1.868946E-02	-9.137259E-03
0.78740	 0.000000E+00	 1.107040E+00	 3.416788E+00	 1.627281E+00	 1.314617E+00	 5.309880E-01	 2.273838E-01	-2.355203E-02	-1.030538E-01	-1.309140E-01	-1.146016E-01	-8.865170E-02	-6.000503E-02	-3.745011E-02	-2.041038E-02	-1.021955E-02
0.79057	 0.000000E+00	 1.104745E+00	 3.458165E+00	 1.653973E+00	 1.351471E+00	 5.544233E-01	 2.454542E-01	-1.545557E-02	-1.001859E-01	-1.322856E-01	-1.177089E-01	-9.233487E-02	-6.331697E-02	-4.009833E-02	-2.224675E-02	-1.139488E-02
0.79373	 0.000000E+00	 1.102908E+00	 3.501161E+00	 1.681631E+00	 1.389730E+00	 5.788266E-01	 2.644408E-01	-6.796391E-03	-9.693903E-02	-1.335136E-01	-1.208116E-01	-9.611311E-02	-6.676689E-02	-4.289519E-02	-2.421399E-02	-1.267400E-02
0.79687	 0.000000E+00	 1.099961E+00	 3.543041E+00	 1.708337E+00	 1.427645E+00	 6.033133E-01	 2.838927E-01	 2.354129E-03	-9.322173E-02	-1.344348E-01	-1.237508E-01	-9.985774E-02	-7.026558E-02	-4.578639E-02	-2.628440E-02	-1.404627E-02
0.80000	 0.000000E+00	 1.096764E+00	 3.585834E+00	 1.735295E+00	 1.466378E+00	 6.284387E-01	 3.040989E-01	 1.205239E-02	-8.906311E-02	-1.351209E-01	-1.265973E-01	-1.036284E-01	-7.385717E-02	-4.880286E-02	-2.847852E-02	-1.552514E-02
0.80312	 0.000000E+00	 1.095547E+00	 3.634064E+00	 1.765461E+00	 1.508763E+00	 6.556725E-01	 3.258864E-01	 2.251528E-02	-8.450517E-02	-1.357593E-01	-1.295577E-01	-1.076111E-01	-7.768432E-02	-5.204518E-02	-3.086061E-02	-1.714886E-02
0.80623	 0.000000E+00	 1.094408E+00	 3.684475E+00	 1.796554E+00	 1.552755E+00	 6.839860E-01	 3.487359E-01	 3.366928E-02	-7.942932E-02	-1.361490E-01	-1.324384E-01	-1.116497E-01	-8.163930E-02	-5.544841E-02	-3.339795E-02	-1.890561E-02
0.80932	 0.000000E+00	 1.092970E+00	 3.736662E+00	 1.828196E+00	 1.598072E+00	 7.132299E-01	 3.725874E-01	 4.551967E-02	-7.379412E-02	-1.362393E-01	-1.351917E-01	-1.157080E-01	-8.569920E-02	-5.900141E-02	-3.608825E-02	-2.079847E-02
0.81240	 0.000000E+00	 1.093565E+00	 3.795357E+00	 1.863591E+00	 1.647908E+00	 7.451181E-01	 3.984730E-01	 5.838380E-02	-6.759673E-02	-1.362217E-01	-1.380488E-01	-1.200060E-01	-9.003938E-02	-6.283259E-02	-3.901702E-02	-2.288083E-02
0.81548	 0.000000E+00	 1.094663E+00	 3.857681E+00	 1.900833E+00	 1.700540E+00	 7.787970E-01	 4.259756E-01	 7.221140E-02	-6.072796E-02	-1.359228E-01	-1.408424E-01	-1.244099E-01	-9.456815E-02	-6.688778E-02	-4.215837E-02	-2.514515E-02
0.81854	 0.000000E+00	 1.094643E+00	 3.920399E+00	 1.937698E+00	 1.753830E+00	 8.131405E-01	 4.544695E-01	 8.685073E-02	-5.312196E-02	-1.351641E-01	-1.433786E-01	-1.287498E-01	-9.915905E-02	-7.108335E-02	-4.546486E-02	-2.756929E-02
0.82158	 0.000000E+00	 1.095297E+00	 3.987357E+00	 1.976761E+00	 1.810425E+00	 8.495810E-01	 4.848489E-01	 1.026034E-01	-4.473722E-02	-1.340766E-01	-1.458291E-01	-1.331980E-01	-1.039545E-01	-7.552801E-02	-4.901268E-02	-3.020406E-02
0.82462	 0.000000E+00	 1.097231E+00	 4.060166E+00	 2.019059E+00	 1.871547E+00	 8.888141E-01	 5.176139E-01	 1.196906E-01	-3.547525E-02	-1.326662E-01	-1.482373E-01	-1.378179E-01	-1.090180E-01	-8.027937E-02	-5.284899E-02	-3.308648E-02
0.82765	 0.000000E+00	 1.098897E+00	 4.135671E+00	 2.062446E+00	 1.935153E+00	 9.297652E-01	 5.521778E-01	 1.379804E-01	-2.525616E-02	-1.307477E-01	-1.504039E-01	-1.424369E-01	-1.142217E-01	-8.525404E-02	-5.692776E-02	-3.619686E-02
0.83066	 0.000000E+00	 1.100235E+00	 4.213460E+00	 2.106744E+00	 2.001087E+00	 9.723921E-01	 5.885725E-01	 1.575311E-01	-1.400684E-02	-1.282612E-01	-1.522792E-01	-1.470232E-01	-1.195485E-01	-9.044804E-02	-6.125420E-02	-3.954568E-02
0.83367	 0.000000E+00	 1.101879E+00	 4.294802E+00	 2.152878E+00	 2.070391E+00	 1.017308E+00	 6.272558E-01	 1.785572E-01	-1.621115E-03	-1.251984E-01	-1.538894E-01	-1.516251E-01	-1.250495E-01	-9.591010E-02	-6.587051E-02	-4.316797E-02
0.83666	 0.000000E+00	 1.103296E+00	 4.378694E+00	 2.200132E+00	 2.142458E+00	 1.064193E+00	 6.680979E-01	 2.010627E-01	 1.197930E-02	-1.214612E-01	-1.551363E-01	-1.561651E-01	-1.306708E-01	-1.016099E-01	-7.076535E-02	-4.706545E-02
0.83964	 0.000000E+00	 1.104092E+00	 4.464184E+00	 2.247862E+00	 2.216656E+00	 1.112715E+00	 7.109429E-01	 2.250364E-01	 2.686080E-02	-1.169563E-01	-1.559226E-01	-1.605634E-01	-1.363546E-01	-1.075129E-01	-7.592348E-02	-5.123671E-02
0.84261	 0.000000E+00	 1.104446E+00	 4.551747E+00	 2.296365E+00	 2.293359E+00	 1.163104E+00	 7.559957E-01	 2.506040E-01	 4.312381E-02	-1.116277E-01	-1.562090E-01	-1.648031E-01	-1.420969E-01	-1.136267E-01	-8.135971E-02	-5.570056E-02
0.84558	 0.000000E+00	 1.104695E+00	 4.642702E+00	 2.346341E+00	 2.373504E+00	 1.215879E+00	 8.036764E-01	 2.779763E-01	 6.090401E-02	-1.054295E-01	-1.559811E-01	-1.688997E-01	-1.479237E-01	-1.199846E-01	-8.710857E-02	-6.049046E-02
0.84853	 0.000000E+00	 1.104981E+00	 4.737928E+00	 2.398209E+00	 2.457764E+00	 1.271427E+00	 8.543392E-01	 3.073563E-01	 8.035631E-02	-9.828579E-02	-1.551936E-01	-1.728428E-01	-1.538424E-01	-1.266082E-01	-9.319813E-02	-6.563754E-02
0.85147	 0.000000E+00	 1.105252E+00	 4.837420E+00	 2.451932E+00	 2.546241E+00	 1.329842E+00	 9.081470E-01	 3.388868E-01	 1.016315E-01	-9.008542E-02	-1.537545E-01	-1.765760E-01	-1.598209E-01	-1.334891E-01	-9.963620E-02	-7.116031E-02
0.85440	 0.000000E+00	 1.105309E+00	 4.940710E+00	 2.507195E+00	 2.638723E+00	 1.391036E+00	 9.651429E-01	 3.726605E-01	 1.248652E-01	-8.070712E-02	-1.515505E-01	-1.800181E-01	-1.658039E-01	-1.405999E-01	-1.064163E-01	-7.706772E-02
0.85732	 0.000000E+00	 1.105000E+00	 5.047488E+00	 2.563762E+00	 2.735121E+00	 1.454978E+00	 1.025415E+00	 4.087826E-01	 1.501976E-01	-7.003490E-02	-1.484733E-01	-1.830936E-01	-1.717396E-01	-1.479155E-01	-1.135336E-01	-8.336990E-02
0.86023	 0.000000E+00	 1.104247E+00	 5.157474E+00	 2.621466E+00	 2.835386E+00	 1.521663E+00	 1.089075E+00	 4.473733E-01	 1.777791E-01	-5.794662E-02	-1.444087E-01	-1.857232E-01	-1.775724E-01	-1.554087E-01	-1.209814E-01	-9.007647E-02
0.86313	 0.000000E+00	 1.102770E+00	 5.269857E+00	 2.679779E+00	 2.939032E+00	 1.590828E+00	 1.156038E+00	 4.884604E-01	 2.077205E-01	-4.431592E-02	-1.392189E-01	-1.877949E-01	-1.832135E-01	-1.630229E-01	-1.287300E-01	-9.717997E-02
0.86603	 0.000000E+00	 1.100148E+00	 5.383734E+00	 2.737974E+00	 3.045388E+00	 1.662051E+00	 1.226093E+00	 5.319933E-01	 2.400891E-01	-2.903030E-02	-1.327601E-01	-1.891801E-01	-1.885527E-01	-1.706806E-01	-1.367307E-01	-1.046583E-01
0.86891	 0.000000E+00	 1.096505E+00	 5.499549E+00	 2.796246E+00	 3.154848E+00	 1.735538E+00	 1.299493E+00	 5.781377E-01	 2.750534E-01	-1.197354E-02	-1.249234E-01	-1.898065E-01	-1.935353E-01	-1.783543E-01	-1.449746E-01	-1.125194E-01
0.87178	 0.000000E+00	 1.092450E+00	 5.618551E+00	 2.855483E+00	 3.268561E+00	 1.811994E+00	 1.376883E+00	 6.272794E-01	 3.129097E-01	 7.011002E-03	-1.156008E-01	-1.896316E-01	-1.981449E-01	-1.860570E-01	-1.534879E-01	-1.208012E-01
0.87464	 0.000000E+00	 1.087831E+00	 5.739806E+00	 2.915180E+00	 3.385986E+00	 1.891123E+00	 1.458160E+00	 6.794455E-01	 3.537844E-01	 2.807650E-02	-1.046156E-01	-1.885052E-01	-2.022518E-01	-1.936986E-01	-1.622126E-01	-1.294771E-01
0.87750	 0.000000E+00	 1.081938E+00	 5.860824E+00	 2.973766E+00	 3.505244E+00	 1.971797E+00	 1.542560E+00	 7.343072E-01	 3.975995E-01	 5.131476E-02	-9.178263E-02	-1.862215E-01	-2.056541E-01	-2.011143E-01	-1.710226E-01	-1.384635E-01
0.88034	 0.000000E+00	 1.073910E+00	 5.979260E+00	 3.029460E+00	 3.624278E+00	 2.052665E+00	 1.629094E+00	 7.913562E-01	 4.441413E-01	 7.673562E-02	-7.695859E-02	-1.825844E-01	-2.081385E-01	-2.081163E-01	-1.797630E-01	-1.476488E-01
0.88318	 0.000000E+00	 1.064263E+00	 6.096135E+00	 3.082803E+00	 3.743808E+00	 2.134039E+00	 1.718036E+00	 8.507296E-01	 4.935354E-01	 1.044263E-01	-6.004138E-02	-1.775079E-01	-2.096166E-01	-2.146371E-01	-1.883798E-01	-1.570018E-01
0.88600	 0.000000E+00	 1.056116E+00	 6.217147E+00	 3.138479E+00	 3.869229E+00	 2.219423E+00	 1.812301E+00	 9.141008E-01	 5.468575E-01	 1.348258E-01	-4.088514E-02	-1.710881E-01	-2.102649E-01	-2.209047E-01	-1.970917E-01	-1.667269E-01
0.88882	 0.000000E+00	 1.049648E+00	 6.338458E+00	 3.195115E+00	 3.997893E+00	 2.307490E+00	 1.910868E+00	 9.811160E-01	 6.040309E-01	 1.681072E-01	-1.921832E-02	-1.630251E-01	-2.097919E-01	-2.266782E-01	-2.057086E-01	-1.766926E-01
0.89163	 0.000000E+00	 1.040876E+00	 6.447022E+00	 3.244163E+00	 4.118237E+00	 2.391012E+00	 2.007574E+00	 1.048423E+00	 6.630023E-01	 2.036523E-01	 5.028353E-03	-1.527394E-01	-2.074322E-01	-2.311476E-01	-2.134882E-01	-1.862723E-01
0.89443	 0.000000E+00	 1.030661E+00	 6.547586E+00	 3.287524E+00	 4.233528E+00	 2.471515E+00	 2.103734E+00	 1.116542E+00	 7.240396E-01	 2.414235E-01	 3.174674E-02	-1.403958E-01	-2.033222E-01	-2.344283E-01	-2.205025E-01	-1.955157E-01
0.89722	 0.000000E+00	 1.024584E+00	 6.654807E+00	 3.334680E+00	 4.356938E+00	 2.556785E+00	 2.206413E+00	 1.189343E+00	 7.897786E-01	 2.824131E-01	 6.122339E-02	-1.263468E-01	-1.980270E-01	-2.372131E-01	-2.274072E-01	-2.050184E-01
0.90000	 0.000000E+00	 1.031341E+00	 6.764430E+00	 3.392135E+00	 4.487782E+00	 2.648998E+00	 2.316073E+00	 1.268297E+00	 8.611888E-01	 3.278583E-01	 9.442236E-02	-1.097107E-01	-1.908632E-01	-2.389842E-01	-2.338543E-01	-2.145637E-01
0.90277	 0.000000E+00	 1.052172E+00	 6.863402E+00	 3.458021E+00	 4.616293E+00	 2.744304E+00	 2.427777E+00	 1.351565E+00	 9.368484E-01	 3.778517E-01	 1.317720E-01	-8.953842E-02	-1.808202E-01	-2.387098E-01	-2.389468E-01	-2.233990E-01
0.90554	 0.000000E+00	 1.074598E+00	 6.959386E+00	 3.523118E+00	 4.744416E+00	 2.839591E+00	 2.541457E+00	 1.437352E+00	 1.015923E+00	 4.310518E-01	 1.723780E-01	-6.670560E-02	-1.685077E-01	-2.368637E-01	-2.429614E-01	-2.317014E-01
0.90830	 0.000000E+00	 1.090819E+00	 7.058325E+00	 3.581926E+00	 4.874917E+00	 2.933524E+00	 2.658083E+00	 1.524968E+00	 1.098358E+00	 4.867640E-01	 2.157979E-01	-4.179752E-02	-1.543692E-01	-2.338547E-01	-2.461779E-01	-2.396945E-01
0.91104	 0.000000E+00	 1.108921E+00	 7.147409E+00	 3.638504E+00	 4.999778E+00	 3.024921E+00	 2.773910E+00	 1.613710E+00	 1.183209E+00	 5.454501E-01	 2.625645E-01	-1.382380E-02	-1.374299E-01	-2.286904E-01	-2.477492E-01	-2.466579E-01
0.91378	 0.000000E+00	 1.133239E+00	 7.216174E+00	 3.693971E+00	 5.111383E+00	 3.111283E+00	 2.884688E+00	 1.701882E+00	 1.268783E+00	 6.067686E-01	 3.125627E-01	 1.767504E-02	-1.171018E-01	-2.206315E-01	-2.469703E-01	-2.519216E-01
0.91652	 0.000000E+00	 1.157756E+00	 7.272602E+00	 3.744166E+00	 5.213540E+00	 3.191613E+00	 2.991461E+00	 1.788651E+00	 1.354757E+00	 6.697237E-01	 3.650281E-01	 5.183839E-02	-9.405112E-02	-2.102379E-01	-2.442196E-01	-2.557463E-01
0.91924	 0.000000E+00	 1.181824E+00	 7.324009E+00	 3.790971E+00	 5.311859E+00	 3.268420E+00	 3.097042E+00	 1.875249E+00	 1.442093E+00	 7.345508E-01	 4.200226E-01	 8.846749E-02	-6.851008E-02	-1.977775E-01	-2.397259E-01	-2.583303E-01
0.92195	 0.000000E+00	 1.213067E+00	 7.370068E+00	 3.843025E+00	 5.408457E+00	 3.346146E+00	 3.203334E+00	 1.964049E+00	 1.532077E+00	 8.026069E-01	 4.783778E-01	 1.283140E-01	-3.995844E-02	-1.828240E-01	-2.332072E-01	-2.594602E-01
0.92466	 0.000000E+00	 1.250646E+00	 7.405361E+00	 3.898029E+00	 5.497894E+00	 3.421588E+00	 3.306881E+00	 2.052895E+00	 1.622976E+00	 8.730071E-01	 5.395500E-01	 1.712679E-01	-8.294020E-03	-1.650947E-01	-2.243163E-01	-2.587414E-01
0.92736	 0.000000E+00	 1.287529E+00	 7.425758E+00	 3.947864E+00	 5.572735E+00	 3.488453E+00	 3.402116E+00	 2.137510E+00	 1.711523E+00	 9.435289E-01	 6.020568E-01	 2.165075E-01	 2.611182E-02	-1.446098E-01	-2.128517E-01	-2.558241E-01
0.93005	 0.000000E+00	 1.317445E+00	 7.440418E+00	 3.989288E+00	 5.636516E+00	 3.546384E+00	 3.489584E+00	 2.217054E+00	 1.797226E+00	 1.013258E+00	 6.652179E-01	 2.633214E-01	 6.273088E-02	-1.218023E-01	-1.990849E-01	-2.508803E-01
0.93274	 0.000000E+00	 1.346402E+00	 7.487336E+00	 4.041350E+00	 5.723447E+00	 3.615948E+00	 3.590324E+00	 2.304414E+00	 1.890825E+00	 1.088178E+00	 7.331085E-01	 3.132878E-01	 1.020241E-01	-9.731124E-02	-1.840811E-01	-2.453241E-01
0.93541	 0.000000E+00	 1.393534E+00	 7.612861E+00	 4.142170E+00	 5.883379E+00	 3.733157E+00	 3.738567E+00	 2.423538E+00	 2.011940E+00	 1.181137E+00	 8.149164E-01	 3.715605E-01	 1.468463E-01	-7.039377E-02	-1.682611E-01	-2.405043E-01
0.93808	 0.000000E+00	 1.463309E+00	 7.830029E+00	 4.304632E+00	 6.134303E+00	 3.912655E+00	 3.949537E+00	 2.586082E+00	 2.171153E+00	 1.299944E+00	 9.170155E-01	 4.425063E-01	 2.003610E-01	-3.921946E-02	-1.506080E-01	-2.362059E-01
0.94074	 0.000000E+00	 1.522335E+00	 8.090967E+00	 4.476189E+00	 6.423033E+00	 4.112190E+00	 4.188096E+00	 2.766210E+00	 2.349756E+00	 1.432391E+00	 1.032114E+00	 5.225880E-01	 2.616284E-01	-3.034499E-03	-1.292663E-01	-2.301013E-01
0.94340	 0.000000E+00	 1.542781E+00	 8.341092E+00	 4.606511E+00	 6.689729E+00	 4.286544E+00	 4.413062E+00	 2.933871E+00	 2.524078E+00	 1.562577E+00	 1.149446E+00	 6.057951E-01	 3.277397E-01	 3.767666E-02	-1.031553E-01	-2.201517E-01
0.94604	 0.000000E+00	 1.540637E+00	 8.586426E+00	 4.715662E+00	 6.944566E+00	 4.448972E+00	 4.632587E+00	 3.096826E+00	 2.699173E+00	 1.694719E+00	 1.271762E+00	 6.942258E-01	 4.000464E-01	 8.380502E-02	-7.175292E-02	-2.061183E-01
0.94868	 0.000000E+00	 1.536233E+00	 8.884181E+00	 4.844433E+00	 7.247610E+00	 4.640051E+00	 4.887269E+00	 3.282924E+00	 2.898825E+00	 1.844539E+00	 1.411078E+00	 7.951824E-01	 4.833565E-01	 1.375635E-01	-3.421595E-02	-1.884965E-01
0.95131	 0.000000E+00	 1.548965E+00	 9.328304E+00	 5.046266E+00	 7.700646E+00	 4.924545E+00	 5.251859E+00	 3.542200E+00	 3.169853E+00	 2.042579E+00	 1.592359E+00	 9.236340E-01	 5.880464E-01	 2.035879E-01	 1.131498E-02	-1.684694E-01
0.95394	 0.000000E+00	 1.568746E+00	 9.885702E+00	 5.298956E+00	 8.276335E+00	 5.284069E+00	 5.712617E+00	 3.866095E+00	 3.508273E+00	 2.287728E+00	 1.817352E+00	 1.082625E+00	 7.183069E-01	 2.861303E-01	 6.919844E-02	-1.423204E-01
0.95656	 0.000000E+00	 1.562309E+00	 1.041314E+01	 5.514451E+00	 8.824596E+00	 5.620181E+00	 6.163106E+00	 4.182558E+00	 3.850321E+00	 2.538856E+00	 2.055041E+00	 1.255224E+00	 8.645592E-01	 3.832882E-01	 1.415884E-01	-1.045125E-01
0.95917	 0.000000E+00	 1.519655E+00	 1.088987E+01	 5.673939E+00	 9.322024E+00	 5.915284E+00	 6.586466E+00	 4.478229E+00	 4.184350E+00	 2.786638E+00	 2.298138E+00	 1.436240E+00	 1.023312E+00	 4.931685E-01	 2.278756E-01	-5.475437E-02
0.96177	 0.000000E+00	 1.448577E+00	 1.139961E+01	 5.811285E+00	 9.855649E+00	 6.218387E+00	 7.046701E+00	 4.792918E+00	 4.550405E+00	 3.055361E+00	 2.567788E+00	 1.637550E+00	 1.203399E+00	 6.195885E-01	 3.300952E-01	 6.330531E-03
0.96437	 0.000000E+00	 1.364274E+00	 1.196386E+01	 5.947479E+00	 1.045288E+01	 6.549197E+00	 7.565578E+00	 5.142858E+00	 4.964691E+00	 3.356960E+00	 2.875278E+00	 1.867649E+00	 1.412451E+00	 7.684409E-01	 4.533463E-01	 8.244854E-02
0.96695	 0.000000E+00	 1.282795E+00	 1.255386E+01	 6.090715E+00	 1.109250E+01	 6.903619E+00	 8.131352E+00	 5.524669E+00	 5.423144E+00	 3.691318E+00	 3.221358E+00	 2.129262E+00	 1.653957E+00	 9.442767E-01	 6.024154E-01	 1.785409E-01
0.96954	 0.000000E+00	 1.195013E+00	 1.314427E+01	 6.218844E+00	 1.174474E+01	 7.258639E+00	 8.722444E+00	 5.921852E+00	 5.912955E+00	 4.048616E+00	 3.599653E+00	 2.418126E+00	 1.926043E+00	 1.146986E+00	 7.787262E-01	 2.970223E-01
0.97211	 0.000000E+00	 1.082198E+00	 1.374451E+01	 6.307390E+00	 1.240870E+01	 7.600047E+00	 9.335225E+00	 6.325764E+00	 6.431510E+00	 4.423360E+00	 4.008600E+00	 2.731447E+00	 2.228110E+00	 1.376061E+00	 9.832154E-01	 4.390587E-01
0.97468	 0.000000E+00	 9.570193E-01	 1.442991E+01	 6.392902E+00	 1.316770E+01	 7.977933E+00	 1.003517E+01	 6.780804E+00	 7.026307E+00	 4.847901E+00	 4.479923E+00	 3.090744E+00	 2.579484E+00	 1.644880E+00	 1.227125E+00	 6.121002E-01
0.97724	 0.000000E+00	 8.397875E-01	 1.527041E+01	 6.519102E+00	 1.411494E+01	 8.449534E+00	 1.090301E+01	 7.342978E+00	 7.760651E+00	 5.367100E+00	 5.059663E+00	 3.528753E+00	 3.011052E+00	 1.976141E+00	 1.530308E+00	 8.305452E-01
0.97980	 0.000000E+00	 7.288084E-01	 1.618875E+01	 6.651953E+00	 1.517650E+01	 8.966102E+00	 1.188842E+01	 7.977725E+00	 8.606843E+00	 5.962176E+00	 5.737326E+00	 4.038985E+00	 3.522615E+00	 2.372725E+00	 1.898861E+00	 1.102789E+00
0.98234	 0.000000E+00	 6.057864E-01	 1.701582E+01	 6.711111E+00	 1.615971E+01	 9.406923E+00	 1.283466E+01	 8.576828E+00	 9.452294E+00	 6.553435E+00	 6.441105E+00	 4.569809E+00	 4.073268E+00	 2.807843E+00	 2.314135E+00	 1.421094E+00
0.98489	 0.000000E+00	 4.785483E-01	 1.779549E+01	 6.719188E+00	 1.711381E+01	 9.799037E+00	 1.378286E+01	 9.165605E+00	 1.032677E+01	 7.160122E+00	 7.191876E+00	 5.132666E+00	 4.675956E+00	 3.288182E+00	 2.783018E+00	 1.790109E+00
0.98742	 0.000000E+00	 3.508983E-01	 1.862471E+01	 6.708197E+00	 1.814941E+01	 1.019582E+01	 1.482498E+01	 9.798799E+00	 1.129978E+01	 7.828376E+00	 8.040706E+00	 5.760732E+00	 5.366053E+00	 3.836203E+00	 3.327841E+00	 2.224936E+00
0.98995	 0.000000E+00	 2.214787E-01	 1.947075E+01	 6.663698E+00	 1.922339E+01	 1.056715E+01	 1.592603E+01	 1.044805E+01	 1.234752E+01	 8.540881E+00	 8.976063E+00	 6.444779E+00	 6.141595E+00	 4.449058E+00	 3.951203E+00	 2.728484E+00
0.99247	 0.000000E+00	 9.104202E-02	 2.028659E+01	 6.574326E+00	 2.027093E+01	 1.087622E+01	 1.702928E+01	 1.107122E+01	 1.342589E+01	 9.266787E+00	 9.968647E+00	 7.163545E+00	 6.987164E+00	 5.112672E+00	 4.645834E+00	 3.294176E+00
0.99499	 0.000000E+00	-4.363061E-02	 2.118062E+01	 6.463268E+00	 2.140505E+01	 1.116920E+01	 1.823486E+01	 1.172439E+01	 1.461621E+01	 1.005953E+01	 1.108352E+01	 7.956927E+00	 7.951742E+00	 5.856672E+00	 5.444692E+00	 3.944946E+00
0.99750	 0.000000E+00	-1.834954E-01	 2.222376E+01	 6.339238E+00	 2.269040E+01	 1.146211E+01	 1.959526E+01	 1.242681E+01	 1.596029E+01	 1.094329E+01	 1.235804E+01	 8.844362E+00	 9.072149E+00	 6.699638E+00	 6.377940E+00	 4.702674E+00
1.00000	 0.000000E+00	-3.236424E-01	 2.326591E+01	 6.196539E+00	 2.399540E+01	 1.173658E+01	 2.098988E+01	 1.312412E+01	 1.734813E+01	 1.184797E+01	 1.368536E+01	 9.764953E+00	 1.025345E+01	 7.583134E+00	 7.371866E+00	 5.506575E+00
