r	   0/   0	   1/   0	   2/   0	   3/   0	   4/   0	   5/   0	   6/   0	   7/   0	   8/   0	   9/   0	  10/   0	  11/   0	  12/   0	  13/   0	  14/   0	  15/   0
0.07071	-1.966405E-04	 2.034384E-04	-1.713907E-03	-2.099099E-04	-5.895594E-05	 6.005428E-06	 4.055187E-05	 6.318785E-06	-1.219673E-05	-2.501094E-06	-9.696820E-07	-3.341721E-07	 4.488567E-07	 1.183052E-08	-5.609500E-08	-6.934590E-09
0.10000	 6.476339E-05	 2.995530E-04	-1.052217E-03	-2.409734E-04	-1.032080E-04	 1.214934E-06	 4.827446E-05	 6.922181E-06	-1.348568E-05	-3.128441E-06	-8.150816E-07	-3.295668E-07	 4.306338E-07	 7.018582E-08	-8.807273E-08	-2.284164E-08
0.12247	 3.626273E-05	 3.653755E-04	-1.052224E-03	-2.758815E-04	-1.123903E-04	-1.138018E-05	 3.267566E-05	 6.887735E-06	-1.110750E-05	-2.544710E-06	 3.855849E-07	-1.970769E-07	 1.613020E-07	 5.002135E-08	-8.029005E-08	-1.954121E-08
0.14142	 2.607804E-05	 4.249966E-04	-1.032064E-03	-3.107363E-04	-1.285528E-04	-1.822471E-05	 2.258184E-05	 4.612879E-06	-9.477511E-06	-2.131981E-06	 1.049405E-06	 4.803271E-08	-2.652449E-08	-1.632117E-09	-6.119685E-08	-2.513576E-08
0.15811	 2.112475E-05	 4.788880E-04	-1.004625E-03	-3.393644E-04	-1.468514E-04	-2.557510E-05	 1.519664E-05	 3.438835E-06	-7.715762E-06	-2.096102E-06	 1.159937E-06	 1.961528E-07	-1.276175E-07	-8.487411E-09	-1.957696E-08	-3.020020E-08
0.17321	 2.228206E-05	 5.255465E-04	-9.747598E-04	-3.614999E-04	-1.649360E-04	-3.332673E-05	 9.197757E-06	 2.437416E-06	-6.278748E-06	-2.037094E-06	 1.029905E-06	 2.316572E-07	-1.774344E-07	-1.272496E-08	 2.028734E-08	-2.837594E-08
0.18708	 2.180559E-05	 5.621460E-04	-9.472871E-04	-3.776237E-04	-1.819008E-04	-4.152662E-05	 3.938716E-06	 1.464617E-06	-5.302429E-06	-1.972198E-06	 8.187283E-07	 2.132154E-07	-1.885622E-07	-2.126903E-08	 4.572291E-08	-2.391616E-08
0.20000	 2.725425E-05	 5.889088E-04	-9.221886E-04	-3.894373E-04	-1.977463E-04	-4.971876E-05	-7.878445E-07	 3.939580E-07	-4.730582E-06	-1.919706E-06	 5.919532E-07	 1.698141E-07	-1.770942E-07	-3.019096E-08	 5.629671E-08	-2.004291E-08
0.21213	 2.819312E-05	 6.049279E-04	-9.027338E-04	-3.980911E-04	-2.125213E-04	-5.779978E-05	-5.151941E-06	-6.712267E-07	-4.401947E-06	-1.869356E-06	 3.925156E-07	 1.182290E-07	-1.574622E-07	-3.628403E-08	 5.746322E-08	-1.762412E-08
0.22361	 2.939202E-05	 6.128921E-04	-8.875242E-04	-4.049224E-04	-2.266399E-04	-6.573579E-05	-9.241337E-06	-1.672413E-06	-4.184561E-06	-1.795307E-06	 2.437802E-07	 7.175737E-08	-1.362662E-07	-3.931937E-08	 5.414291E-08	-1.643988E-08
0.23452	 3.033803E-05	 6.159357E-04	-8.753066E-04	-4.108852E-04	-2.405276E-04	-7.352851E-05	-1.309160E-05	-2.621259E-06	-4.027787E-06	-1.695618E-06	 1.445949E-07	 3.543020E-08	-1.159113E-07	-4.023725E-08	 4.883712E-08	-1.649511E-08
0.24495	 3.626305E-05	 6.184971E-04	-8.629028E-04	-4.165622E-04	-2.546201E-04	-8.144796E-05	-1.684830E-05	-3.510480E-06	-3.894245E-06	-1.581530E-06	 8.890979E-08	 1.361523E-08	-9.708089E-08	-3.965259E-08	 4.429490E-08	-1.671501E-08
0.25495	 3.780990E-05	 6.227267E-04	-8.505854E-04	-4.220213E-04	-2.690087E-04	-8.953359E-05	-2.055842E-05	-4.448129E-06	-3.833499E-06	-1.482277E-06	 5.469858E-08	 1.343674E-09	-8.067169E-08	-3.937595E-08	 4.004863E-08	-1.742542E-08
0.26458	 4.019516E-05	 6.300687E-04	-8.365740E-04	-4.271964E-04	-2.837351E-04	-9.776282E-05	-2.425913E-05	-5.527915E-06	-3.874029E-06	-1.410607E-06	 2.593715E-08	-7.999504E-09	-6.709017E-08	-3.922273E-08	 3.592652E-08	-1.902611E-08
0.27386	 4.218151E-05	 6.400853E-04	-8.210467E-04	-4.317378E-04	-2.985863E-04	-1.062342E-04	-2.804885E-05	-6.718764E-06	-4.001967E-06	-1.382034E-06	-2.829835E-09	-1.282536E-08	-5.642440E-08	-3.983071E-08	 3.278581E-08	-2.059894E-08
0.28284	 4.220304E-05	 6.516246E-04	-8.048287E-04	-4.355105E-04	-3.133793E-04	-1.148797E-04	-3.194639E-05	-8.045005E-06	-4.221869E-06	-1.395364E-06	-3.663707E-08	-1.668137E-08	-4.869992E-08	-4.139299E-08	 3.014461E-08	-2.226115E-08
0.29155	 4.428493E-05	 6.631946E-04	-7.881940E-04	-4.385638E-04	-3.280369E-04	-1.235809E-04	-3.592521E-05	-9.499759E-06	-4.523370E-06	-1.439713E-06	-7.521321E-08	-2.313781E-08	-4.383478E-08	-4.301999E-08	 2.790504E-08	-2.435116E-08
0.30000	 4.691482E-05	 6.732322E-04	-7.723785E-04	-4.409211E-04	-3.424090E-04	-1.322830E-04	-3.998679E-05	-1.101183E-05	-4.870467E-06	-1.508906E-06	-1.148346E-07	-2.988878E-08	-4.098365E-08	-4.459542E-08	 2.653377E-08	-2.642396E-08
0.30822	 4.897607E-05	 6.813482E-04	-7.578056E-04	-4.427077E-04	-3.564626E-04	-1.410087E-04	-4.415761E-05	-1.253674E-05	-5.237189E-06	-1.598890E-06	-1.531507E-07	-3.387124E-08	-3.902772E-08	-4.666129E-08	 2.614647E-08	-2.789492E-08
0.31623	 5.194362E-05	 6.877528E-04	-7.440280E-04	-4.440917E-04	-3.702586E-04	-1.497349E-04	-4.842324E-05	-1.408881E-05	-5.627494E-06	-1.702369E-06	-1.895329E-07	-3.727329E-08	-3.813121E-08	-4.898434E-08	 2.638735E-08	-2.907218E-08
0.32404	 5.391220E-05	 6.923526E-04	-7.314904E-04	-4.451420E-04	-3.837844E-04	-1.584113E-04	-5.276769E-05	-1.567606E-05	-6.039453E-06	-1.812565E-06	-2.243290E-07	-4.217661E-08	-3.828225E-08	-5.105735E-08	 2.699679E-08	-3.034849E-08
0.33166	 5.624024E-05	 6.956597E-04	-7.195578E-04	-4.459141E-04	-3.971169E-04	-1.671150E-04	-5.722282E-05	-1.729279E-05	-6.468303E-06	-1.932351E-06	-2.579171E-07	-4.609302E-08	-3.874564E-08	-5.344814E-08	 2.803329E-08	-3.129978E-08
0.33912	 5.796530E-05	 6.980560E-04	-7.079139E-04	-4.465031E-04	-4.102997E-04	-1.758825E-04	-6.181364E-05	-1.898363E-05	-6.929151E-06	-2.060071E-06	-2.910370E-07	-5.027634E-08	-3.955140E-08	-5.609426E-08	 2.934802E-08	-3.201109E-08
0.34641	-5.318086E-06	 6.946613E-04	-7.111779E-04	-4.457272E-04	-4.216770E-04	-1.843040E-04	-6.657441E-05	-2.068542E-05	-7.389985E-06	-2.213317E-06	-3.329610E-07	-5.131532E-08	-4.044618E-08	-6.125362E-08	 2.984173E-08	-3.207351E-08
0.35355	-6.409681E-06	 6.972088E-04	-7.002752E-04	-4.456498E-04	-4.345497E-04	-1.933164E-04	-7.150952E-05	-2.261321E-05	-7.952566E-06	-2.360952E-06	-3.716020E-07	-6.109007E-08	-4.281239E-08	-6.379064E-08	 3.068599E-08	-3.324621E-08
0.36056	-6.854127E-06	 7.026920E-04	-6.884445E-04	-4.447994E-04	-4.473802E-04	-2.026503E-04	-7.672615E-05	-2.467143E-05	-8.580922E-06	-2.540115E-06	-4.183907E-07	-7.039647E-08	-4.642628E-08	-6.847500E-08	 3.086229E-08	-3.416744E-08
0.36742	-7.373082E-06	 7.107131E-04	-6.761582E-04	-4.433709E-04	-4.602400E-04	-2.122730E-04	-8.223590E-05	-2.690349E-05	-9.283518E-06	-2.740339E-06	-4.723152E-07	-8.337233E-08	-5.132015E-08	-7.361494E-08	 3.054982E-08	-3.549358E-08
0.37417	-3.257810E-05	 7.175863E-04	-6.695939E-04	-4.410708E-04	-4.723659E-04	-2.218963E-04	-8.799459E-05	-2.925575E-05	-1.003692E-05	-2.967216E-06	-5.350879E-07	-9.668879E-08	-5.710421E-08	-8.034536E-08	 2.951094E-08	-3.678634E-08
0.38079	-3.386413E-05	 7.263713E-04	-6.578542E-04	-4.387859E-04	-4.850227E-04	-2.318527E-04	-9.395866E-05	-3.178208E-05	-1.087811E-05	-3.210365E-06	-6.004015E-07	-1.144468E-07	-6.479883E-08	-8.671109E-08	 2.842673E-08	-3.873210E-08
0.38730	-3.485582E-05	 7.348518E-04	-6.464237E-04	-4.360772E-04	-4.974955E-04	-2.418885E-04	-1.001015E-04	-3.442212E-05	-1.177795E-05	-3.476722E-06	-6.715483E-07	-1.328610E-07	-7.368896E-08	-9.426942E-08	 2.686068E-08	-4.084521E-08
0.39370	-3.626371E-05	 7.415351E-04	-6.362031E-04	-4.333543E-04	-5.098843E-04	-2.519261E-04	-1.063773E-04	-3.717337E-05	-1.272868E-05	-3.755006E-06	-7.459403E-07	-1.537050E-07	-8.339789E-08	-1.017002E-07	 2.517586E-08	-4.345795E-08
0.40000	-9.435822E-05	 7.410112E-04	-6.407758E-04	-4.298560E-04	-5.205408E-04	-2.613615E-04	-1.127393E-04	-3.992943E-05	-1.366218E-05	-4.049227E-06	-8.288756E-07	-1.693385E-07	-9.118913E-08	-1.112938E-07	 2.234965E-08	-4.549533E-08
0.40620	-9.786503E-05	 7.439970E-04	-6.343556E-04	-4.275091E-04	-5.330521E-04	-2.714882E-04	-1.193065E-04	-4.288483E-05	-1.470056E-05	-4.348280E-06	-9.068041E-07	-1.908251E-07	-1.007783E-07	-1.185299E-07	 2.001623E-08	-4.886312E-08
0.41231	-1.008110E-04	 7.494007E-04	-6.283160E-04	-4.248572E-04	-5.458235E-04	-2.819333E-04	-1.261950E-04	-4.598245E-05	-1.580013E-05	-4.676301E-06	-9.903372E-07	-2.085452E-07	-1.100589E-07	-1.277413E-07	 1.691033E-08	-5.195940E-08
0.41833	-1.036005E-04	 7.571645E-04	-6.228634E-04	-4.221103E-04	-5.590703E-04	-2.927758E-04	-1.334707E-04	-4.928981E-05	-1.698235E-05	-5.026622E-06	-1.078821E-06	-2.274263E-07	-1.192766E-07	-1.368728E-07	 1.328841E-08	-5.570003E-08
0.42426	-1.380612E-04	 7.637789E-04	-6.256668E-04	-4.188168E-04	-5.717962E-04	-3.036511E-04	-1.411216E-04	-5.277130E-05	-1.822258E-05	-5.405801E-06	-1.175817E-06	-2.429117E-07	-1.269928E-07	-1.473925E-07	 8.540485E-09	-5.943451E-08
0.43012	-1.413025E-04	 7.750169E-04	-6.215922E-04	-4.158163E-04	-5.859802E-04	-3.153569E-04	-1.492419E-04	-5.655716E-05	-1.961229E-05	-5.817571E-06	-1.274554E-06	-2.619457E-07	-1.365536E-07	-1.569102E-07	 3.864882E-09	-6.435604E-08
0.43589	-1.439156E-04	 7.900773E-04	-6.170277E-04	-4.121706E-04	-6.005683E-04	-3.276122E-04	-1.579073E-04	-6.064096E-05	-2.113477E-05	-6.276244E-06	-1.382923E-06	-2.796936E-07	-1.459312E-07	-1.675802E-07	-1.773977E-09	-6.974857E-08
0.44159	-1.463090E-04	 8.079312E-04	-6.121389E-04	-4.079538E-04	-6.155482E-04	-3.403924E-04	-1.671301E-04	-6.506391E-05	-2.281090E-05	-6.782354E-06	-1.501306E-06	-2.991885E-07	-1.555408E-07	-1.782195E-07	-7.972089E-09	-7.610640E-08
0.44721	-1.852550E-04	 8.245487E-04	-6.158657E-04	-4.026021E-04	-6.296293E-04	-3.531875E-04	-1.768861E-04	-6.979077E-05	-2.460755E-05	-7.341664E-06	-1.636896E-06	-3.157422E-07	-1.621704E-07	-1.900283E-07	-1.591333E-08	-8.282220E-08
0.45277	-1.880915E-04	 8.465536E-04	-6.106224E-04	-3.970827E-04	-6.452299E-04	-3.670243E-04	-1.873104E-04	-7.497959E-05	-2.664840E-05	-7.967856E-06	-1.781519E-06	-3.376902E-07	-1.712951E-07	-2.005782E-07	-2.380817E-08	-9.137767E-08
0.45826	-1.902040E-04	 8.727895E-04	-6.039851E-04	-3.902968E-04	-6.609161E-04	-3.813999E-04	-1.984152E-04	-8.059452E-05	-2.889904E-05	-8.673558E-06	-1.945231E-06	-3.589761E-07	-1.794996E-07	-2.120947E-07	-3.290270E-08	-1.008139E-07
0.46368	-1.920275E-04	 9.017777E-04	-5.964135E-04	-3.824479E-04	-6.766827E-04	-3.962410E-04	-2.101752E-04	-8.665978E-05	-3.137773E-05	-9.460190E-06	-2.128840E-06	-3.827476E-07	-1.870881E-07	-2.231190E-07	-4.266789E-08	-1.117066E-07
0.46904	-2.226998E-04	 9.295518E-04	-5.954912E-04	-3.732670E-04	-6.914502E-04	-4.110058E-04	-2.224901E-04	-9.311825E-05	-3.404912E-05	-1.032937E-05	-2.337697E-06	-4.052020E-07	-1.910733E-07	-2.342324E-07	-5.389097E-08	-1.235456E-07
0.47434	-2.247031E-04	 9.615978E-04	-5.872785E-04	-3.636096E-04	-7.074156E-04	-4.267084E-04	-2.355665E-04	-1.001291E-04	-3.702883E-05	-1.130211E-05	-2.568122E-06	-4.323378E-07	-1.952284E-07	-2.434959E-07	-6.516684E-08	-1.374984E-07
0.47958	-2.259503E-04	 9.973628E-04	-5.780257E-04	-3.526901E-04	-7.235349E-04	-4.429639E-04	-2.494493E-04	-1.076914E-04	-4.030310E-05	-1.239207E-05	-2.828901E-06	-4.594190E-07	-1.962773E-07	-2.520673E-07	-7.731605E-08	-1.528576E-07
0.48477	-2.269087E-04	 1.035259E-03	-5.682425E-04	-3.407251E-04	-7.397706E-04	-4.596539E-04	-2.640795E-04	-1.158044E-04	-4.388381E-05	-1.360351E-05	-3.121867E-06	-4.882071E-07	-1.939018E-07	-2.587026E-07	-8.974061E-08	-1.698931E-07
0.48990	-2.494000E-04	 1.071537E-03	-5.638981E-04	-3.276364E-04	-7.551807E-04	-4.761824E-04	-2.792560E-04	-1.243728E-04	-4.772901E-05	-1.493268E-05	-3.449481E-06	-5.160407E-07	-1.859950E-07	-2.631907E-07	-1.024814E-07	-1.881382E-07
0.49497	-2.504885E-04	 1.109846E-03	-5.542037E-04	-3.139807E-04	-7.712984E-04	-4.932518E-04	-2.950725E-04	-1.334759E-04	-5.191489E-05	-1.639782E-05	-3.810530E-06	-5.468813E-07	-1.749777E-07	-2.640126E-07	-1.142909E-07	-2.083123E-07
0.50000	-2.509824E-04	 1.150009E-03	-5.438182E-04	-2.991456E-04	-7.873074E-04	-5.105547E-04	-3.115704E-04	-1.431275E-04	-5.644016E-05	-1.801455E-05	-4.215229E-06	-5.775755E-07	-1.571700E-07	-2.614939E-07	-1.257651E-07	-2.297469E-07
0.50498	-2.513761E-04	 1.190765E-03	-5.331368E-04	-2.832867E-04	-8.031777E-04	-5.279946E-04	-3.286996E-04	-1.533333E-04	-6.132211E-05	-1.979023E-05	-4.668014E-06	-6.117292E-07	-1.326199E-07	-2.538735E-07	-1.360299E-07	-2.527894E-07
0.50990	-2.752934E-04	 1.229061E-03	-5.286813E-04	-2.662959E-04	-8.180304E-04	-5.450619E-04	-3.463538E-04	-1.640452E-04	-6.653722E-05	-2.173179E-05	-5.177414E-06	-6.467375E-07	-9.754685E-08	-2.406599E-07	-1.454132E-07	-2.767210E-07
0.51478	-2.759736E-04	 1.269200E-03	-5.179785E-04	-2.485411E-04	-8.334366E-04	-5.625504E-04	-3.646287E-04	-1.753507E-04	-7.218240E-05	-2.386780E-05	-5.743934E-06	-6.899491E-07	-5.794557E-08	-2.206291E-07	-1.517173E-07	-3.022744E-07
0.51962	-2.760288E-04	 1.311203E-03	-5.061345E-04	-2.292971E-04	-8.483694E-04	-5.800187E-04	-3.835144E-04	-1.872397E-04	-7.824368E-05	-2.621377E-05	-6.382373E-06	-7.391679E-07	-8.885748E-09	-1.936543E-07	-1.556323E-07	-3.285515E-07
0.52440	-2.758869E-04	 1.354295E-03	-4.932353E-04	-2.085559E-04	-8.626908E-04	-5.973426E-04	-4.029432E-04	-1.997113E-04	-8.474069E-05	-2.878278E-05	-7.101387E-06	-8.002629E-07	 4.853722E-08	-1.581311E-07	-1.560158E-07	-3.556979E-07
0.52915	-2.829746E-04	 1.397448E-03	-4.816405E-04	-1.863787E-04	-8.762759E-04	-6.144570E-04	-4.229705E-04	-2.128141E-04	-9.170904E-05	-3.160133E-05	-7.915523E-06	-8.754017E-07	 1.165298E-07	-1.127136E-07	-1.525575E-07	-3.833586E-07
0.53385	-2.825288E-04	 1.441987E-03	-4.670398E-04	-1.626785E-04	-8.894585E-04	-6.315658E-04	-4.436117E-04	-2.265913E-04	-9.920977E-05	-3.470257E-05	-8.836942E-06	-9.718531E-07	 1.910866E-07	-5.713702E-08	-1.437180E-07	-4.112820E-07
0.53852	-2.815955E-04	 1.487988E-03	-4.511520E-04	-1.372185E-04	-9.019270E-04	-6.485227E-04	-4.648869E-04	-2.410743E-04	-1.072711E-04	-3.811280E-05	-9.883108E-06	-1.094230E-06	 2.736021E-07	 1.006749E-08	-1.289625E-07	-4.391414E-07
0.54314	-2.806190E-04	 1.534649E-03	-4.341652E-04	-1.100007E-04	-9.135066E-04	-6.651744E-04	-4.867016E-04	-2.562408E-04	-1.159106E-04	-4.185467E-05	-1.106923E-05	-1.249775E-06	 3.619913E-07	 8.931909E-08	-1.070377E-07	-4.662304E-07
0.54772	-2.905714E-04	 1.580638E-03	-4.194653E-04	-8.105286E-05	-9.238278E-04	-6.812382E-04	-5.089970E-04	-2.720826E-04	-1.251368E-04	-4.594685E-05	-1.241274E-05	-1.444893E-06	 4.572818E-07	 1.828517E-07	-7.706818E-08	-4.921699E-07
0.55227	-2.894753E-04	 1.628280E-03	-4.007341E-04	-5.043293E-05	-9.336943E-04	-6.972134E-04	-5.319018E-04	-2.886834E-04	-1.350350E-04	-5.043625E-05	-1.393117E-05	-1.688800E-06	 5.540699E-07	 2.901903E-07	-3.703565E-08	-5.160062E-07
0.55678	-2.877970E-04	 1.677686E-03	-3.804276E-04	-1.774482E-05	-9.425057E-04	-7.127639E-04	-5.553529E-04	-3.060337E-04	-1.456126E-04	-5.534573E-05	-1.564728E-05	-1.990705E-06	 6.522993E-07	 4.129352E-07	 1.385151E-08	-5.371121E-07
0.56125	-2.858637E-04	 1.728751E-03	-3.587424E-04	 1.697120E-05	-9.502901E-04	-7.278765E-04	-5.793657E-04	-3.241611E-04	-1.569112E-04	-6.071079E-05	-1.758310E-05	-2.359969E-06	 7.497571E-07	 5.519671E-07	 7.733183E-08	-5.542484E-07
0.56569	-2.783536E-04	 1.781092E-03	-3.340923E-04	 5.368657E-05	-9.569634E-04	-7.424257E-04	-6.037605E-04	-3.429817E-04	-1.689226E-04	-6.654918E-05	-1.975748E-05	-2.810283E-06	 8.392854E-07	 7.058509E-07	 1.548071E-07	-5.662515E-07
0.57009	-2.757984E-04	 1.833832E-03	-3.098791E-04	 9.235435E-05	-9.623275E-04	-7.562324E-04	-6.285730E-04	-3.625393E-04	-1.816821E-04	-7.289350E-05	-2.219784E-05	-3.353473E-06	 9.208638E-07	 8.773421E-07	 2.477724E-07	-5.722065E-07
0.57446	-2.728712E-04	 1.887116E-03	-2.847999E-04	 1.328333E-04	-9.667112E-04	-7.694642E-04	-6.538803E-04	-3.828935E-04	-1.952574E-04	-7.979224E-05	-2.493149E-05	-4.003010E-06	 9.888916E-07	 1.066399E-06	 3.585313E-07	-5.702694E-07
0.57879	-2.698777E-04	 1.940785E-03	-2.587266E-04	 1.752028E-04	-9.697872E-04	-7.818303E-04	-6.794438E-04	-4.039100E-04	-2.096046E-04	-8.725064E-05	-2.797672E-05	-4.773296E-06	 1.035516E-06	 1.270866E-06	 4.882000E-07	-5.587010E-07
0.58310	-2.547622E-04	 1.996105E-03	-2.279048E-04	 2.194285E-04	-9.720420E-04	-7.936402E-04	-7.053442E-04	-4.256277E-04	-2.247684E-04	-9.530253E-05	-3.135795E-05	-5.680945E-06	 1.053023E-06	 1.489904E-06	 6.385455E-07	-5.362465E-07
0.58737	-2.510426E-04	 2.050721E-03	-1.998818E-04	 2.654413E-04	-9.727042E-04	-8.042558E-04	-7.314374E-04	-4.479944E-04	-2.407346E-04	-1.039692E-04	-3.510669E-05	-6.740480E-06	 1.040267E-06	 1.725366E-06	 8.112001E-07	-5.005380E-07
0.59161	-2.472041E-04	 2.104122E-03	-1.717090E-04	 3.128054E-04	-9.722752E-04	-8.138550E-04	-7.576263E-04	-4.709349E-04	-2.574973E-04	-1.132650E-04	-3.924018E-05	-7.970110E-06	 9.838352E-07	 1.973220E-06	 1.007867E-06	-4.495646E-07
0.59582	-2.434865E-04	 2.156809E-03	-1.432028E-04	 3.616855E-04	-9.706172E-04	-8.223415E-04	-7.838619E-04	-4.944218E-04	-2.750596E-04	-1.232141E-04	-4.378773E-05	-9.388937E-06	 8.755011E-07	 2.231320E-06	 1.229129E-06	-3.814893E-07
0.60000	-2.318734E-04	 2.210538E-03	-1.115179E-04	 4.122928E-04	-9.681356E-04	-8.300881E-04	-8.103925E-04	-5.186171E-04	-2.935445E-04	-1.338929E-04	-4.879354E-05	-1.102116E-05	 7.039995E-07	 2.497677E-06	 1.477236E-06	-2.938490E-07
0.60415	-2.276319E-04	 2.263183E-03	-8.164796E-05	 4.645077E-04	-9.640030E-04	-8.363160E-04	-8.367669E-04	-5.432528E-04	-3.128185E-04	-1.452679E-04	-5.427197E-05	-1.288594E-05	 4.577403E-07	 2.767489E-06	 1.751784E-06	-1.844908E-07
0.60828	-2.231689E-04	 2.315099E-03	-5.148818E-05	 5.181318E-04	-9.587399E-04	-8.413614E-04	-8.631489E-04	-5.684229E-04	-3.329606E-04	-1.573950E-04	-6.026351E-05	-1.500945E-05	 1.237514E-07	 3.037687E-06	 2.054055E-06	-5.128488E-08
0.61237	-2.185365E-04	 2.367310E-03	-2.035316E-05	 5.735496E-04	-9.520065E-04	-8.450319E-04	-8.894051E-04	-5.940463E-04	-3.539494E-04	-1.702895E-04	-6.679526E-05	-1.741493E-05	-3.140859E-07	 3.300484E-06	 2.383234E-06	 1.083507E-07
0.61644	-1.872105E-04	 2.423142E-03	 2.116691E-05	 6.311428E-04	-9.448099E-04	-8.483002E-04	-9.159862E-04	-6.203785E-04	-3.759564E-04	-1.840459E-04	-7.391820E-05	-2.013584E-05	-8.763531E-07	 3.548779E-06	 2.739737E-06	 2.957782E-07
0.62048	-1.814970E-04	 2.476266E-03	 5.471561E-05	 6.902895E-04	-9.351182E-04	-8.491665E-04	-9.420022E-04	-6.469312E-04	-3.987229E-04	-1.985864E-04	-8.164805E-05	-2.319266E-05	-1.570399E-06	 3.779577E-06	 3.122270E-06	 5.142972E-07
0.62450	-1.763068E-04	 2.525320E-03	 8.731486E-05	 7.500301E-04	-9.241915E-04	-8.483527E-04	-9.674428E-04	-6.736101E-04	-4.222090E-04	-2.138971E-04	-8.999002E-05	-2.661061E-05	-2.423758E-06	 3.978528E-06	 3.527769E-06	 7.641393E-07
0.62849	-1.716763E-04	 2.571615E-03	 1.193290E-04	 8.106783E-04	-9.120091E-04	-8.459214E-04	-9.924375E-04	-7.005012E-04	-4.464869E-04	-2.300374E-04	-9.899324E-05	-3.042060E-05	-3.452775E-06	 4.138558E-06	 3.955007E-06	 1.047818E-06
0.63246	-1.596791E-04	 2.617011E-03	 1.543209E-04	 8.726970E-04	-8.985431E-04	-8.420138E-04	-1.016996E-03	-7.275999E-04	-4.715715E-04	-2.470358E-04	-1.086918E-04	-3.465585E-05	-4.684389E-06	 4.244658E-06	 4.399540E-06	 1.366196E-06
0.63640	-1.551363E-04	 2.660240E-03	 1.869196E-04	 9.358815E-04	-8.832897E-04	-8.360286E-04	-1.040836E-03	-7.547275E-04	-4.973665E-04	-2.648672E-04	-1.191088E-04	-3.934567E-05	-6.137732E-06	 4.287320E-06	 4.857456E-06	 1.720004E-06
0.64031	-1.505806E-04	 2.702040E-03	 2.196155E-04	 1.000208E-03	-8.667187E-04	-8.283371E-04	-1.064164E-03	-7.819998E-04	-5.239672E-04	-2.835995E-04	-1.302953E-04	-4.452866E-05	-7.840324E-06	 4.252663E-06	 5.325320E-06	 2.110892E-06
0.64420	-1.456183E-04	 2.744572E-03	 2.539028E-04	 1.066469E-03	-8.482375E-04	-8.187062E-04	-1.086841E-03	-8.093300E-04	-5.513320E-04	-3.032374E-04	-1.422832E-04	-5.023937E-05	-9.820193E-06	 4.121508E-06	 5.794120E-06	 2.538243E-06
0.64807	-9.422387E-05	 2.793651E-03	 3.077290E-04	 1.135806E-03	-8.294956E-04	-8.091501E-04	-1.109981E-03	-8.374084E-04	-5.799043E-04	-3.240110E-04	-1.551759E-04	-5.653677E-05	-1.211807E-05	 3.875412E-06	 6.260474E-06	 3.001914E-06
0.65192	-8.771523E-05	 2.837571E-03	 3.455462E-04	 1.206005E-03	-8.072661E-04	-7.956313E-04	-1.131396E-03	-8.648766E-04	-6.088804E-04	-3.455696E-04	-1.688996E-04	-6.342291E-05	-1.474117E-05	 3.504274E-06	 6.713320E-06	 3.501367E-06
0.65574	-8.274219E-05	 2.874041E-03	 3.806088E-04	 1.275542E-03	-7.840574E-04	-7.800132E-04	-1.151577E-03	-8.918789E-04	-6.383309E-04	-3.679317E-04	-1.834580E-04	-7.092744E-05	-1.773352E-05	 2.978120E-06	 7.140556E-06	 4.031767E-06
0.65955	-7.905059E-05	 2.904617E-03	 4.135388E-04	 1.344801E-03	-7.597492E-04	-7.622774E-04	-1.170559E-03	-9.184119E-04	-6.682581E-04	-3.911125E-04	-1.988814E-04	-7.908062E-05	-2.112135E-05	 2.277470E-06	 7.532047E-06	 4.591796E-06
0.66332	-7.319310E-05	 2.932090E-03	 4.468187E-04	 1.414536E-03	-7.341875E-04	-7.425204E-04	-1.188460E-03	-9.445347E-04	-6.986955E-04	-4.151378E-04	-2.152032E-04	-8.791823E-05	-2.493733E-05	 1.379650E-06	 7.875552E-06	 5.177746E-06
0.66708	-7.019382E-05	 2.957045E-03	 4.786598E-04	 1.484782E-03	-7.073699E-04	-7.206189E-04	-1.205307E-03	-9.702428E-04	-7.296499E-04	-4.400236E-04	-2.324591E-04	-9.747779E-05	-2.921271E-05	 2.640324E-07	 8.159796E-06	 5.786689E-06
0.67082	-6.723421E-05	 2.980362E-03	 5.103167E-04	 1.555610E-03	-6.795080E-04	-6.967436E-04	-1.221216E-03	-9.955648E-04	-7.611393E-04	-4.657858E-04	-2.506786E-04	-1.077943E-04	-3.398163E-05	-1.094016E-06	 8.371228E-06	 6.414470E-06
0.67454	-6.346940E-05	 3.004686E-03	 5.438182E-04	 1.627975E-03	-6.499040E-04	-6.706855E-04	-1.236071E-03	-1.020427E-03	-7.931134E-04	-4.924110E-04	-2.698798E-04	-1.188991E-04	-3.927830E-05	-2.724823E-06	 8.490370E-06	 7.054010E-06
0.67823	-1.843773E-06	 3.036227E-03	 6.037286E-04	 1.703854E-03	-6.198650E-04	-6.449767E-04	-1.251269E-03	-1.045760E-03	-8.261575E-04	-5.202142E-04	-2.902052E-04	-1.308744E-04	-4.516733E-05	-4.668293E-06	 8.498157E-06	 7.694962E-06
0.68191	 3.607589E-06	 3.060585E-03	 6.409139E-04	 1.779001E-03	-5.864222E-04	-6.142793E-04	-1.263627E-03	-1.069399E-03	-8.589180E-04	-5.485064E-04	-3.114238E-04	-1.436644E-04	-5.164077E-05	-6.935185E-06	 8.373565E-06	 8.328626E-06
0.68557	 6.599134E-06	 3.074735E-03	 6.733104E-04	 1.851776E-03	-5.529837E-04	-5.815056E-04	-1.274333E-03	-1.091882E-03	-8.916730E-04	-5.773856E-04	-3.335496E-04	-1.572914E-04	-5.874427E-05	-9.565319E-06	 8.094858E-06	 8.942619E-06
0.68920	 7.767104E-06	 3.080481E-03	 7.019462E-04	 1.922825E-03	-5.192277E-04	-5.465702E-04	-1.283416E-03	-1.113223E-03	-9.244393E-04	-6.068721E-04	-3.566165E-04	-1.717914E-04	-6.651404E-05	-1.259150E-05	 7.639401E-06	 9.526913E-06
0.69282	 4.250285E-06	 3.080434E-03	 7.271052E-04	 1.993023E-03	-4.845251E-04	-5.091985E-04	-1.290814E-03	-1.133399E-03	-9.572094E-04	-6.369720E-04	-3.806533E-04	-1.872025E-04	-7.499094E-05	-1.604844E-05	 6.981905E-06	 1.006830E-05
0.69642	 3.474150E-06	 3.075726E-03	 7.522543E-04	 2.062507E-03	-4.490741E-04	-4.697460E-04	-1.296629E-03	-1.152393E-03	-9.899168E-04	-6.676210E-04	-4.056290E-04	-2.035291E-04	-8.420398E-05	-1.996971E-05	 6.094796E-06	 1.054961E-05
0.70000	 1.826376E-06	 3.066547E-03	 7.760623E-04	 2.131211E-03	-4.127641E-04	-4.280445E-04	-1.300748E-03	-1.170078E-03	-1.022458E-03	-6.987524E-04	-4.315268E-04	-2.207846E-04	-9.418317E-05	-2.438741E-05	 4.951060E-06	 1.095452E-05
0.70356	-4.363880E-07	 3.052760E-03	 7.985179E-04	 2.199020E-03	-3.757133E-04	-3.841593E-04	-1.303210E-03	-1.186443E-03	-1.054823E-03	-7.303616E-04	-4.583639E-04	-2.390006E-04	-1.049693E-04	-2.933901E-05	 3.521747E-06	 1.126589E-05
0.70711	-6.194872E-06	 3.033519E-03	 8.180188E-04	 2.265423E-03	-3.380370E-04	-3.379730E-04	-1.303796E-03	-1.201228E-03	-1.086784E-03	-7.622835E-04	-4.860562E-04	-2.581540E-04	-1.165790E-04	-3.485630E-05	 1.775286E-06	 1.146180E-05
0.71063	-1.027305E-05	 3.009461E-03	 8.369650E-04	 2.330641E-03	-2.999062E-04	-2.897838E-04	-1.302723E-03	-1.214550E-03	-1.118411E-03	-7.945519E-04	-5.146326E-04	-2.782770E-04	-1.290518E-04	-4.097725E-05	-3.191932E-07	 1.152231E-05
0.71414	-1.538873E-05	 2.980682E-03	 8.542759E-04	 2.394698E-03	-2.612265E-04	-2.394604E-04	-1.299956E-03	-1.226371E-03	-1.149692E-03	-8.271643E-04	-5.441159E-04	-2.994046E-04	-1.424313E-04	-4.774245E-05	-2.795047E-06	 1.142624E-05
0.71764	-2.133383E-05	 2.946050E-03	 8.695701E-04	 2.456936E-03	-2.222388E-04	-1.870576E-04	-1.295283E-03	-1.236389E-03	-1.180325E-03	-8.598858E-04	-5.743626E-04	-3.214756E-04	-1.567172E-04	-5.518050E-05	-5.688451E-06	 1.114407E-05
0.72111	-3.401803E-05	 2.904799E-03	 8.798221E-04	 2.517012E-03	-1.829924E-04	-1.323436E-04	-1.288614E-03	-1.244503E-03	-1.210253E-03	-8.926809E-04	-6.053773E-04	-3.445136E-04	-1.719451E-04	-6.332915E-05	-9.033753E-06	 1.065207E-05
0.72457	-4.247583E-05	 2.857602E-03	 8.901796E-04	 2.575403E-03	-1.436860E-04	-7.589078E-05	-1.280352E-03	-1.250998E-03	-1.239687E-03	-9.256742E-04	-6.372358E-04	-3.685742E-04	-1.881696E-04	-7.223629E-05	-1.286900E-05	 9.924335E-06
0.72801	-5.308921E-05	 2.801776E-03	 8.967717E-04	 2.630927E-03	-1.044355E-04	-1.736157E-05	-1.269926E-03	-1.255291E-03	-1.268110E-03	-9.584922E-04	-6.697103E-04	-3.935465E-04	-2.053646E-04	-8.191967E-05	-1.723194E-05	 8.925463E-06
0.73144	-6.819296E-05	 2.728876E-03	 8.934653E-04	 2.679830E-03	-6.769253E-05	 4.255468E-05	-1.257359E-03	-1.257053E-03	-1.295206E-03	-9.908676E-04	-7.026452E-04	-4.193665E-04	-2.235361E-04	-9.239989E-05	-2.215358E-05	 7.625469E-06
0.73485	-2.219106E-04	 2.624333E-03	 8.105795E-04	 2.712863E-03	-3.392847E-05	 1.101306E-04	-1.238114E-03	-1.252279E-03	-1.318076E-03	-1.020923E-03	-7.350653E-04	-4.455535E-04	-2.424669E-04	-1.036243E-04	-2.765942E-05	 5.995582E-06
0.73824	-2.472970E-04	 2.518504E-03	 7.862412E-04	 2.747042E-03	-3.476977E-06	 1.721238E-04	-1.221370E-03	-1.248465E-03	-1.341792E-03	-1.051684E-03	-7.683876E-04	-4.727489E-04	-2.624633E-04	-1.157544E-04	-3.380427E-05	 3.995994E-06
0.74162	-2.689458E-04	 2.423189E-03	 7.705094E-04	 2.785650E-03	 3.083076E-05	 2.369927E-04	-1.203113E-03	-1.243332E-03	-1.365248E-03	-1.082756E-03	-8.026689E-04	-5.010908E-04	-2.836256E-04	-1.288451E-04	-4.064225E-05	 1.600796E-06
0.74498	-2.881965E-04	 2.331612E-03	 7.590913E-04	 2.825489E-03	 6.687742E-05	 3.039780E-04	-1.183408E-03	-1.236584E-03	-1.388100E-03	-1.113829E-03	-8.377025E-04	-5.304796E-04	-3.059480E-04	-1.429125E-04	-4.821192E-05	-1.231695E-06
0.74833	-3.291047E-04	 2.231457E-03	 7.338745E-04	 2.860251E-03	 1.018982E-04	 3.733176E-04	-1.161085E-03	-1.226653E-03	-1.408890E-03	-1.143766E-03	-8.727329E-04	-5.604743E-04	-3.292173E-04	-1.578973E-04	-5.653104E-05	-4.544122E-06
0.75166	-3.516330E-04	 2.125093E-03	 7.154977E-04	 2.892731E-03	 1.360048E-04	 4.431231E-04	-1.137785E-03	-1.215041E-03	-1.428878E-03	-1.173447E-03	-9.083140E-04	-5.914040E-04	-3.536311E-04	-1.739177E-04	-6.566319E-05	-8.372790E-06
0.75498	-3.765975E-04	 2.010222E-03	 6.931828E-04	 2.921835E-03	 1.696338E-04	 5.147233E-04	-1.112513E-03	-1.200952E-03	-1.447526E-03	-1.202547E-03	-9.442904E-04	-6.232098E-04	-3.791952E-04	-1.910028E-04	-7.565746E-05	-1.276149E-05
0.75829	-4.080115E-04	 1.871702E-03	 6.562543E-04	 2.939798E-03	 1.979649E-04	 5.864161E-04	-1.085020E-03	-1.183219E-03	-1.463426E-03	-1.229793E-03	-9.797010E-04	-6.552788E-04	-4.056001E-04	-2.090107E-04	-8.649061E-05	-1.774500E-05
0.76158	-6.323661E-04	 1.691298E-03	 4.991719E-04	 2.931466E-03	 2.169223E-04	 6.665984E-04	-1.049231E-03	-1.155793E-03	-1.472156E-03	-1.252142E-03	-1.012888E-03	-6.867157E-04	-4.323925E-04	-2.277778E-04	-9.815284E-05	-2.334482E-05
0.76485	-6.784276E-04	 1.509381E-03	 4.316033E-04	 2.927365E-03	 2.330234E-04	 7.376815E-04	-1.018829E-03	-1.131581E-03	-1.483318E-03	-1.276037E-03	-1.047425E-03	-7.194297E-04	-4.605418E-04	-2.478007E-04	-1.108110E-04	-2.963592E-05
0.76811	-7.185958E-04	 1.343141E-03	 3.773241E-04	 2.929353E-03	 2.547269E-04	 8.120243E-04	-9.865105E-04	-1.105487E-03	-1.493529E-03	-1.299497E-03	-1.082367E-03	-7.529843E-04	-4.898497E-04	-2.689885E-04	-1.244921E-04	-3.666238E-05
0.77136	-7.551064E-04	 1.182835E-03	 3.292115E-04	 2.932883E-03	 2.782109E-04	 8.882679E-04	-9.530585E-04	-1.077595E-03	-1.502859E-03	-1.322485E-03	-1.117725E-03	-7.874171E-04	-5.204064E-04	-2.913855E-04	-1.392478E-04	-4.446838E-05
0.77460	-8.427535E-04	 1.011258E-03	 2.482082E-04	 2.927634E-03	 2.981026E-04	 9.674802E-04	-9.168553E-04	-1.045490E-03	-1.509316E-03	-1.343461E-03	-1.152558E-03	-8.221822E-04	-5.519451E-04	-3.149153E-04	-1.550963E-04	-5.309979E-05
0.77782	-8.837514E-04	 8.332996E-04	 1.897943E-04	 2.919633E-03	 3.160834E-04	 1.044562E-03	-8.809543E-04	-1.012009E-03	-1.514619E-03	-1.363395E-03	-1.187173E-03	-8.573301E-04	-5.844340E-04	-3.395785E-04	-1.720461E-04	-6.260209E-05
0.78102	-9.247558E-04	 6.540792E-04	 1.323487E-04	 2.909832E-03	 3.343231E-04	 1.123145E-03	-8.436127E-04	-9.760135E-04	-1.518308E-03	-1.382152E-03	-1.221686E-03	-8.930139E-04	-6.180148E-04	-3.654731E-04	-1.901836E-04	-7.303381E-05
0.78422	-9.650475E-04	 4.710383E-04	 7.478895E-05	 2.897195E-03	 3.518572E-04	 1.202822E-03	-8.052016E-04	-9.376480E-04	-1.520584E-03	-1.399857E-03	-1.256225E-03	-9.293377E-04	-6.527977E-04	-3.926824E-04	-2.095861E-04	-8.445778E-05
0.78740	-1.013760E-03	 2.773001E-04	 8.774710E-06	 2.877038E-03	 3.664797E-04	 1.282742E-03	-7.651095E-04	-8.957560E-04	-1.519897E-03	-1.415049E-03	-1.289551E-03	-9.653984E-04	-6.881978E-04	-4.208974E-04	-2.301363E-04	-9.687462E-05
0.79057	-1.058225E-03	 7.391018E-05	-5.814547E-05	 2.851024E-03	 3.786618E-04	 1.362549E-03	-7.241063E-04	-8.511334E-04	-1.517135E-03	-1.428425E-03	-1.322214E-03	-1.001572E-03	-7.244707E-04	-4.502828E-04	-2.519400E-04	-1.103551E-04
0.79373	-1.105614E-03	-1.386467E-04	-1.297720E-04	 2.819282E-03	 3.885257E-04	 1.442811E-03	-6.821829E-04	-8.038101E-04	-1.512612E-03	-1.440297E-03	-1.354566E-03	-1.038144E-03	-7.618510E-04	-4.810048E-04	-2.751208E-04	-1.249816E-04
0.79687	-1.155270E-03	-3.662204E-04	-2.080995E-04	 2.777057E-03	 3.940583E-04	 1.521511E-03	-6.388781E-04	-7.527246E-04	-1.504274E-03	-1.448586E-03	-1.384636E-03	-1.073577E-03	-7.992562E-04	-5.124085E-04	-2.993520E-04	-1.406563E-04
0.80000	-1.226123E-03	-6.067010E-04	-3.038947E-04	 2.725076E-03	 3.950873E-04	 1.600446E-03	-5.940309E-04	-6.976576E-04	-1.492540E-03	-1.453730E-03	-1.412970E-03	-1.108311E-03	-8.370269E-04	-5.447244E-04	-3.247935E-04	-1.574803E-04
0.80312	-1.278411E-03	-8.483999E-04	-3.890068E-04	 2.673877E-03	 3.958844E-04	 1.680805E-03	-5.498066E-04	-6.414542E-04	-1.481459E-03	-1.459397E-03	-1.442848E-03	-1.144845E-03	-8.769924E-04	-5.791478E-04	-3.521606E-04	-1.758246E-04
0.80623	-1.330185E-03	-1.089712E-03	-4.719343E-04	 2.620641E-03	 3.965198E-04	 1.762495E-03	-5.046404E-04	-5.823066E-04	-1.468411E-03	-1.463109E-03	-1.472027E-03	-1.181454E-03	-9.179392E-04	-6.149662E-04	-3.811110E-04	-1.956049E-04
0.80932	-1.371777E-03	-1.314544E-03	-5.363522E-04	 2.574236E-03	 4.041367E-04	 1.847993E-03	-4.576290E-04	-5.206673E-04	-1.454102E-03	-1.465621E-03	-1.501090E-03	-1.218545E-03	-9.600989E-04	-6.523684E-04	-4.117874E-04	-2.169536E-04
0.81240	-1.172525E-03	-1.501078E-03	-4.278428E-04	 2.566720E-03	 4.365763E-04	 1.932719E-03	-4.159987E-04	-4.670902E-04	-1.449552E-03	-1.476548E-03	-1.537645E-03	-1.261745E-03	-1.007437E-03	-6.938564E-04	-4.456339E-04	-2.406200E-04
0.81548	-1.196739E-03	-1.696280E-03	-4.568627E-04	 2.539169E-03	 4.615370E-04	 2.031424E-03	-3.642847E-04	-4.003048E-04	-1.435822E-03	-1.480332E-03	-1.570784E-03	-1.303702E-03	-1.055468E-03	-7.367688E-04	-4.814549E-04	-2.661202E-04
0.81854	-1.238690E-03	-1.942231E-03	-5.207906E-04	 2.481582E-03	 4.684136E-04	 2.123247E-03	-3.130794E-04	-3.278141E-04	-1.415816E-03	-1.477372E-03	-1.599088E-03	-1.342573E-03	-1.102449E-03	-7.799114E-04	-5.184187E-04	-2.930684E-04
0.82158	-1.285858E-03	-2.215299E-03	-5.985794E-04	 2.409817E-03	 4.679511E-04	 2.214392E-03	-2.613612E-04	-2.507561E-04	-1.392820E-03	-1.471190E-03	-1.626092E-03	-1.381203E-03	-1.150511E-03	-8.248302E-04	-5.575201E-04	-3.220739E-04
0.82462	-1.238969E-03	-2.487357E-03	-6.098737E-04	 2.347860E-03	 4.766607E-04	 2.306901E-03	-2.103205E-04	-1.735146E-04	-1.372053E-03	-1.466711E-03	-1.655895E-03	-1.422745E-03	-1.201987E-03	-8.730739E-04	-5.997596E-04	-3.537412E-04
0.82765	-1.282593E-03	-2.771474E-03	-6.808950E-04	 2.270045E-03	 4.788175E-04	 2.404254E-03	-1.547925E-04	-8.749796E-05	-1.344713E-03	-1.455995E-03	-1.682257E-03	-1.462574E-03	-1.253747E-03	-9.226176E-04	-6.440723E-04	-3.875815E-04
0.83066	-1.332036E-03	-3.073569E-03	-7.616707E-04	 2.177517E-03	 4.731751E-04	 2.498751E-03	-1.001198E-04	 2.849913E-06	-1.313647E-03	-1.440502E-03	-1.705716E-03	-1.500673E-03	-1.305567E-03	-9.733087E-04	-6.903105E-04	-4.235757E-04
0.83367	-1.358882E-03	-3.338433E-03	-7.990993E-04	 2.103990E-03	 4.872018E-04	 2.602717E-03	-4.128477E-05	 9.649278E-05	-1.282598E-03	-1.425007E-03	-1.730934E-03	-1.540891E-03	-1.360256E-03	-1.027264E-03	-7.398812E-04	-4.626874E-04
0.83666	-7.667129E-04	-3.524854E-03	-3.597844E-04	 2.131284E-03	 5.850108E-04	 2.703990E-03	 1.103401E-05	 1.681105E-04	-1.274320E-03	-1.430275E-03	-1.773053E-03	-1.594465E-03	-1.425452E-03	-1.089377E-03	-7.955877E-04	-5.064773E-04
0.83964	-7.501258E-04	-3.721437E-03	-3.040531E-04	 2.097751E-03	 6.489389E-04	 2.831810E-03	 8.544064E-05	 2.720328E-04	-1.240081E-03	-1.413273E-03	-1.800906E-03	-1.639131E-03	-1.486871E-03	-1.150331E-03	-8.525934E-04	-5.523588E-04
0.84261	-7.789390E-04	-4.035234E-03	-3.378082E-04	 1.992487E-03	 6.633184E-04	 2.936623E-03	 1.510818E-04	 3.823104E-04	-1.196554E-03	-1.383618E-03	-1.818555E-03	-1.675859E-03	-1.543962E-03	-1.209477E-03	-9.099564E-04	-5.997837E-04
0.84558	-8.169683E-04	-4.400716E-03	-3.950877E-04	 1.856857E-03	 6.640346E-04	 3.034985E-03	 2.162194E-04	 4.989658E-04	-1.147144E-03	-1.346471E-03	-1.831256E-03	-1.709047E-03	-1.599886E-03	-1.269336E-03	-9.693171E-04	-6.499590E-04
0.84853	-4.430371E-04	-4.744252E-03	-1.296702E-04	 1.778438E-03	 7.247370E-04	 3.132462E-03	 2.806814E-04	 6.044183E-04	-1.110561E-03	-1.321000E-03	-1.854469E-03	-1.750995E-03	-1.663625E-03	-1.336015E-03	-1.034529E-03	-7.051740E-04
0.85147	-4.596122E-04	-5.105405E-03	-1.384074E-04	 1.646774E-03	 7.538370E-04	 3.244495E-03	 3.584524E-04	 7.348313E-04	-1.053833E-03	-1.276292E-03	-1.865115E-03	-1.784497E-03	-1.723779E-03	-1.401729E-03	-1.101355E-03	-7.630421E-04
0.85440	-5.099347E-04	-5.552652E-03	-2.102575E-04	 1.456897E-03	 7.446880E-04	 3.336486E-03	 4.271445E-04	 8.702438E-04	-9.899648E-04	-1.219946E-03	-1.866469E-03	-1.810195E-03	-1.779696E-03	-1.465680E-03	-1.168780E-03	-8.229281E-04
0.85732	-5.447399E-04	-6.002579E-03	-2.563790E-04	 1.261851E-03	 7.460280E-04	 3.429932E-03	 4.992261E-04	 1.011298E-03	-9.222857E-04	-1.158165E-03	-1.864937E-03	-1.833728E-03	-1.835563E-03	-1.531192E-03	-1.239040E-03	-8.865070E-04
0.86023	 1.634417E-04	-6.389021E-03	 3.150632E-04	 1.190117E-03	 8.794714E-04	 3.528541E-03	 5.764105E-04	 1.128484E-03	-8.803123E-04	-1.122467E-03	-1.885867E-03	-1.875843E-03	-1.906706E-03	-1.609211E-03	-1.319218E-03	-9.582047E-04
0.86313	 1.791525E-04	-6.785238E-03	 3.816450E-04	 1.025467E-03	 9.472241E-04	 3.646581E-03	 6.727977E-04	 1.285718E-03	-8.036514E-04	-1.052821E-03	-1.882572E-03	-1.900155E-03	-1.967780E-03	-1.681611E-03	-1.398524E-03	-1.031385E-03
0.86603	 1.288355E-04	-7.339316E-03	 3.223828E-04	 7.519306E-04	 9.381587E-04	 3.719466E-03	 7.470741E-04	 1.444318E-03	-7.176130E-04	-9.648121E-04	-1.862074E-03	-1.908351E-03	-2.017549E-03	-1.746494E-03	-1.474430E-03	-1.104118E-03
0.86891	 7.760916E-05	-7.948488E-03	 2.524417E-04	 4.381099E-04	 9.178803E-04	 3.777303E-03	 8.183221E-04	 1.606765E-03	-6.254012E-04	-8.664025E-04	-1.833054E-03	-1.908436E-03	-2.062205E-03	-1.808826E-03	-1.550315E-03	-1.178919E-03
0.87178	 7.566191E-04	-8.521508E-03	 8.111166E-04	 2.385859E-04	 1.043115E-03	 3.841149E-03	 9.019133E-04	 1.746836E-03	-5.563910E-04	-7.930873E-04	-1.825927E-03	-1.926783E-03	-2.122211E-03	-1.884040E-03	-1.636799E-03	-1.262824E-03
0.87464	 7.485866E-04	-9.109387E-03	 8.418311E-04	-6.977837E-05	 1.085404E-03	 3.911710E-03	 9.972991E-04	 1.924572E-03	-4.522007E-04	-6.820701E-04	-1.789997E-03	-1.921924E-03	-2.167351E-03	-1.949459E-03	-1.719444E-03	-1.346376E-03
0.87750	 6.640672E-04	-9.867650E-03	 7.307075E-04	-5.052908E-04	 1.037619E-03	 3.921574E-03	 1.060991E-03	 2.096530E-03	-3.413198E-04	-5.517423E-04	-1.733768E-03	-1.896016E-03	-2.196063E-03	-2.002296E-03	-1.794581E-03	-1.426444E-03
0.88034	 5.828663E-04	-1.068379E-02	 6.132402E-04	-9.917707E-04	 9.765098E-04	 3.903641E-03	 1.116655E-03	 2.265217E-03	-2.260820E-04	-4.108918E-04	-1.666275E-03	-1.857745E-03	-2.214878E-03	-2.047612E-03	-1.865467E-03	-1.505286E-03
0.88318	 1.312485E-03	-1.146882E-02	 1.225203E-03	-1.352438E-03	 1.098422E-03	 3.891042E-03	 1.193852E-03	 2.405428E-03	-1.354929E-04	-2.996491E-04	-1.622658E-03	-1.839042E-03	-2.249085E-03	-2.105352E-03	-1.946213E-03	-1.592662E-03
0.88600	 1.281231E-03	-1.225660E-02	 1.224902E-03	-1.839387E-03	 1.111264E-03	 3.875480E-03	 1.275563E-03	 2.582717E-03	-8.436383E-06	-1.462483E-04	-1.545476E-03	-1.791416E-03	-2.263280E-03	-2.148375E-03	-2.019325E-03	-1.676880E-03
0.88882	 1.154882E-03	-1.323407E-02	 1.051705E-03	-2.476677E-03	 1.011835E-03	 3.779094E-03	 1.311693E-03	 2.743384E-03	 1.197517E-04	 2.504449E-05	-1.446524E-03	-1.718624E-03	-2.256174E-03	-2.173254E-03	-2.079996E-03	-1.753400E-03
0.89163	 1.046229E-03	-1.425701E-02	 8.954308E-04	-3.165717E-03	 9.094440E-04	 3.642304E-03	 1.339563E-03	 2.889246E-03	 2.507274E-04	 2.041226E-04	-1.333206E-03	-1.628916E-03	-2.232243E-03	-2.182896E-03	-2.128833E-03	-1.821932E-03
0.89443	 2.151456E-03	-1.523177E-02	 1.883650E-03	-3.645137E-03	 1.124170E-03	 3.528417E-03	 1.421125E-03	 2.990456E-03	 3.469731E-04	 3.300886E-04	-1.261279E-03	-1.575844E-03	-2.235648E-03	-2.214191E-03	-2.193164E-03	-1.902526E-03
0.89722	 2.120371E-03	-1.620094E-02	 1.906852E-03	-4.315614E-03	 1.142893E-03	 3.398617E-03	 1.494192E-03	 3.138325E-03	 4.905263E-04	 5.143440E-04	-1.141313E-03	-1.479584E-03	-2.206999E-03	-2.219881E-03	-2.241303E-03	-1.973181E-03
0.90000	 1.917378E-03	-1.751407E-02	 1.610411E-03	-5.239695E-03	 9.604211E-04	 3.131399E-03	 1.491199E-03	 3.252058E-03	 6.345562E-04	 7.222430E-04	-9.869144E-04	-1.343375E-03	-2.141632E-03	-2.192818E-03	-2.264209E-03	-2.025477E-03
0.90277	 1.693559E-03	-1.899875E-02	 1.242299E-03	-6.287752E-03	 7.273712E-04	 2.788843E-03	 1.477183E-03	 3.343418E-03	 7.930101E-04	 9.453639E-04	-8.032446E-04	-1.178101E-03	-2.046193E-03	-2.139218E-03	-2.265162E-03	-2.061400E-03
0.90554	 2.778674E-03	-2.046744E-02	 2.156578E-03	-7.113084E-03	 8.721334E-04	 2.479977E-03	 1.541931E-03	 3.387380E-03	 9.187222E-04	 1.105241E-03	-6.683719E-04	-1.059381E-03	-1.985742E-03	-2.114308E-03	-2.286557E-03	-2.112878E-03
0.90830	 2.665214E-03	-2.185479E-02	 2.023657E-03	-8.131515E-03	 7.758987E-04	 2.130726E-03	 1.562755E-03	 3.456402E-03	 1.072364E-03	 1.313887E-03	-4.897535E-04	-8.955271E-04	-1.887618E-03	-2.055168E-03	-2.281924E-03	-2.144596E-03
0.91104	 2.387262E-03	-2.350894E-02	 1.588875E-03	-9.390279E-03	 4.580632E-04	 1.612914E-03	 1.466146E-03	 3.449547E-03	 1.193600E-03	 1.520784E-03	-2.894957E-04	-6.963357E-04	-1.748760E-03	-1.953800E-03	-2.239196E-03	-2.143641E-03
0.91378	 2.219022E-03	-2.509305E-02	 1.326572E-03	-1.062004E-02	 2.286781E-04	 1.079515E-03	 1.396119E-03	 3.413219E-03	 1.316049E-03	 1.713633E-03	-8.454765E-05	-4.946217E-04	-1.598187E-03	-1.838965E-03	-2.181676E-03	-2.127969E-03
0.91652	 5.052815E-03	-2.649152E-02	 4.193132E-03	-1.117276E-02	 1.056104E-03	 7.645793E-04	 1.624851E-03	 3.331348E-03	 1.404775E-03	 1.759003E-03	-5.755558E-06	-4.337235E-04	-1.562845E-03	-1.828837E-03	-2.204209E-03	-2.175914E-03
0.91924	 5.173514E-03	-2.769649E-02	 4.550532E-03	-1.213281E-02	 1.274038E-03	 3.761074E-04	 1.761442E-03	 3.325322E-03	 1.577876E-03	 1.926598E-03	 1.854352E-04	-2.649867E-04	-1.435478E-03	-1.738481E-03	-2.162441E-03	-2.174869E-03
0.92195	 4.858644E-03	-2.967674E-02	 4.070775E-03	-1.368793E-02	 9.129114E-04	-3.870267E-04	 1.620956E-03	 3.163740E-03	 1.676675E-03	 2.085915E-03	 4.128707E-04	-3.155717E-05	-1.231956E-03	-1.568194E-03	-2.045374E-03	-2.107325E-03
0.92466	 4.302065E-03	-3.230071E-02	 3.023546E-03	-1.571738E-02	 1.189062E-04	-1.463606E-03	 1.264301E-03	 2.857273E-03	 1.707786E-03	 2.221243E-03	 6.610088E-04	 2.436823E-04	-9.700997E-04	-1.334407E-03	-1.864720E-03	-1.980571E-03
0.92736	 2.940432E-03	-3.520607E-02	 1.011543E-03	-1.812326E-02	-1.108302E-03	-2.773951E-03	 7.182198E-04	 2.442573E-03	 1.683810E-03	 2.342528E-03	 9.293155E-04	 5.567462E-04	-6.545913E-04	-1.040598E-03	-1.622228E-03	-1.794449E-03
0.93005	 2.164465E-03	-3.838805E-02	-5.138349E-04	-2.063261E-02	-2.306993E-03	-4.228967E-03	 9.224015E-05	 1.893130E-03	 1.570527E-03	 2.372957E-03	 1.145170E-03	 8.319559E-04	-3.504670E-04	-7.450873E-04	-1.364021E-03	-1.584949E-03
0.93274	 1.326453E-03	-4.170896E-02	-2.088545E-03	-2.328157E-02	-3.533657E-03	-5.771959E-03	-5.760864E-04	 1.284298E-03	 1.416885E-03	 2.363340E-03	 1.334974E-03	 1.087114E-03	-5.508098E-05	-4.516628E-04	-1.100654E-03	-1.365662E-03
0.93541	 4.302613E-04	-4.554559E-02	-3.864620E-03	-2.631214E-02	-4.967746E-03	-7.536914E-03	-1.381269E-03	 5.756417E-04	 1.196347E-03	 2.317337E-03	 1.504436E-03	 1.340390E-03	 2.440962E-04	-1.478312E-04	-8.248468E-04	-1.133058E-03
0.93808	-2.211271E-03	-4.993471E-02	-7.689449E-03	-3.015424E-02	-7.307145E-03	-9.743011E-03	-2.591089E-03	-2.872366E-04	 8.590842E-04	 2.279572E-03	 1.699139E-03	 1.664561E-03	 6.149507E-04	 2.395701E-04	-4.744935E-04	-8.299096E-04
0.94074	-3.419432E-03	-5.475978E-02	-1.012346E-02	-3.410067E-02	-9.363172E-03	-1.215100E-02	-3.868352E-03	-1.356749E-03	 3.665976E-04	 2.072366E-03	 1.766418E-03	 1.882507E-03	 9.138383E-04	 5.772446E-04	-1.519556E-04	-5.358796E-04
0.94340	-4.516794E-03	-5.922101E-02	-1.221852E-02	-3.793964E-02	-1.118913E-02	-1.458126E-02	-5.128424E-03	-2.523718E-03	-2.056530E-04	 1.753204E-03	 1.744591E-03	 2.015876E-03	 1.156135E-03	 8.752429E-04	 1.530372E-04	-2.443022E-04
0.94604	-5.458573E-03	-6.358523E-02	-1.408176E-02	-4.182349E-02	-1.294645E-02	-1.714600E-02	-6.463660E-03	-3.849886E-03	-8.958029E-04	 1.298088E-03	 1.624840E-03	 2.066076E-03	 1.347656E-03	 1.142339E-03	 4.510987E-04	 5.358946E-05
0.94868	-7.199985E-03	-6.827805E-02	-1.691092E-02	-4.625970E-02	-1.519513E-02	-2.010989E-02	-8.115434E-03	-5.411069E-03	-1.762998E-03	 7.290705E-04	 1.431964E-03	 2.083145E-03	 1.533302E-03	 1.428063E-03	 7.827138E-04	 3.954163E-04
0.95131	-8.411636E-03	-7.371464E-02	-1.928484E-02	-5.127965E-02	-1.747099E-02	-2.352302E-02	-9.964311E-03	-7.251327E-03	-2.827209E-03	-1.860558E-05	 1.098779E-03	 1.991060E-03	 1.635142E-03	 1.654815E-03	 1.072515E-03	 7.139452E-04
0.95394	-9.783971E-03	-7.956815E-02	-2.184538E-02	-5.687838E-02	-1.989470E-02	-2.741021E-02	-1.203030E-02	-9.395070E-03	-4.090903E-03	-9.589279E-04	 6.237349E-04	 1.784963E-03	 1.655687E-03	 1.827556E-03	 1.331531E-03	 1.020241E-03
0.95656	-1.134564E-02	-8.569646E-02	-2.486481E-02	-6.296085E-02	-2.278050E-02	-3.187234E-02	-1.453673E-02	-1.201117E-02	-5.703665E-03	-2.224192E-03	-7.331979E-05	 1.413137E-03	 1.582596E-03	 1.959647E-03	 1.599540E-03	 1.364096E-03
0.95917	-1.700871E-02	-9.133136E-02	-3.286025E-02	-7.000147E-02	-2.794461E-02	-3.724497E-02	-1.828408E-02	-1.525767E-02	-7.959700E-03	-3.806721E-03	-1.033041E-03	 9.499392E-04	 1.475431E-03	 2.161714E-03	 1.976282E-03	 1.861749E-03
0.96177	-1.887021E-02	-9.636228E-02	-3.649123E-02	-7.608734E-02	-3.151021E-02	-4.244616E-02	-2.167804E-02	-1.875525E-02	-1.044585E-02	-5.823015E-03	-2.402269E-03	 3.853039E-05	 9.796598E-04	 2.005722E-03	 2.060977E-03	 2.129733E-03
0.96437	-1.983158E-02	-9.888435E-02	-3.821113E-02	-8.062512E-02	-3.355413E-02	-4.687936E-02	-2.433505E-02	-2.200601E-02	-1.277395E-02	-7.918779E-03	-3.922809E-03	-1.129237E-03	 2.089416E-04	 1.553264E-03	 1.868946E-03	 2.141479E-03
0.96695	-1.978993E-02	-9.860091E-02	-3.795351E-02	-8.332659E-02	-3.405222E-02	-5.038672E-02	-2.620217E-02	-2.493379E-02	-1.489645E-02	-1.005765E-02	-5.568193E-03	-2.533109E-03	-8.304930E-04	 8.055129E-04	 1.390115E-03	 1.880222E-03
0.96954	-1.658424E-02	-9.510032E-02	-3.306736E-02	-8.326987E-02	-3.174290E-02	-5.234356E-02	-2.658426E-02	-2.718211E-02	-1.647306E-02	-1.209686E-02	-7.221503E-03	-4.163187E-03	-2.153018E-03	-3.078505E-04	 5.352058E-04	 1.235859E-03
0.97211	-1.450651E-02	-8.698322E-02	-2.855427E-02	-8.050686E-02	-2.843633E-02	-5.272850E-02	-2.608996E-02	-2.856483E-02	-1.757532E-02	-1.376390E-02	-8.738469E-03	-5.752473E-03	-3.579528E-03	-1.563559E-03	-5.453013E-04	 3.549639E-04
0.97468	-1.130008E-02	-7.400377E-02	-2.190392E-02	-7.429007E-02	-2.321151E-02	-5.113306E-02	-2.433867E-02	-2.886194E-02	-1.808218E-02	-1.496911E-02	-1.010649E-02	-7.300526E-03	-5.153704E-03	-3.013406E-03	-1.942457E-03	-8.434457E-04
0.97724	-6.958733E-03	-5.374181E-02	-1.265742E-02	-6.289034E-02	-1.527111E-02	-4.638564E-02	-2.060623E-02	-2.726887E-02	-1.748933E-02	-1.519036E-02	-1.101826E-02	-8.528312E-03	-6.739724E-03	-4.558372E-03	-3.667089E-03	-2.389622E-03
0.97980	-2.068438E-03	-2.073644E-02	-7.403783E-04	-4.230631E-02	-3.481647E-03	-3.569940E-02	-1.365204E-02	-2.195373E-02	-1.483342E-02	-1.326525E-02	-1.084509E-02	-8.777920E-03	-8.002854E-03	-5.892975E-03	-5.633652E-03	-4.221255E-03
0.98234	 1.037971E-02	 3.444717E-02	 2.475458E-02	-3.368721E-03	 1.965723E-02	-1.213426E-02	 1.816693E-03	-8.242163E-03	-6.678213E-03	-6.321045E-03	-7.612006E-03	-6.518780E-03	-8.006889E-03	-6.433373E-03	-7.653447E-03	-6.358738E-03
0.98489	 3.425596E-02	 1.274464E-01	 7.225397E-02	 6.682700E-02	 6.242584E-02	 3.424494E-02	 3.264518E-02	 2.109990E-02	 1.202961E-02	 1.054174E-02	 2.040402E-03	 1.274026E-03	-4.805712E-03	-4.586208E-03	-8.897828E-03	-8.254226E-03
0.98742	 7.341753E-02	 2.851954E-01	 1.516023E-01	 1.898314E-01	 1.359484E-01	 1.197759E-01	 8.867431E-02	 7.812529E-02	 4.899299E-02	 4.576103E-02	 2.359928E-02	 2.009350E-02	 5.086143E-03	 2.866973E-03	-7.563231E-03	-8.396336E-03
0.98995	 1.464450E-01	 5.643166E-01	 2.974653E-01	 4.140320E-01	 2.704447E-01	 2.816978E-01	 1.944513E-01	 1.901059E-01	 1.225766E-01	 1.182251E-01	 6.972307E-02	 6.210072E-02	 2.953869E-02	 2.293201E-02	 3.721100E-04	-3.553859E-03
0.99247	 2.769418E-01	 1.082878E+00	 5.614241E-01	 8.365721E-01	 5.185201E-01	 5.949708E-01	 3.959261E-01	 4.128895E-01	 2.689445E-01	 2.676844E-01	 1.665052E-01	 1.538584E-01	 8.574794E-02	 7.187185E-02	 2.468701E-02	 1.480617E-02
0.99499	 5.187192E-01	 2.048090E+00	 1.050439E+00	 1.634126E+00	 9.815668E-01	 1.199459E+00	 7.812977E-01	 8.529730E-01	 5.582438E-01	 5.719542E-01	 3.655381E-01	 3.491581E-01	 2.092051E-01	 1.842064E-01	 8.732451E-02	 6.652772E-02
0.99750	 8.613316E-01	 3.442938E+00	 1.746325E+00	 2.808233E+00	 1.653484E+00	 2.114786E+00	 1.360931E+00	 1.541826E+00	 1.013157E+00	 1.068582E+00	 6.952601E-01	 6.866543E-01	 4.299911E-01	 3.955270E-01	 2.172478E-01	 1.822103E-01
1.00000	 1.215627E+00	 4.886319E+00	 2.466051E+00	 4.041752E+00	 2.356510E+00	 3.092848E+00	 1.979618E+00	 2.292713E+00	 1.511266E+00	 1.623007E+00	 1.067068E+00	 1.075092E+00	 6.887089E-01	 6.490043E-01	 3.791328E-01	 3.308642E-01
