r	   0/   0	   1/   0	   2/   0	   3/   0	   4/   0	   5/   0	   6/   0	   7/   0	   8/   0	   9/   0	  10/   0	  11/   0	  12/   0	  13/   0	  14/   0	  15/   0
0.07071	 0.000000E+00	 2.273574E-01	 1.385317E+00	-1.708706E-02	 1.939934E-02	-3.332151E-03	-6.919098E-03	 1.243665E-03	 7.470073E-04	-1.572574E-04	 3.405800E-07	-4.915436E-05	-2.231015E-05	 1.281496E-05	 4.188866E-06	-1.204406E-06
0.10000	 0.000000E+00	 3.371940E-01	 1.448009E+00	-2.672377E-02	 1.079193E-02	-4.224889E-03	-9.358802E-03	 8.633602E-04	 1.358542E-03	-2.190410E-04	-8.177655E-05	-3.383628E-05	-2.557613E-05	 1.128203E-05	 7.818728E-06	-1.451081E-06
0.12247	 0.000000E+00	 4.170489E-01	 1.431957E+00	-2.871202E-02	 3.796187E-03	-4.555068E-03	-7.857981E-03	 4.492128E-04	 1.447097E-03	-2.240560E-04	-2.178667E-04	-6.683837E-06	-7.850593E-06	 7.647400E-06	 7.952098E-06	-1.719311E-06
0.14142	 0.000000E+00	 5.207708E-01	 1.442155E+00	-3.018819E-02	-7.039314E-03	-3.876208E-03	-5.471107E-03	 7.483592E-05	 1.341572E-03	-2.163501E-04	-2.829906E-04	 2.135428E-05	 2.071913E-05	 6.260317E-06	 4.408352E-06	-1.394988E-06
0.15811	 0.000000E+00	 6.145614E-01	 1.454896E+00	-2.506148E-02	-1.587187E-02	-5.305459E-03	-4.067481E-03	 1.390207E-05	 1.150172E-03	-1.713628E-04	-3.120316E-04	 1.706824E-05	 4.187127E-05	 5.692096E-06	-1.427176E-07	 1.023312E-07
0.17321	 0.000000E+00	 6.916783E-01	 1.470548E+00	-1.967183E-02	-2.334192E-02	-6.983520E-03	-3.331416E-03	-1.731478E-04	 9.262878E-04	-8.036183E-05	-2.933149E-04	 3.637588E-06	 4.815949E-05	 3.175917E-06	-4.207620E-06	 1.752469E-06
0.18708	 0.000000E+00	 7.449856E-01	 1.488131E+00	-1.625294E-02	-2.995825E-02	-8.794173E-03	-3.044192E-03	-3.640506E-04	 7.090426E-04	-1.738233E-05	-2.501383E-04	-4.612666E-06	 4.584413E-05	 8.540307E-07	-7.703948E-06	 2.699461E-06
0.20000	 0.000000E+00	 7.714457E-01	 1.505827E+00	-1.590498E-02	-3.593508E-02	-1.063897E-02	-3.065249E-03	-5.346801E-04	 5.232230E-04	 1.591108E-05	-2.025083E-04	-9.886594E-06	 3.922999E-05	-8.906366E-08	-9.873271E-06	 2.925403E-06
0.21213	 0.000000E+00	 7.715805E-01	 1.522147E+00	-1.905374E-02	-4.141924E-02	-1.244988E-02	-3.268490E-03	-6.763338E-04	 3.699774E-04	 2.698223E-05	-1.591487E-04	-1.277741E-05	 3.095777E-05	-2.492097E-07	-1.068083E-05	 2.748946E-06
0.22361	 0.000000E+00	 7.525737E-01	 1.536587E+00	-2.520130E-02	-4.650080E-02	-1.415825E-02	-3.566731E-03	-7.992676E-04	 2.460759E-04	 2.543079E-05	-1.223997E-04	-1.313835E-05	 2.305300E-05	-8.962902E-08	-1.053218E-05	 2.422641E-06
0.23452	 0.000000E+00	 7.252658E-01	 1.549422E+00	-3.306016E-02	-5.123692E-02	-1.577665E-02	-3.916172E-03	-9.092098E-04	 1.457345E-04	 1.683665E-05	-9.225699E-05	-1.126243E-05	 1.649100E-05	 1.857225E-07	-9.852133E-06	 2.101772E-06
0.24495	 0.000000E+00	 7.024083E-01	 1.561658E+00	-4.080793E-02	-5.565716E-02	-1.736752E-02	-4.309637E-03	-1.017615E-03	 6.300521E-05	 5.766087E-06	-6.796190E-05	-8.018489E-06	 1.156966E-05	 5.264678E-07	-8.972265E-06	 1.852541E-06
0.25495	 0.000000E+00	 6.929549E-01	 1.574121E+00	-4.692266E-02	-5.979988E-02	-1.902063E-02	-4.759036E-03	-1.132761E-03	-7.945843E-06	-5.689549E-06	-4.898022E-05	-4.494560E-06	 8.114688E-06	 9.151583E-07	-8.120514E-06	 1.682284E-06
0.26458	 0.000000E+00	 6.974017E-01	 1.587038E+00	-5.099561E-02	-6.372477E-02	-2.082556E-02	-5.271856E-03	-1.248313E-03	-7.289695E-05	-1.936296E-05	-3.522995E-05	-1.470932E-06	 5.629811E-06	 1.271676E-06	-7.408851E-06	 1.583886E-06
0.27386	 0.000000E+00	 7.133583E-01	 1.600280E+00	-5.313951E-02	-6.748618E-02	-2.279483E-02	-5.849367E-03	-1.370885E-03	-1.343124E-04	-3.366167E-05	-2.619799E-05	 4.425068E-07	 3.876056E-06	 1.634774E-06	-6.885984E-06	 1.523126E-06
0.28284	 0.000000E+00	 7.363764E-01	 1.613632E+00	-5.384436E-02	-7.111902E-02	-2.489985E-02	-6.487442E-03	-1.507757E-03	-1.936343E-04	-4.717849E-05	-2.104754E-05	 1.089410E-06	 2.653968E-06	 2.026055E-06	-6.555084E-06	 1.472137E-06
0.29155	 0.000000E+00	 7.588534E-01	 1.626681E+00	-5.416475E-02	-7.465201E-02	-2.709644E-02	-7.169832E-03	-1.654783E-03	-2.524332E-04	-6.120110E-05	-1.882379E-05	 9.404600E-07	 1.655438E-06	 2.333837E-06	-6.376053E-06	 1.443601E-06
0.30000	 0.000000E+00	 7.756161E-01	 1.639047E+00	-5.493113E-02	-7.810447E-02	-2.932142E-02	-7.879387E-03	-1.813094E-03	-3.101995E-04	-7.508621E-05	-1.862650E-05	 3.591368E-07	 7.986996E-07	 2.541374E-06	-6.315632E-06	 1.442039E-06
0.30822	 0.000000E+00	 7.866252E-01	 1.650785E+00	-5.625012E-02	-8.147916E-02	-3.152923E-02	-8.608927E-03	-1.990342E-03	-3.665310E-04	-8.684170E-05	-1.958909E-05	-5.801012E-07	 1.186631E-07	 2.738073E-06	-6.347296E-06	 1.446632E-06
0.31623	 0.000000E+00	 7.930607E-01	 1.661982E+00	-5.802702E-02	-8.478309E-02	-3.370660E-02	-9.354832E-03	-2.187484E-03	-4.221884E-04	-9.660471E-05	-2.110549E-05	-1.636964E-06	-4.407794E-07	 2.919194E-06	-6.449822E-06	 1.455201E-06
0.32404	 0.000000E+00	 7.954810E-01	 1.672715E+00	-6.027082E-02	-8.802717E-02	-3.585958E-02	-1.011217E-02	-2.398654E-03	-4.783866E-04	-1.061064E-04	-2.274987E-05	-2.372762E-06	-9.881372E-07	 2.989266E-06	-6.601416E-06	 1.492815E-06
0.33166	 0.000000E+00	 7.967863E-01	 1.683296E+00	-6.261294E-02	-9.120938E-02	-3.800616E-02	-1.088433E-02	-2.624422E-03	-5.361253E-04	-1.154663E-04	-2.428811E-05	-2.788293E-06	-1.501839E-06	 3.000071E-06	-6.791732E-06	 1.544635E-06
0.33912	 0.000000E+00	 8.013844E-01	 1.694097E+00	-6.437611E-02	-9.432040E-02	-4.017861E-02	-1.168428E-02	-2.868885E-03	-5.963430E-04	-1.244599E-04	-2.586488E-05	-3.146008E-06	-1.902233E-06	 3.059618E-06	-7.032697E-06	 1.572140E-06
0.34641	 0.000000E+00	 8.114489E-01	 1.705614E+00	-6.518154E-02	-9.733964E-02	-4.241718E-02	-1.252570E-02	-3.131589E-03	-6.608904E-04	-1.345238E-04	-2.756139E-05	-3.376557E-06	-2.256586E-06	 3.126864E-06	-7.317943E-06	 1.578165E-06
0.35355	 0.000000E+00	 8.272072E-01	 1.718357E+00	-6.493456E-02	-1.002347E-01	-4.475196E-02	-1.342148E-02	-3.412844E-03	-7.314211E-04	-1.468322E-04	-2.941513E-05	-3.413523E-06	-2.632880E-06	 3.159093E-06	-7.637144E-06	 1.568091E-06
0.36056	 0.000000E+00	 8.484397E-01	 1.732684E+00	-6.358912E-02	-1.029721E-01	-4.719891E-02	-1.438475E-02	-3.716776E-03	-8.088590E-04	-1.614676E-04	-3.160578E-05	-3.426953E-06	-3.016733E-06	 3.199690E-06	-7.993768E-06	 1.521274E-06
0.36742	 0.000000E+00	 8.739315E-01	 1.748669E+00	-6.125960E-02	-1.055344E-01	-4.975945E-02	-1.542238E-02	-4.046291E-03	-8.939097E-04	-1.785913E-04	-3.426922E-05	-3.501065E-06	-3.421649E-06	 3.254530E-06	-8.383491E-06	 1.431175E-06
0.37417	 0.000000E+00	 9.014115E-01	 1.765840E+00	-5.824790E-02	-1.079374E-01	-5.241210E-02	-1.652867E-02	-4.400775E-03	-9.863180E-04	-1.982891E-04	-3.756665E-05	-3.641540E-06	-3.830098E-06	 3.300450E-06	-8.814378E-06	 1.301748E-06
0.38079	 0.000000E+00	 9.286036E-01	 1.783596E+00	-5.488869E-02	-1.102107E-01	-5.512389E-02	-1.769169E-02	-4.779028E-03	-1.085532E-03	-2.201397E-04	-4.153571E-05	-3.903646E-06	-4.205535E-06	 3.350134E-06	-9.296151E-06	 1.127253E-06
0.38730	 0.000000E+00	 9.533616E-01	 1.801521E+00	-5.153315E-02	-1.123791E-01	-5.786382E-02	-1.889860E-02	-5.179408E-03	-1.191398E-03	-2.437198E-04	-4.593058E-05	-4.256408E-06	-4.576635E-06	 3.402242E-06	-9.812704E-06	 9.128785E-07
0.39370	 0.000000E+00	 9.741482E-01	 1.819481E+00	-4.847336E-02	-1.144575E-01	-6.061005E-02	-2.014056E-02	-5.600824E-03	-1.303677E-03	-2.686286E-04	-5.050581E-05	-4.630501E-06	-4.953409E-06	 3.452080E-06	-1.035245E-05	 6.672494E-07
0.40000	 0.000000E+00	 9.905039E-01	 1.837690E+00	-4.584382E-02	-1.164418E-01	-6.335786E-02	-2.141775E-02	-6.044435E-03	-1.422413E-03	-2.945264E-04	-5.507421E-05	-4.961265E-06	-5.317101E-06	 3.503082E-06	-1.091418E-05	 3.946684E-07
0.40620	 0.000000E+00	 1.003419E+00	 1.856923E+00	-4.354532E-02	-1.182942E-01	-6.612976E-02	-2.274575E-02	-6.516278E-03	-1.549081E-03	-3.213977E-04	-5.942298E-05	-5.192754E-06	-5.684459E-06	 3.565496E-06	-1.148070E-05	 9.700497E-08
0.41231	 0.000000E+00	 1.014788E+00	 1.877962E+00	-4.129551E-02	-1.199656E-01	-6.895911E-02	-2.414783E-02	-7.025149E-03	-1.685692E-03	-3.494574E-04	-6.359439E-05	-5.370047E-06	-6.034088E-06	 3.677467E-06	-1.205202E-05	-2.416916E-07
0.41833	 0.000000E+00	 1.026114E+00	 1.901435E+00	-3.886509E-02	-1.214113E-01	-7.187862E-02	-2.564615E-02	-7.578946E-03	-1.834594E-03	-3.794877E-04	-6.768792E-05	-5.412273E-06	-6.351924E-06	 3.821676E-06	-1.263258E-05	-6.205380E-07
0.42426	 0.000000E+00	 1.038273E+00	 1.927565E+00	-3.611998E-02	-1.226084E-01	-7.490754E-02	-2.725420E-02	-8.182785E-03	-1.997627E-03	-4.124005E-04	-7.189760E-05	-5.199157E-06	-6.593585E-06	 3.965001E-06	-1.323880E-05	-1.031717E-06
0.43012	 0.000000E+00	 1.052193E+00	 1.956290E+00	-3.288271E-02	-1.235398E-01	-7.805614E-02	-2.898126E-02	-8.841796E-03	-2.176777E-03	-4.488462E-04	-7.642794E-05	-4.745981E-06	-6.704542E-06	 4.132620E-06	-1.388778E-05	-1.489667E-06
0.43589	 0.000000E+00	 1.068992E+00	 1.987923E+00	-2.893621E-02	-1.241674E-01	-8.134580E-02	-3.084416E-02	-9.565004E-03	-2.375905E-03	-4.897941E-04	-8.127015E-05	-4.024561E-06	-6.701463E-06	 4.343600E-06	-1.456385E-05	-2.003112E-06
0.44159	 0.000000E+00	 1.089190E+00	 2.022346E+00	-2.413235E-02	-1.244670E-01	-8.478296E-02	-3.285140E-02	-1.035838E-02	-2.597997E-03	-5.362920E-04	-8.661331E-05	-3.001285E-06	-6.552154E-06	 4.599973E-06	-1.527402E-05	-2.577199E-06
0.44721	 0.000000E+00	 1.113424E+00	 2.059711E+00	-1.829956E-02	-1.244022E-01	-8.837932E-02	-3.501669E-02	-1.123128E-02	-2.847312E-03	-5.895331E-04	-9.260681E-05	-1.675561E-06	-6.238487E-06	 4.930428E-06	-1.601131E-05	-3.224454E-06
0.45277	 0.000000E+00	 1.141583E+00	 2.099822E+00	-1.137622E-02	-1.239513E-01	-9.213113E-02	-3.734440E-02	-1.218985E-02	-3.127497E-03	-6.507735E-04	-9.943845E-05	-1.090045E-08	-5.733186E-06	 5.343470E-06	-1.677326E-05	-3.950936E-06
0.45826	 0.000000E+00	 1.173247E+00	 2.142499E+00	-3.365567E-03	-1.230989E-01	-9.602963E-02	-3.983621E-02	-1.323988E-02	-3.442197E-03	-7.213163E-04	-1.073461E-04	 2.034627E-06	-4.978828E-06	 5.854412E-06	-1.756197E-05	-4.763098E-06
0.46368	 0.000000E+00	 1.207681E+00	 2.187451E+00	 5.673877E-03	-1.218375E-01	-1.000578E-01	-4.248883E-02	-1.438565E-02	-3.794750E-03	-8.024004E-04	-1.165690E-04	 4.481268E-06	-3.921081E-06	 6.493467E-06	-1.837089E-05	-5.668374E-06
0.46904	 0.000000E+00	 1.243997E+00	 2.234516E+00	 1.563901E-02	-1.201588E-01	-1.042008E-01	-4.530014E-02	-1.563132E-02	-4.188269E-03	-8.953661E-04	-1.274374E-04	 7.390074E-06	-2.465394E-06	 7.282095E-06	-1.920744E-05	-6.668478E-06
0.47434	 0.000000E+00	 1.281823E+00	 2.284030E+00	 2.653382E-02	-1.180130E-01	-1.084617E-01	-4.828348E-02	-1.698880E-02	-4.628580E-03	-1.001881E-03	-1.401139E-04	 1.077992E-05	-5.842236E-07	 8.288273E-06	-2.003136E-05	-7.772732E-06
0.47958	 0.000000E+00	 1.320636E+00	 2.336285E+00	 3.832456E-02	-1.153513E-01	-1.128407E-01	-5.145099E-02	-1.847024E-02	-5.121811E-03	-1.123974E-03	-1.549211E-04	 1.471032E-05	 1.797988E-06	 9.568273E-06	-2.081016E-05	-8.982971E-06
0.48477	 0.000000E+00	 1.359097E+00	 2.390724E+00	 5.080840E-02	-1.121812E-01	-1.173035E-01	-5.478810E-02	-2.007673E-02	-5.670795E-03	-1.263257E-03	-1.724068E-04	 1.919721E-05	 4.829686E-06	 1.117765E-05	-2.154298E-05	-1.030287E-05
0.48990	 0.000000E+00	 1.395514E+00	 2.446553E+00	 6.365005E-02	-1.085498E-01	-1.218033E-01	-5.826540E-02	-2.180198E-02	-6.276134E-03	-1.421028E-03	-1.931064E-04	 2.432513E-05	 8.695418E-06	 1.315791E-05	-2.224071E-05	-1.172388E-05
0.49497	 0.000000E+00	 1.428957E+00	 2.503235E+00	 7.666350E-02	-1.044748E-01	-1.263069E-01	-6.186261E-02	-2.364364E-02	-6.940073E-03	-1.598746E-03	-2.173630E-04	 3.011763E-05	 1.348326E-05	 1.559143E-05	-2.285909E-05	-1.324064E-05
0.50000	 0.000000E+00	 1.460123E+00	 2.561202E+00	 8.997014E-02	-9.990801E-02	-1.308197E-01	-6.559082E-02	-2.561435E-02	-7.670109E-03	-1.799169E-03	-2.457504E-04	 3.649789E-05	 1.927348E-05	 1.862548E-05	-2.332050E-05	-1.486319E-05
0.50498	 0.000000E+00	 1.488882E+00	 2.620149E+00	 1.035456E-01	-9.483791E-02	-1.353223E-01	-6.944042E-02	-2.771546E-02	-8.469985E-03	-2.024859E-03	-2.791283E-04	 4.343809E-05	 2.618877E-05	 2.232668E-05	-2.358722E-05	-1.657543E-05
0.50990	 0.000000E+00	 1.515705E+00	 2.680279E+00	 1.174392E-01	-8.923996E-02	-1.398107E-01	-7.341258E-02	-2.995449E-02	-9.345954E-03	-2.279151E-03	-3.185726E-04	 5.085688E-05	 3.440050E-05	 2.682351E-05	-2.360633E-05	-1.837141E-05
0.51478	 0.000000E+00	 1.540088E+00	 2.740728E+00	 1.315338E-01	-8.315050E-02	-1.442426E-01	-7.747577E-02	-3.232173E-02	-1.029826E-02	-2.564191E-03	-3.652344E-04	 5.855799E-05	 4.403283E-05	 3.219939E-05	-2.334363E-05	-2.023617E-05
0.51962	 0.000000E+00	 1.562796E+00	 2.801807E+00	 1.459248E-01	-7.654534E-02	-1.486179E-01	-8.163170E-02	-3.482430E-02	-1.133336E-02	-2.883757E-03	-4.204675E-04	 6.632856E-05	 5.522495E-05	 3.860828E-05	-2.271778E-05	-2.215480E-05
0.52440	 0.000000E+00	 1.584089E+00	 2.863167E+00	 1.606788E-01	-6.941369E-02	-1.529146E-01	-8.586705E-02	-3.746066E-02	-1.245460E-02	-3.241045E-03	-4.857731E-04	 7.377534E-05	 6.802074E-05	 4.617473E-05	-2.164724E-05	-2.410939E-05
0.52915	 0.000000E+00	 1.605335E+00	 2.925679E+00	 1.760568E-01	-6.167126E-02	-1.571541E-01	-9.020570E-02	-4.024959E-02	-1.367328E-02	-3.641757E-03	-5.631387E-04	 8.053872E-05	 8.254734E-05	 5.508419E-05	-2.000922E-05	-2.606761E-05
0.53385	 0.000000E+00	 1.626860E+00	 2.988928E+00	 1.921782E-01	-5.330148E-02	-1.613077E-01	-9.463312E-02	-4.318958E-02	-1.499317E-02	-4.089922E-03	-6.548270E-04	 8.587827E-05	 9.881864E-05	 6.548458E-05	-1.771600E-05	-2.801158E-05
0.53852	 0.000000E+00	 1.649221E+00	 3.053326E+00	 2.091462E-01	-4.425923E-02	-1.653754E-01	-9.915473E-02	-4.629009E-02	-1.642257E-02	-4.591149E-03	-7.633182E-04	 8.920023E-05	 1.169240E-04	 7.754324E-05	-1.464396E-05	-2.988600E-05
0.54314	 0.000000E+00	 1.672308E+00	 3.118487E+00	 2.269889E-01	-3.453715E-02	-1.693256E-01	-1.037522E-01	-4.954780E-02	-1.796481E-02	-5.149631E-03	-8.911544E-04	 8.953971E-05	 1.367799E-04	 9.142322E-05	-1.066404E-05	-3.165174E-05
0.54772	 0.000000E+00	 1.696286E+00	 3.184789E+00	 2.457556E-01	-2.408506E-02	-1.731549E-01	-1.084295E-01	-5.297206E-02	-1.962841E-02	-5.771304E-03	-1.041145E-03	 8.603159E-05	 1.583621E-04	 1.073166E-04	-5.599900E-06	-3.323066E-05
0.55227	 0.000000E+00	 1.720971E+00	 3.252115E+00	 2.654419E-01	-1.288431E-02	-1.768400E-01	-1.131738E-01	-5.656266E-02	-2.141800E-02	-6.461123E-03	-1.216287E-03	 7.748944E-05	 1.815255E-04	 1.253914E-04	 7.154303E-07	-3.454909E-05
0.55678	 0.000000E+00	 1.746289E+00	 3.320456E+00	 2.860711E-01	-9.038219E-04	-1.803608E-01	-1.179763E-01	-6.032212E-02	-2.333955E-02	-7.224641E-03	-1.419849E-03	 6.258730E-05	 2.060682E-04	 1.458236E-04	 8.474728E-06	-3.551748E-05
0.56125	 0.000000E+00	 1.772275E+00	 3.390036E+00	 3.076659E-01	 1.189868E-02	-1.837046E-01	-1.228326E-01	-6.425678E-02	-2.540131E-02	-8.068544E-03	-1.655428E-03	 3.992531E-05	 2.317538E-04	 1.687914E-04	 1.792536E-05	-3.600336E-05
0.56569	 0.000000E+00	 1.798241E+00	 3.459931E+00	 3.300766E-01	 2.544606E-02	-1.868169E-01	-1.276952E-01	-6.834261E-02	-2.759704E-02	-8.994810E-03	-1.926357E-03	 7.564348E-06	 2.580858E-04	 1.943263E-04	 2.917580E-05	-3.592882E-05
0.57009	 0.000000E+00	 1.824511E+00	 3.531022E+00	 3.534169E-01	 3.985221E-02	-1.897105E-01	-1.325854E-01	-7.260123E-02	-2.994153E-02	-1.001237E-02	-2.236784E-03	-3.610600E-05	 2.846795E-04	 2.226135E-04	 4.254248E-05	-3.511004E-05
0.57446	 0.000000E+00	 1.851044E+00	 3.603608E+00	 3.777467E-01	 5.519745E-02	-1.923723E-01	-1.375044E-01	-7.704389E-02	-3.244562E-02	-1.112938E-02	-2.591285E-03	-9.315114E-05	 3.109952E-04	 2.537903E-04	 5.833776E-05	-3.335831E-05
0.57879	 0.000000E+00	 1.876784E+00	 3.676728E+00	 4.027526E-01	 7.135957E-02	-1.947507E-01	-1.423948E-01	-8.163831E-02	-3.509855E-02	-1.234656E-02	-2.993366E-03	-1.659269E-04	 3.362850E-04	 2.877647E-04	 7.666798E-05	-3.054030E-05
0.58310	 0.000000E+00	 1.901108E+00	 3.750185E+00	 4.282583E-01	 8.831445E-02	-1.968256E-01	-1.472311E-01	-8.637357E-02	-3.789950E-02	-1.366763E-02	-3.446605E-03	-2.566165E-04	 3.597102E-04	 3.244785E-04	 9.776584E-05	-2.645173E-05
0.58737	 0.000000E+00	 1.924416E+00	 3.824739E+00	 4.544129E-01	 1.061867E-01	-1.986012E-01	-1.520301E-01	-9.127154E-02	-4.086434E-02	-1.510285E-02	-3.956423E-03	-3.678150E-04	 3.804213E-04	 3.640140E-04	 1.220153E-04	-2.082900E-05
0.59161	 0.000000E+00	 1.945960E+00	 3.899810E+00	 4.809627E-01	 1.248931E-01	-2.000466E-01	-1.567493E-01	-9.630663E-02	-4.398413E-02	-1.665336E-02	-4.526510E-03	-5.022450E-04	 3.972965E-04	 4.061032E-04	 1.495330E-04	-1.347619E-05
0.59582	 0.000000E+00	 1.965676E+00	 3.975303E+00	 5.078727E-01	 1.444349E-01	-2.011429E-01	-1.613686E-01	-1.014709E-01	-4.725911E-02	-1.832367E-02	-5.161371E-03	-6.628833E-04	 4.090623E-04	 4.505027E-04	 1.805173E-04	-4.159407E-06
0.60000	 0.000000E+00	 1.984257E+00	 4.051935E+00	 5.353475E-01	 1.649358E-01	-2.018893E-01	-1.659010E-01	-1.067843E-01	-5.070472E-02	-2.012492E-02	-5.867590E-03	-8.532117E-04	 4.143834E-04	 4.970712E-04	 2.153079E-04	 7.433277E-06
0.60415	 0.000000E+00	 2.000957E+00	 4.128890E+00	 5.631295E-01	 1.862920E-01	-2.022514E-01	-1.702958E-01	-1.122125E-01	-5.430679E-02	-2.205607E-02	-6.648546E-03	-1.076430E-03	 4.115721E-04	 5.451882E-04	 2.539009E-04	 2.150535E-05
0.60828	 0.000000E+00	 2.016351E+00	 4.206706E+00	 5.913666E-01	 2.085937E-01	-2.022240E-01	-1.745561E-01	-1.177680E-01	-5.807688E-02	-2.412705E-02	-7.510908E-03	-1.336460E-03	 3.989353E-04	 5.945027E-04	 2.965613E-04	 3.838128E-05
0.61237	 0.000000E+00	 2.030109E+00	 4.284869E+00	 6.199291E-01	 2.317820E-01	-2.017791E-01	-1.786433E-01	-1.234258E-01	-6.200557E-02	-2.633872E-02	-8.458804E-03	-1.637036E-03	 3.743954E-04	 6.442266E-04	 3.432680E-04	 5.828608E-05
0.61644	 0.000000E+00	 2.042321E+00	 4.363486E+00	 6.488138E-01	 2.558836E-01	-2.009064E-01	-1.825430E-01	-1.291818E-01	-6.609446E-02	-2.869671E-02	-9.497786E-03	-1.982182E-03	 3.358657E-04	 6.936401E-04	 3.940798E-04	 8.150079E-05
0.62048	 0.000000E+00	 2.053386E+00	 4.442764E+00	 6.781289E-01	 2.809544E-01	-1.995892E-01	-1.862442E-01	-1.350372E-01	-7.034925E-02	-3.120897E-02	-1.063458E-02	-2.376576E-03	 2.809300E-04	 7.419241E-04	 4.490746E-04	 1.083314E-04
0.62450	 0.000000E+00	 2.062617E+00	 4.521717E+00	 7.075774E-01	 3.068270E-01	-1.978004E-01	-1.896877E-01	-1.409434E-01	-7.474493E-02	-3.386873E-02	-1.187087E-02	-2.823837E-03	 2.069549E-04	 7.877074E-04	 5.078699E-04	 1.388795E-04
0.62849	 0.000000E+00	 2.070667E+00	 4.601020E+00	 7.373452E-01	 3.336186E-01	-1.955382E-01	-1.928798E-01	-1.469160E-01	-7.929463E-02	-3.668727E-02	-1.321449E-02	-3.329067E-03	 1.112569E-04	 8.300176E-04	 5.705103E-04	 1.734849E-04
0.63246	 0.000000E+00	 2.077515E+00	 4.680251E+00	 7.673980E-01	 3.612727E-01	-1.927769E-01	-1.957855E-01	-1.529276E-01	-8.398540E-02	-3.966334E-02	-1.466936E-02	-3.896922E-03	-9.336027E-06	 8.672503E-04	 6.365544E-04	 2.122405E-04
0.63640	 0.000000E+00	 2.083292E+00	 4.759665E+00	 7.977484E-01	 3.898264E-01	-1.895133E-01	-1.983946E-01	-1.589741E-01	-8.881706E-02	-4.280163E-02	-1.624124E-02	-4.532358E-03	-1.579395E-04	 8.979084E-04	 7.056647E-04	 2.553244E-04
0.64031	 0.000000E+00	 2.088527E+00	 4.839837E+00	 8.285965E-01	 4.194105E-01	-1.857338E-01	-2.007088E-01	-1.650683E-01	-9.380135E-02	-4.611351E-02	-1.793890E-02	-5.241618E-03	-3.381370E-04	 9.203961E-04	 7.775699E-04	 3.029831E-04
0.64420	 0.000000E+00	 2.092997E+00	 4.920201E+00	 8.598349E-01	 4.499296E-01	-1.814132E-01	-2.026862E-01	-1.711738E-01	-9.891818E-02	-4.959381E-02	-1.976504E-02	-6.029574E-03	-5.537678E-04	 9.324589E-04	 8.513964E-04	 3.551157E-04
0.64807	 0.000000E+00	 2.096796E+00	 5.001227E+00	 8.914830E-01	 4.814713E-01	-1.765519E-01	-2.043222E-01	-1.772968E-01	-1.041742E-01	-5.325124E-02	-2.172721E-02	-6.902164E-03	-8.085940E-04	 9.321917E-04	 9.266528E-04	 4.118961E-04
0.65192	 0.000000E+00	 2.099932E+00	 5.082570E+00	 9.235230E-01	 5.139922E-01	-1.711256E-01	-2.055824E-01	-1.834115E-01	-1.095564E-01	-5.708432E-02	-2.382956E-02	-7.864953E-03	-1.106901E-03	 9.170536E-04	 1.002366E-03	 4.732090E-04
0.65574	 0.000000E+00	 2.102387E+00	 5.163722E+00	 9.558959E-01	 5.473871E-01	-1.651134E-01	-2.064271E-01	-1.894806E-01	-1.150430E-01	-6.108635E-02	-2.607394E-02	-8.922885E-03	-1.453104E-03	 8.841769E-04	 1.077255E-03	 5.387497E-04
0.65955	 0.000000E+00	 2.104022E+00	 5.244934E+00	 9.885413E-01	 5.816827E-01	-1.585199E-01	-2.068447E-01	-1.954980E-01	-1.206307E-01	-6.525994E-02	-2.846533E-02	-1.008149E-02	-1.851488E-03	 8.309073E-04	 1.150252E-03	 6.083796E-04
0.66332	 0.000000E+00	 2.104492E+00	 5.326275E+00	 1.021341E+00	 6.168692E-01	-1.513497E-01	-2.068195E-01	-2.014484E-01	-1.263083E-01	-6.960260E-02	-3.100651E-02	-1.134576E-02	-2.306468E-03	 7.542551E-04	 1.219959E-03	 6.817224E-04
0.66708	 0.000000E+00	 2.103788E+00	 5.408384E+00	 1.054333E+00	 6.530769E-01	-1.436039E-01	-2.063535E-01	-2.073447E-01	-1.320841E-01	-7.412320E-02	-3.370531E-02	-1.272256E-02	-2.822953E-03	 6.512358E-04	 1.285126E-03	 7.585364E-04
0.67082	 0.000000E+00	 2.101768E+00	 5.491448E+00	 1.087469E+00	 6.903523E-01	-1.352797E-01	-2.054314E-01	-2.131816E-01	-1.379550E-01	-7.882478E-02	-3.656729E-02	-1.421825E-02	-3.405974E-03	 5.185281E-04	 1.344221E-03	 8.384045E-04
0.67454	 0.000000E+00	 2.098249E+00	 5.574796E+00	 1.120581E+00	 7.285379E-01	-1.263719E-01	-2.040108E-01	-2.189135E-01	-1.438896E-01	-8.369352E-02	-3.959038E-02	-1.583658E-02	-4.060299E-03	 3.522642E-04	 1.395057E-03	 9.204393E-04
0.67823	 0.000000E+00	 2.093425E+00	 5.658057E+00	 1.153668E+00	 7.675534E-01	-1.168685E-01	-2.020607E-01	-2.245087E-01	-1.498666E-01	-8.872108E-02	-4.277479E-02	-1.758211E-02	-4.791033E-03	 1.484255E-04	 1.435355E-03	 1.003697E-03
0.68191	 0.000000E+00	 2.087534E+00	 5.741298E+00	 1.186800E+00	 8.074247E-01	-1.067578E-01	-1.995647E-01	-2.299552E-01	-1.558776E-01	-9.390638E-02	-4.612379E-02	-1.946051E-02	-5.603638E-03	-9.711437E-05	 1.462801E-03	 1.087217E-03
0.68557	 0.000000E+00	 2.080608E+00	 5.824788E+00	 1.219983E+00	 8.482075E-01	-9.604088E-02	-1.965129E-01	-2.352482E-01	-1.619174E-01	-9.924990E-02	-4.964111E-02	-2.147750E-02	-6.503562E-03	-3.885719E-04	 1.474967E-03	 1.169943E-03
0.68920	 0.000000E+00	 2.072810E+00	 5.908812E+00	 1.253294E+00	 8.899848E-01	-8.470475E-02	-1.928926E-01	-2.403850E-01	-1.679835E-01	-1.047544E-01	-5.333197E-02	-2.363983E-02	-7.496832E-03	-7.305261E-04	 1.469209E-03	 1.250682E-03
0.69282	 0.000000E+00	 2.064321E+00	 5.993360E+00	 1.286800E+00	 9.327725E-01	-7.272929E-02	-1.886810E-01	-2.453493E-01	-1.740646E-01	-1.104172E-01	-5.719934E-02	-2.595359E-02	-8.589646E-03	-1.127971E-03	 1.442480E-03	 1.327950E-03
0.69642	 0.000000E+00	 2.054763E+00	 6.077959E+00	 1.320250E+00	 9.764098E-01	-6.013997E-02	-1.838512E-01	-2.501003E-01	-1.801261E-01	-1.162194E-01	-6.123645E-02	-2.842004E-02	-9.786331E-03	-1.585594E-03	 1.391409E-03	 1.399852E-03
0.70000	 0.000000E+00	 2.044121E+00	 6.162610E+00	 1.353617E+00	 1.020889E+00	-4.693975E-02	-1.783864E-01	-2.546223E-01	-1.861535E-01	-1.221545E-01	-6.544298E-02	-3.104324E-02	-1.109223E-02	-2.108327E-03	 1.312649E-03	 1.464542E-03
0.70356	 0.000000E+00	 2.032748E+00	 6.247642E+00	 1.387079E+00	 1.066323E+00	-3.309930E-02	-1.722718E-01	-2.589151E-01	-1.921471E-01	-1.282272E-01	-6.982506E-02	-3.383072E-02	-1.251428E-02	-2.701758E-03	 1.202646E-03	 1.520113E-03
0.70711	 0.000000E+00	 2.020261E+00	 6.332723E+00	 1.420392E+00	 1.112570E+00	-1.865401E-02	-1.654897E-01	-2.629437E-01	-1.980727E-01	-1.344164E-01	-7.437366E-02	-3.678222E-02	-1.405629E-02	-3.370840E-03	 1.057430E-03	 1.564041E-03
0.71063	 0.000000E+00	 2.006862E+00	 6.418215E+00	 1.453675E+00	 1.159743E+00	-3.585608E-03	-1.580276E-01	-2.667093E-01	-2.039296E-01	-1.407251E-01	-7.909337E-02	-3.990430E-02	-1.572486E-02	-4.121308E-03	 8.730665E-04	 1.594011E-03
0.71414	 0.000000E+00	 1.992915E+00	 6.504523E+00	 1.487130E+00	 1.207990E+00	 1.214572E-02	-1.498658E-01	-2.702144E-01	-2.097203E-01	-1.471605E-01	-8.399204E-02	-4.320575E-02	-1.752790E-02	-4.959658E-03	 6.452402E-04	 1.607515E-03
0.71764	 0.000000E+00	 1.977821E+00	 6.590918E+00	 1.520358E+00	 1.257027E+00	 2.847422E-02	-1.409880E-01	-2.734042E-01	-2.153907E-01	-1.536850E-01	-8.904997E-02	-4.668052E-02	-1.946689E-02	-5.890601E-03	 3.692704E-04	 1.601093E-03
0.72111	 0.000000E+00	 1.962030E+00	 6.678023E+00	 1.553636E+00	 1.307084E+00	 4.545113E-02	-1.313766E-01	-2.762930E-01	-2.209529E-01	-1.603123E-01	-9.427810E-02	-5.033878E-02	-2.155037E-02	-6.921021E-03	 4.047260E-05	 1.571888E-03
0.72457	 0.000000E+00	 1.945880E+00	 6.766295E+00	 1.587178E+00	 1.358339E+00	 6.312537E-02	-1.210058E-01	-2.788842E-01	-2.264113E-01	-1.670516E-01	-9.968564E-02	-5.419042E-02	-2.378721E-02	-8.058391E-03	-3.463373E-04	 1.516667E-03
0.72801	 0.000000E+00	 1.928603E+00	 6.854747E+00	 1.620454E+00	 1.410402E+00	 8.139833E-02	-1.098677E-01	-2.811123E-01	-2.316966E-01	-1.738513E-01	-1.052428E-01	-5.822324E-02	-2.617597E-02	-9.306677E-03	-7.962886E-04	 1.431082E-03
0.73144	 0.000000E+00	 1.910895E+00	 6.944252E+00	 1.653914E+00	 1.463628E+00	 1.003652E-01	-9.793115E-02	-2.830014E-01	-2.368344E-01	-1.807377E-01	-1.109689E-01	-6.245266E-02	-2.872819E-02	-1.067453E-02	-1.315106E-03	 1.311602E-03
0.73485	 0.000000E+00	 1.892933E+00	 7.035036E+00	 1.687677E+00	 1.518123E+00	 1.200631E-01	-8.516581E-02	-2.845425E-01	-2.418171E-01	-1.877113E-01	-1.168679E-01	-6.688603E-02	-3.145204E-02	-1.216985E-02	-1.908897E-03	 1.154000E-03
0.73824	 0.000000E+00	 1.873817E+00	 7.125935E+00	 1.721096E+00	 1.573399E+00	 1.403545E-01	-7.157856E-02	-2.856644E-01	-2.465637E-01	-1.947076E-01	-1.228993E-01	-7.150383E-02	-3.434209E-02	-1.379513E-02	-2.582853E-03	 9.531584E-04
0.74162	 0.000000E+00	 1.854508E+00	 7.218210E+00	 1.754842E+00	 1.629998E+00	 1.613963E-01	-5.711706E-02	-2.864050E-01	-2.511186E-01	-2.017714E-01	-1.290956E-01	-7.633008E-02	-3.741480E-02	-1.556173E-02	-3.344128E-03	 7.047439E-04
0.74498	 0.000000E+00	 1.835027E+00	 7.311886E+00	 1.788931E+00	 1.687947E+00	 1.832081E-01	-4.175061E-02	-2.867431E-01	-2.554611E-01	-2.088929E-01	-1.354537E-01	-8.136827E-02	-4.067682E-02	-1.747762E-02	-4.199670E-03	 4.034357E-04
0.74833	 0.000000E+00	 1.814336E+00	 7.405687E+00	 1.822600E+00	 1.746664E+00	 2.056075E-01	-2.550748E-02	-2.866062E-01	-2.595001E-01	-2.159943E-01	-1.419216E-01	-8.659040E-02	-4.411767E-02	-1.954304E-02	-5.154307E-03	 4.348507E-05
0.75166	 0.000000E+00	 1.793670E+00	 7.501499E+00	 1.856797E+00	 1.806985E+00	 2.288422E-01	-8.298001E-03	-2.860516E-01	-2.633076E-01	-2.231499E-01	-1.485532E-01	-9.203501E-02	-4.776235E-02	-2.177404E-02	-6.217508E-03	-3.805646E-04
0.75498	 0.000000E+00	 1.773032E+00	 7.599354E+00	 1.891542E+00	 1.868952E+00	 2.529418E-01	 9.917395E-03	-2.850531E-01	-2.668590E-01	-2.303481E-01	-1.553448E-01	-9.770577E-02	-5.161819E-02	-2.417978E-02	-7.397503E-03	-8.752881E-04
0.75829	 0.000000E+00	 1.751137E+00	 7.697593E+00	 1.925857E+00	 1.931776E+00	 2.776519E-01	 2.907996E-02	-2.835271E-01	-2.700408E-01	-2.374862E-01	-1.622240E-01	-1.035605E-01	-5.566639E-02	-2.675660E-02	-8.698157E-03	-1.447043E-03
0.76158	 0.000000E+00	 1.729314E+00	 7.798524E+00	 1.960848E+00	 1.996530E+00	 3.032972E-01	 4.932549E-02	-2.815377E-01	-2.729417E-01	-2.446616E-01	-1.692636E-01	-1.096518E-01	-5.994088E-02	-2.952605E-02	-1.013202E-02	-2.102998E-03
0.76485	 0.000000E+00	 1.707713E+00	 7.902388E+00	 1.996670E+00	 2.063383E+00	 3.299573E-01	 7.072116E-02	-2.790601E-01	-2.755440E-01	-2.518739E-01	-1.764684E-01	-1.159901E-01	-6.445371E-02	-3.250059E-02	-1.170954E-02	-2.851331E-03
0.76811	 0.000000E+00	 1.684723E+00	 8.006757E+00	 2.032005E+00	 2.131166E+00	 3.572574E-01	 9.315321E-02	-2.759888E-01	-2.776962E-01	-2.589771E-01	-1.837317E-01	-1.225088E-01	-6.917133E-02	-3.566911E-02	-1.343209E-02	-3.698600E-03
0.77136	 0.000000E+00	 1.661502E+00	 8.113945E+00	 2.067901E+00	 2.200989E+00	 3.855374E-01	 1.167854E-01	-2.723778E-01	-2.794802E-01	-2.660699E-01	-1.911290E-01	-1.292643E-01	-7.413125E-02	-3.905636E-02	-1.531476E-02	-4.653986E-03
0.77460	 0.000000E+00	 1.638617E+00	 8.225102E+00	 2.104912E+00	 2.273477E+00	 4.150189E-01	 1.417548E-01	-2.682252E-01	-2.809159E-01	-2.731962E-01	-1.986991E-01	-1.362916E-01	-7.936074E-02	-4.268380E-02	-1.737276E-02	-5.728156E-03
0.77782	 0.000000E+00	 1.614360E+00	 8.337355E+00	 2.141557E+00	 2.347235E+00	 4.452482E-01	 1.679026E-01	-2.634197E-01	-2.818318E-01	-2.801830E-01	-2.063111E-01	-1.435053E-01	-8.481397E-02	-4.653356E-02	-1.960481E-02	-6.927563E-03
0.78102	 0.000000E+00	 1.589515E+00	 8.452203E+00	 2.178555E+00	 2.423049E+00	 4.764857E-01	 1.953809E-01	-2.579780E-01	-2.822678E-01	-2.870935E-01	-2.140159E-01	-1.509471E-01	-9.052123E-02	-5.062800E-02	-2.202648E-02	-8.263091E-03
0.78422	 0.000000E+00	 1.564788E+00	 8.570865E+00	 2.216556E+00	 2.501628E+00	 5.089971E-01	 2.243624E-01	-2.518897E-01	-2.822432E-01	-2.939797E-01	-2.218597E-01	-1.586595E-01	-9.651545E-02	-5.499297E-02	-2.465621E-02	-9.747791E-03
0.78740	 0.000000E+00	 1.538386E+00	 8.690068E+00	 2.253889E+00	 2.581298E+00	 5.422097E-01	 2.546059E-01	-2.450530E-01	-2.815723E-01	-3.006367E-01	-2.296795E-01	-1.665292E-01	-1.027309E-01	-5.959806E-02	-2.748651E-02	-1.138613E-02
0.79057	 0.000000E+00	 1.511352E+00	 8.811921E+00	 2.291572E+00	 2.663208E+00	 5.765113E-01	 2.863446E-01	-2.374865E-01	-2.803144E-01	-3.071603E-01	-2.375530E-01	-1.746192E-01	-1.092121E-01	-6.447465E-02	-3.053836E-02	-1.319219E-02
0.79373	 0.000000E+00	 1.484790E+00	 8.938157E+00	 2.330612E+00	 2.748375E+00	 6.123194E-01	 3.198529E-01	-2.291649E-01	-2.784988E-01	-3.136366E-01	-2.455600E-01	-1.830016E-01	-1.160132E-01	-6.966312E-02	-3.383884E-02	-1.518386E-02
0.79687	 0.000000E+00	 1.455467E+00	 9.062521E+00	 2.367792E+00	 2.833293E+00	 6.483919E-01	 3.544874E-01	-2.199648E-01	-2.758155E-01	-3.196707E-01	-2.533709E-01	-1.914306E-01	-1.229792E-01	-7.507811E-02	-3.735210E-02	-1.735377E-02
0.80000	 0.000000E+00	 1.424874E+00	 9.189941E+00	 2.404936E+00	 2.920360E+00	 6.854646E-01	 3.906668E-01	-2.099520E-01	-2.724003E-01	-3.254574E-01	-2.611421E-01	-2.000284E-01	-1.301927E-01	-8.077464E-02	-4.111213E-02	-1.972295E-02
0.80312	 0.000000E+00	 1.397317E+00	 9.331143E+00	 2.446783E+00	 3.015381E+00	 7.256035E-01	 4.296543E-01	-1.991531E-01	-2.685553E-01	-3.315203E-01	-2.693348E-01	-2.091766E-01	-1.379212E-01	-8.692994E-02	-4.522190E-02	-2.234733E-02
0.80623	 0.000000E+00	 1.368831E+00	 9.478716E+00	 2.489506E+00	 3.114277E+00	 7.673740E-01	 4.707125E-01	-1.874073E-01	-2.638964E-01	-3.373797E-01	-2.775505E-01	-2.185792E-01	-1.459784E-01	-9.344326E-02	-4.964009E-02	-2.522039E-02
0.80932	 0.000000E+00	 1.338505E+00	 9.631881E+00	 2.532371E+00	 3.216539E+00	 8.105523E-01	 5.137770E-01	-1.746677E-01	-2.583187E-01	-3.429309E-01	-2.856987E-01	-2.281743E-01	-1.543293E-01	-1.003020E-01	-5.436932E-02	-2.835299E-02
0.81240	 0.000000E+00	 1.310846E+00	 9.801849E+00	 2.580562E+00	 3.328782E+00	 8.575989E-01	 5.605010E-01	-1.608411E-01	-2.520779E-01	-3.487511E-01	-2.943103E-01	-2.384238E-01	-1.633094E-01	-1.077375E-01	-5.955087E-02	-3.182658E-02
0.81548	 0.000000E+00	 1.282795E+00	 9.981923E+00	 2.630966E+00	 3.447570E+00	 9.073427E-01	 6.103179E-01	-1.457706E-01	-2.448316E-01	-3.544329E-01	-3.030445E-01	-2.490777E-01	-1.727626E-01	-1.156685E-01	-6.515486E-02	-3.564156E-02
0.81854	 0.000000E+00	 1.251196E+00	 1.016451E+01	 2.679945E+00	 3.568541E+00	 9.581791E-01	 6.622866E-01	-1.294144E-01	-2.362743E-01	-3.595158E-01	-3.114850E-01	-2.598024E-01	-1.824620E-01	-1.239571E-01	-7.111395E-02	-3.977469E-02
0.82158	 0.000000E+00	 1.219406E+00	 1.035881E+01	 2.731601E+00	 3.697239E+00	 1.012168E+00	 7.178717E-01	-1.116273E-01	-2.265435E-01	-3.644361E-01	-3.200415E-01	-2.709711E-01	-1.926870E-01	-1.328051E-01	-7.755902E-02	-4.430807E-02
0.82462	 0.000000E+00	 1.188407E+00	 1.056884E+01	 2.787488E+00	 3.836338E+00	 1.070329E+00	 7.779555E-01	-9.220136E-02	-2.155552E-01	-3.693162E-01	-3.288532E-01	-2.827452E-01	-2.035761E-01	-1.423304E-01	-8.457918E-02	-4.930867E-02
0.82765	 0.000000E+00	 1.155227E+00	 1.078718E+01	 2.844114E+00	 3.981691E+00	 1.131136E+00	 8.416719E-01	-7.107138E-02	-2.029819E-01	-3.736914E-01	-3.374973E-01	-2.947906E-01	-2.149027E-01	-1.523989E-01	-9.211191E-02	-5.475961E-02
0.83066	 0.000000E+00	 1.119900E+00	 1.101272E+01	 2.901267E+00	 4.133004E+00	 1.194567E+00	 9.091390E-01	-4.810844E-02	-1.886678E-01	-3.774606E-01	-3.458893E-01	-3.070649E-01	-2.266498E-01	-1.630167E-01	-1.001774E-01	-6.068770E-02
0.83367	 0.000000E+00	 1.083679E+00	 1.124850E+01	 2.960461E+00	 4.292527E+00	 1.261543E+00	 9.811860E-01	-2.308394E-02	-1.724962E-01	-3.807106E-01	-3.541305E-01	-3.197016E-01	-2.389343E-01	-1.742884E-01	-1.088590E-01	-6.715910E-02
0.83666	 0.000000E+00	 1.045493E+00	 1.149220E+01	 3.020468E+00	 4.459106E+00	 1.331602E+00	 1.057687E+00	 4.099738E-03	-1.542547E-01	-3.832364E-01	-3.620290E-01	-3.325671E-01	-2.516709E-01	-1.861755E-01	-1.181518E-01	-7.418985E-02
0.83964	 0.000000E+00	 1.004660E+00	 1.174153E+01	 3.080255E+00	 4.631457E+00	 1.404273E+00	 1.138448E+00	 3.352040E-02	-1.337500E-01	-3.848355E-01	-3.693894E-01	-3.455203E-01	-2.647654E-01	-1.986312E-01	-1.280439E-01	-8.179077E-02
0.84261	 0.000000E+00	 9.614772E-01	 1.199769E+01	 3.140263E+00	 4.810435E+00	 1.479903E+00	 1.223875E+00	 6.535040E-02	-1.108107E-01	-3.854515E-01	-3.761633E-01	-3.585609E-01	-2.782314E-01	-2.116883E-01	-1.385757E-01	-9.000573E-02
0.84558	 0.000000E+00	 9.162745E-01	 1.226416E+01	 3.201371E+00	 4.998176E+00	 1.559223E+00	 1.314761E+00	 9.982335E-02	-8.524131E-02	-3.850965E-01	-3.823713E-01	-3.717662E-01	-2.921449E-01	-2.254307E-01	-1.498234E-01	-9.890457E-02
0.84853	 0.000000E+00	 8.690268E-01	 1.254333E+01	 3.264013E+00	 5.196288E+00	 1.642782E+00	 1.411810E+00	 1.371974E-01	-5.678511E-02	-3.837130E-01	-3.879704E-01	-3.851665E-01	-3.065499E-01	-2.399249E-01	-1.618558E-01	-1.085564E-01
0.85147	 0.000000E+00	 8.195957E-01	 1.283529E+01	 3.328066E+00	 5.405106E+00	 1.730741E+00	 1.515407E+00	 1.777165E-01	-2.514566E-02	-3.811351E-01	-3.928104E-01	-3.986961E-01	-3.214160E-01	-2.551847E-01	-1.747089E-01	-1.190122E-01
0.85440	 0.000000E+00	 7.676444E-01	 1.313896E+01	 3.392994E+00	 5.624304E+00	 1.822990E+00	 1.625739E+00	 2.215835E-01	 9.977375E-03	-3.771518E-01	-3.966851E-01	-4.122353E-01	-3.366661E-01	-2.711889E-01	-1.883950E-01	-1.303083E-01
0.85732	 0.000000E+00	 7.128934E-01	 1.345365E+01	 3.458349E+00	 5.853837E+00	 1.919479E+00	 1.743089E+00	 2.690051E-01	 4.888880E-02	-3.715725E-01	-3.993998E-01	-4.256790E-01	-3.522304E-01	-2.879221E-01	-2.029294E-01	-1.424840E-01
0.86023	 0.000000E+00	 6.552697E-01	 1.377866E+01	 3.523846E+00	 6.093729E+00	 2.020217E+00	 1.867783E+00	 3.202119E-01	 9.191194E-02	-3.641987E-01	-4.007502E-01	-4.389184E-01	-3.680340E-01	-3.053677E-01	-2.183267E-01	-1.555794E-01
0.86313	 0.000000E+00	 5.943622E-01	 1.411201E+01	 3.588642E+00	 6.343047E+00	 2.124818E+00	 1.999799E+00	 3.753382E-01	 1.393397E-01	-3.547805E-01	-4.004609E-01	-4.517672E-01	-3.839317E-01	-3.234523E-01	-2.345598E-01	-1.696067E-01
0.86603	 0.000000E+00	 5.293812E-01	 1.445156E+01	 3.651450E+00	 6.600493E+00	 2.232607E+00	 2.138892E+00	 4.344018E-01	 1.914098E-01	-3.430677E-01	-3.982262E-01	-4.639951E-01	-3.997301E-01	-3.420610E-01	-2.515661E-01	-1.845523E-01
0.86891	 0.000000E+00	 4.604733E-01	 1.479852E+01	 3.712412E+00	 6.867082E+00	 2.343849E+00	 2.285632E+00	 4.976469E-01	 2.484583E-01	-3.289028E-01	-3.938570E-01	-4.755168E-01	-4.153570E-01	-3.611816E-01	-2.693576E-01	-2.004575E-01
0.87178	 0.000000E+00	 3.888604E-01	 1.515593E+01	 3.772922E+00	 7.145415E+00	 2.459607E+00	 2.441308E+00	 5.656055E-01	 3.109920E-01	-3.121368E-01	-3.872149E-01	-4.863459E-01	-4.308333E-01	-3.808929E-01	-2.880181E-01	-2.174221E-01
0.87464	 0.000000E+00	 3.146028E-01	 1.552130E+01	 3.832302E+00	 7.434399E+00	 2.579450E+00	 2.605878E+00	 6.384292E-01	 3.793537E-01	-2.924601E-01	-3.779398E-01	-4.962272E-01	-4.459367E-01	-4.010689E-01	-3.074749E-01	-2.354331E-01
0.87750	 0.000000E+00	 2.368597E-01	 1.588823E+01	 3.888240E+00	 7.729962E+00	 2.701684E+00	 2.778097E+00	 7.158376E-01	 4.536304E-01	-2.695295E-01	-3.655655E-01	-5.047323E-01	-4.602697E-01	-4.214217E-01	-3.275209E-01	-2.543719E-01
0.88034	 0.000000E+00	 1.542473E-01	 1.625094E+01	 3.937775E+00	 8.027709E+00	 2.824138E+00	 2.956277E+00	 7.972386E-01	 5.336831E-01	-2.431089E-01	-3.496655E-01	-5.114143E-01	-4.733870E-01	-4.416031E-01	-3.478841E-01	-2.740628E-01
0.88318	 0.000000E+00	 6.781468E-02	 1.661196E+01	 3.981571E+00	 8.329327E+00	 2.947152E+00	 3.140979E+00	 8.827767E-01	 6.197497E-01	-2.130947E-01	-3.300505E-01	-5.161530E-01	-4.851373E-01	-4.615242E-01	-3.684887E-01	-2.944810E-01
0.88600	 0.000000E+00	-1.583207E-02	 1.698458E+01	 4.027725E+00	 8.646463E+00	 3.076253E+00	 3.337662E+00	 9.746999E-01	 7.134248E-01	-1.792851E-01	-3.067930E-01	-5.194724E-01	-4.960359E-01	-4.817631E-01	-3.898162E-01	-3.160581E-01
0.88882	 0.000000E+00	-9.399503E-02	 1.735770E+01	 4.075722E+00	 8.972657E+00	 3.209782E+00	 3.544443E+00	 1.072882E+00	 8.148192E-01	-1.410895E-01	-2.792398E-01	-5.207457E-01	-5.055120E-01	-5.018990E-01	-4.115512E-01	-3.386031E-01
0.89163	 0.000000E+00	-1.719530E-01	 1.769782E+01	 4.113175E+00	 9.281792E+00	 3.336764E+00	 3.749625E+00	 1.173137E+00	 9.210627E-01	-9.827168E-02	-2.464588E-01	-5.181946E-01	-5.117495E-01	-5.201900E-01	-4.322306E-01	-3.609492E-01
0.89443	 0.000000E+00	-2.496318E-01	 1.801800E+01	 4.141327E+00	 9.581718E+00	 3.458923E+00	 3.955816E+00	 1.275851E+00	 1.032514E+00	-5.119986E-02	-2.087541E-01	-5.122468E-01	-5.150333E-01	-5.368888E-01	-4.519882E-01	-3.831990E-01
0.89722	 0.000000E+00	-3.175142E-01	 1.835544E+01	 4.173652E+00	 9.902608E+00	 3.587447E+00	 4.176838E+00	 1.385872E+00	 1.153294E+00	 4.048728E-04	-1.663910E-01	-5.044205E-01	-5.168673E-01	-5.536551E-01	-4.722056E-01	-4.065641E-01
0.90000	 0.000000E+00	-3.458533E-01	 1.868907E+01	 4.233102E+00	 1.023707E+01	 3.729146E+00	 4.411494E+00	 1.506748E+00	 1.284526E+00	 5.905373E-02	-1.178724E-01	-4.931665E-01	-5.161861E-01	-5.696962E-01	-4.924312E-01	-4.308032E-01
0.90277	 0.000000E+00	-3.235342E-01	 1.897901E+01	 4.326993E+00	 1.055844E+01	 3.881498E+00	 4.648348E+00	 1.637515E+00	 1.423518E+00	 1.263325E-01	-6.204893E-02	-4.760728E-01	-5.109034E-01	-5.829166E-01	-5.110181E-01	-4.545716E-01
0.90554	 0.000000E+00	-2.938428E-01	 1.926065E+01	 4.421651E+00	 1.088037E+01	 4.033965E+00	 4.890876E+00	 1.773421E+00	 1.570021E+00	 1.993471E-01	-7.323285E-05	-4.547624E-01	-5.018981E-01	-5.941113E-01	-5.283032E-01	-4.781215E-01
0.90830	 0.000000E+00	-2.846264E-01	 1.955945E+01	 4.495129E+00	 1.121569E+01	 4.180243E+00	 5.143768E+00	 1.911826E+00	 1.724921E+00	 2.762722E-01	 6.756601E-02	-4.304769E-01	-4.898665E-01	-6.040643E-01	-5.447093E-01	-5.018520E-01
0.91104	 0.000000E+00	-2.635158E-01	 1.982907E+01	 4.571618E+00	 1.153759E+01	 4.323917E+00	 5.396400E+00	 2.053919E+00	 1.885732E+00	 3.592717E-01	 1.419237E-01	-4.008063E-01	-4.728920E-01	-6.107711E-01	-5.587111E-01	-5.244737E-01
0.91378	 0.000000E+00	-2.112036E-01	 2.003405E+01	 4.664702E+00	 1.182303E+01	 4.464592E+00	 5.638110E+00	 2.198658E+00	 2.048894E+00	 4.490050E-01	 2.230136E-01	-3.642061E-01	-4.496327E-01	-6.125602E-01	-5.689255E-01	-5.446858E-01
0.91652	 0.000000E+00	-1.509787E-01	 2.020460E+01	 4.754796E+00	 1.208684E+01	 4.596115E+00	 5.873436E+00	 2.342925E+00	 2.214625E+00	 5.430548E-01	 3.097163E-01	-3.223850E-01	-4.211512E-01	-6.104160E-01	-5.759010E-01	-5.628866E-01
0.91924	 0.000000E+00	-8.890183E-02	 2.036275E+01	 4.840407E+00	 1.234380E+01	 4.720892E+00	 6.108573E+00	 2.487764E+00	 2.384674E+00	 6.411563E-01	 4.019603E-01	-2.760549E-01	-3.879953E-01	-6.049674E-01	-5.800975E-01	-5.794845E-01
0.92195	 0.000000E+00	-6.642791E-04	 2.049889E+01	 4.947442E+00	 1.259255E+01	 4.850089E+00	 6.344581E+00	 2.638184E+00	 2.560196E+00	 7.458712E-01	 5.006714E-01	-2.239679E-01	-3.495149E-01	-5.955695E-01	-5.812040E-01	-5.942118E-01
0.92466	 0.000000E+00	 1.140886E-01	 2.059785E+01	 5.074940E+00	 1.281939E+01	 4.979276E+00	 6.574145E+00	 2.791185E+00	 2.738142E+00	 8.564123E-01	 6.052381E-01	-1.657754E-01	-3.051922E-01	-5.813904E-01	-5.784177E-01	-6.062098E-01
0.92736	 0.000000E+00	 2.353344E-01	 2.065473E+01	 5.204096E+00	 1.300965E+01	 5.096811E+00	 6.786935E+00	 2.939630E+00	 2.913201E+00	 9.696963E-01	 7.137592E-01	-1.021520E-01	-2.550611E-01	-5.619120E-01	-5.709656E-01	-6.145249E-01
0.93005	 0.000000E+00	 3.383011E-01	 2.070320E+01	 5.317743E+00	 1.317650E+01	 5.198674E+00	 6.985407E+00	 3.080510E+00	 3.084866E+00	 1.083529E+00	 8.252060E-01	-3.447199E-02	-1.999063E-01	-5.378475E-01	-5.591729E-01	-6.193635E-01
0.93274	 0.000000E+00	 4.219187E-01	 2.084948E+01	 5.435449E+00	 1.340374E+01	 5.314349E+00	 7.213056E+00	 3.231205E+00	 3.272055E+00	 1.204222E+00	 9.450127E-01	 3.704756E-02	-1.406298E-01	-5.122145E-01	-5.460609E-01	-6.242834E-01
0.93541	 0.000000E+00	 5.227344E-01	 2.120988E+01	 5.623953E+00	 1.380465E+01	 5.504475E+00	 7.537482E+00	 3.428659E+00	 3.508519E+00	 1.348872E+00	 1.086132E+00	 1.168446E-01	-7.537248E-02	-4.870100E-01	-5.346975E-01	-6.337848E-01
0.93808	 0.000000E+00	 6.485934E-01	 2.181756E+01	 5.907961E+00	 1.442126E+01	 5.795686E+00	 7.990340E+00	 3.692308E+00	 3.813850E+00	 1.529372E+00	 1.258965E+00	 2.105929E-01	 7.289763E-05	-4.607947E-01	-5.245931E-01	-6.488835E-01
0.94074	 0.000000E+00	 7.189842E-01	 2.256818E+01	 6.180058E+00	 1.514437E+01	 6.112069E+00	 8.508540E+00	 3.980548E+00	 4.159298E+00	 1.729531E+00	 1.455676E+00	 3.166477E-01	 8.790709E-02	-4.292389E-01	-5.100607E-01	-6.638229E-01
0.94340	 0.000000E+00	 6.738008E-01	 2.333056E+01	 6.345577E+00	 1.584249E+01	 6.374908E+00	 9.013397E+00	 4.245238E+00	 4.505530E+00	 1.927450E+00	 1.662094E+00	 4.299450E-01	 1.873862E-01	-3.892643E-01	-4.860811E-01	-6.725569E-01
0.94604	 0.000000E+00	 5.606592E-01	 2.410423E+01	 6.458220E+00	 1.652733E+01	 6.613901E+00	 9.515932E+00	 4.501112E+00	 4.859258E+00	 2.130124E+00	 1.881640E+00	 5.534979E-01	 3.000334E-01	-3.399180E-01	-4.522795E-01	-6.751437E-01
0.94868	 0.000000E+00	 4.147190E-01	 2.503873E+01	 6.582415E+00	 1.734101E+01	 6.894464E+00	 1.009885E+01	 4.790222E+00	 5.262634E+00	 2.358442E+00	 2.132318E+00	 6.946981E-01	 4.309137E-01	-2.812825E-01	-4.098075E-01	-6.751821E-01
0.95131	 0.000000E+00	 2.491418E-01	 2.639484E+01	 6.780366E+00	 1.853797E+01	 7.313608E+00	 1.092495E+01	 5.187212E+00	 5.805215E+00	 2.653642E+00	 2.455206E+00	 8.693214E-01	 5.926983E-01	-2.133873E-01	-3.605121E-01	-6.806129E-01
0.95394	 0.000000E+00	 5.019910E-02	 2.808658E+01	 7.018089E+00	 2.005886E+01	 7.842206E+00	 1.197188E+01	 5.680546E+00	 6.484553E+00	 3.016863E+00	 2.857236E+00	 1.084951E+00	 7.951497E-01	-1.278020E-01	-2.957028E-01	-6.849990E-01
0.95656	 0.000000E+00	-2.126962E-01	 2.972349E+01	 7.180247E+00	 2.153885E+01	 8.329070E+00	 1.301587E+01	 6.162151E+00	 7.183764E+00	 3.393435E+00	 3.291157E+00	 1.327197E+00	 1.031165E+00	-1.630584E-02	-2.035149E-01	-6.710031E-01
0.95917	 0.000000E+00	-5.618206E-01	 3.125242E+01	 7.230114E+00	 2.292395E+01	 8.743214E+00	 1.402427E+01	 6.610082E+00	 7.882981E+00	 3.768697E+00	 3.745940E+00	 1.589179E+00	 1.296743E+00	 1.199353E-01	-8.292443E-02	-6.364144E-01
0.96177	 0.000000E+00	-1.016650E+00	 3.291641E+01	 7.180407E+00	 2.444174E+01	 9.147560E+00	 1.514382E+01	 7.079735E+00	 8.663390E+00	 4.173054E+00	 4.258792E+00	 1.882139E+00	 1.603939E+00	 2.805448E-01	 6.619463E-02	-5.872861E-01
0.96437	 0.000000E+00	-1.538233E+00	 3.476585E+01	 7.072595E+00	 2.615651E+01	 9.575829E+00	 1.642135E+01	 7.597498E+00	 9.557190E+00	 4.624502E+00	 4.850306E+00	 2.218340E+00	 1.965569E+00	 4.737487E-01	 2.519261E-01	-5.190368E-01
0.96695	 0.000000E+00	-2.058352E+00	 3.669759E+01	 6.962002E+00	 2.799928E+01	 1.003684E+01	 1.782491E+01	 8.165039E+00	 1.055551E+01	 5.127041E+00	 5.522921E+00	 2.605269E+00	 2.389237E+00	 7.094719E-01	 4.839032E-01	-4.220447E-01
0.96954	 0.000000E+00	-2.592634E+00	 3.864675E+01	 6.808984E+00	 2.990153E+01	 1.048997E+01	 1.931290E+01	 8.755330E+00	 1.163845E+01	 5.665887E+00	 6.269341E+00	 3.038121E+00	 2.874961E+00	 9.901581E-01	 7.674178E-01	-2.900358E-01
0.97211	 0.000000E+00	-3.206083E+00	 4.066447E+01	 6.531303E+00	 3.188244E+01	 1.089328E+01	 2.089058E+01	 9.346450E+00	 1.280966E+01	 6.228165E+00	 7.092276E+00	 3.510939E+00	 3.424766E+00	 1.315102E+00	 1.106403E+00	-1.204293E-01
0.97468	 0.000000E+00	-3.894600E+00	 4.296696E+01	 6.162677E+00	 3.415965E+01	 1.131876E+01	 2.270925E+01	 1.000546E+01	 1.416857E+01	 6.859920E+00	 8.052340E+00	 4.052100E+00	 4.071445E+00	 1.700477E+00	 1.517786E+00	 9.395091E-02
0.97724	 0.000000E+00	-4.625360E+00	 4.574730E+01	 5.760441E+00	 3.697728E+01	 1.185069E+01	 2.496036E+01	 1.081990E+01	 1.585186E+01	 7.628576E+00	 9.240708E+00	 4.708055E+00	 4.870073E+00	 2.177038E+00	 2.033448E+00	 3.705018E-01
0.97980	 0.000000E+00	-5.361707E+00	 4.877741E+01	 5.301290E+00	 4.014760E+01	 1.241366E+01	 2.753986E+01	 1.173858E+01	 1.781521E+01	 8.509465E+00	 1.065001E+01	 5.473693E+00	 5.829776E+00	 2.755815E+00	 2.670594E+00	 7.287418E-01
0.98234	 0.000000E+00	-6.076982E+00	 5.156330E+01	 4.721089E+00	 4.316409E+01	 1.283037E+01	 3.008834E+01	 1.259653E+01	 1.983116E+01	 9.385516E+00	 1.215414E+01	 6.277775E+00	 6.889369E+00	 3.408031E+00	 3.408448E+00	 1.171794E+00
0.98489	 0.000000E+00	-6.768488E+00	 5.422875E+01	 4.041673E+00	 4.615342E+01	 1.313327E+01	 3.270424E+01	 1.342950E+01	 2.196633E+01	 1.028428E+01	 1.379893E+01	 7.132806E+00	 8.076271E+00	 4.139400E+00	 4.259636E+00	 1.704399E+00
0.98742	 0.000000E+00	-7.471148E+00	 5.706748E+01	 3.259528E+00	 4.942293E+01	 1.337763E+01	 3.561853E+01	 1.431084E+01	 2.437948E+01	 1.127154E+01	 1.569330E+01	 8.082224E+00	 9.461350E+00	 4.976353E+00	 5.264367E+00	 2.343311E+00
0.98995	 0.000000E+00	-8.170652E+00	 5.998342E+01	 2.372218E+00	 5.285753E+01	 1.351507E+01	 3.875457E+01	 1.519124E+01	 2.702879E+01	 1.232226E+01	 1.782617E+01	 9.113773E+00	 1.105388E+01	 5.916205E+00	 6.436677E+00	 3.096443E+00
0.99247	 0.000000E+00	-8.839354E+00	 6.283251E+01	 1.404800E+00	 5.627309E+01	 1.349834E+01	 4.197444E+01	 1.600138E+01	 2.982231E+01	 1.339244E+01	 2.014672E+01	 1.019896E+01	 1.283750E+01	 6.938805E+00	 7.774918E+00	 3.956056E+00
0.99499	 0.000000E+00	-9.536516E+00	 6.595662E+01	 3.237703E-01	 5.999344E+01	 1.335520E+01	 4.554032E+01	 1.681027E+01	 3.295616E+01	 1.455961E+01	 2.280483E+01	 1.138869E+01	 1.492041E+01	 8.079734E+00	 9.344702E+00	 4.952192E+00
0.99750	 0.000000E+00	-1.028934E+01	 6.958894E+01	-8.956294E-01	 6.421628E+01	 1.307913E+01	 4.960392E+01	 1.762647E+01	 3.654449E+01	 1.585470E+01	 2.589886E+01	 1.270069E+01	 1.739865E+01	 9.357330E+00	 1.121726E+01	 6.119513E+00
1.00000	 0.000000E+00	-1.101982E+01	 7.323666E+01	-2.135753E+00	 6.853946E+01	 1.276710E+01	 5.382867E+01	 1.842886E+01	 4.031403E+01	 1.720146E+01	 2.917746E+01	 1.408260E+01	 2.006136E+01	 1.071163E+01	 1.325214E+01	 7.371324E+00
