r	   0/   0	   1/   0	   2/   0	   3/   0	   4/   0	   5/   0	   6/   0	   7/   0	   8/   0	   9/   0	  10/   0	  11/   0	  12/   0	  13/   0	  14/   0	  15/   0
0.07071	-4.874531E-04	 6.050800E-04	-4.185667E-03	-4.325867E-04	-1.344355E-04	 1.527417E-05	 9.840658E-05	 1.408513E-05	-2.996590E-05	-5.455927E-06	-2.221660E-06	-7.905886E-07	 1.111773E-06	 9.717404E-09	-1.376267E-07	-1.454554E-08
0.10000	 1.419333E-04	 8.072414E-04	-2.580020E-03	-5.173931E-04	-2.369012E-04	 6.534736E-06	 1.174886E-04	 1.450911E-05	-3.324783E-05	-6.626314E-06	-1.730185E-06	-7.751106E-07	 1.071831E-06	 1.471589E-07	-2.193077E-07	-5.126772E-08
0.12247	 6.395635E-05	 9.916678E-04	-2.588338E-03	-5.865772E-04	-2.523409E-04	-2.118810E-05	 8.043716E-05	 1.501498E-05	-2.757559E-05	-5.287882E-06	 1.204584E-06	-5.239715E-07	 4.075251E-07	 1.150334E-07	-1.996447E-07	-4.408936E-08
0.14142	 3.070111E-05	 1.154944E-03	-2.547997E-03	-6.602042E-04	-2.850450E-04	-3.423407E-05	 5.683504E-05	 1.001843E-05	-2.348673E-05	-4.368758E-06	 2.805516E-06	 2.126259E-08	-7.117702E-08	 3.951776E-09	-1.477704E-07	-5.880714E-08
0.15811	 1.011966E-05	 1.301192E-03	-2.490458E-03	-7.214793E-04	-3.234456E-04	-4.824162E-05	 3.998446E-05	 7.661066E-06	-1.908776E-05	-4.400323E-06	 3.083381E-06	 3.717057E-07	-3.369376E-07	-5.281039E-09	-4.409324E-08	-7.453002E-08
0.17321	 4.700032E-06	 1.426883E-03	-2.427058E-03	-7.688882E-04	-3.619416E-04	-6.314198E-05	 2.668878E-05	 5.745153E-06	-1.546614E-05	-4.355243E-06	 2.775282E-06	 4.703663E-07	-4.664262E-07	-1.278487E-08	 5.486322E-08	-7.422731E-08
0.18708	-4.121029E-06	 1.527423E-03	-2.368883E-03	-8.026235E-04	-3.983435E-04	-7.915581E-05	 1.537769E-05	 3.964799E-06	-1.294897E-05	-4.253278E-06	 2.270167E-06	 4.468993E-07	-4.931523E-07	-3.405309E-08	 1.188808E-07	-6.662897E-08
0.20000	 2.459747E-06	 1.601377E-03	-2.315512E-03	-8.264523E-04	-4.325578E-04	-9.518881E-05	 5.495380E-06	 2.005060E-06	-1.138549E-05	-4.136670E-06	 1.729381E-06	 3.659804E-07	-4.594176E-07	-5.778792E-08	 1.465533E-07	-5.917785E-08
0.21213	-9.947644E-07	 1.649801E-03	-2.274478E-03	-8.423582E-04	-4.645656E-04	-1.109875E-04	-3.413273E-06	 1.074513E-07	-1.039710E-05	-3.997573E-06	 1.255984E-06	 2.637135E-07	-4.032396E-07	-7.487032E-08	 1.508376E-07	-5.443916E-08
0.22361	-2.857737E-06	 1.677929E-03	-2.242451E-03	-8.535112E-04	-4.952112E-04	-1.264165E-04	-1.158736E-05	-1.600468E-06	-9.674348E-06	-3.790032E-06	 9.022351E-07	 1.687793E-07	-3.431993E-07	-8.438296E-08	 1.436928E-07	-5.237006E-08
0.23452	-4.643276E-06	 1.693610E-03	-2.216687E-03	-8.622675E-04	-5.254269E-04	-1.414270E-04	-1.912072E-05	-3.158368E-06	-9.094602E-06	-3.515125E-06	 6.641161E-07	 9.269326E-08	-2.863289E-07	-8.854476E-08	 1.313832E-07	-5.320935E-08
0.24495	 6.154027E-06	 1.705697E-03	-2.190081E-03	-8.705354E-04	-5.562102E-04	-1.566172E-04	-2.633862E-05	-4.535550E-06	-8.567139E-06	-3.205382E-06	 5.276574E-07	 4.634429E-08	-2.353864E-07	-8.914006E-08	 1.206221E-07	-5.465966E-08
0.25495	 6.027221E-06	 1.722944E-03	-2.163782E-03	-8.784885E-04	-5.878221E-04	-1.720838E-04	-3.333707E-05	-5.987357E-06	-8.193237E-06	-2.920600E-06	 4.445195E-07	 2.090155E-08	-1.916934E-07	-9.034180E-08	 1.106284E-07	-5.736974E-08
0.26458	 7.665656E-06	 1.746970E-03	-2.133773E-03	-8.863115E-04	-6.204167E-04	-1.877690E-04	-4.019582E-05	-7.737146E-06	-8.024113E-06	-2.683182E-06	 3.791989E-07	 2.879021E-09	-1.551919E-07	-9.147842E-08	 1.010736E-07	-6.225652E-08
0.27386	 7.989758E-06	 1.777210E-03	-2.100533E-03	-8.931443E-04	-6.535148E-04	-2.039454E-04	-4.714730E-05	-9.691736E-06	-8.025970E-06	-2.532084E-06	 3.216320E-07	-2.477162E-09	-1.263198E-07	-9.422687E-08	 9.410067E-08	-6.719464E-08
0.28284	 3.201912E-06	 1.811617E-03	-2.065947E-03	-8.985032E-04	-6.866927E-04	-2.204772E-04	-5.424571E-05	-1.190704E-05	-8.204098E-06	-2.461135E-06	 2.607865E-07	-2.775197E-09	-1.044293E-07	-9.890790E-08	 8.861597E-08	-7.238713E-08
0.29155	 3.533550E-06	 1.844877E-03	-2.030384E-03	-9.024002E-04	-7.197401E-04	-2.370791E-04	-6.144537E-05	-1.437245E-05	-8.534694E-06	-2.444059E-06	 1.967400E-07	-6.811849E-09	-8.876474E-08	-1.032298E-07	 8.430671E-08	-7.866284E-08
0.30000	 5.452042E-06	 1.873848E-03	-1.996545E-03	-9.045802E-04	-7.522457E-04	-2.536312E-04	-6.877323E-05	-1.691601E-05	-8.942518E-06	-2.472940E-06	 1.375421E-07	-9.682048E-09	-7.771389E-08	-1.071460E-07	 8.224083E-08	-8.503330E-08
0.30822	 6.256514E-06	 1.898120E-03	-1.965359E-03	-9.052219E-04	-7.840835E-04	-2.701915E-04	-7.630253E-05	-1.942571E-05	-9.372461E-06	-2.543329E-06	 8.791677E-08	-4.439977E-09	-6.903304E-08	-1.122780E-07	 8.269270E-08	-9.010983E-08
0.31623	 9.646664E-06	 1.917501E-03	-1.935724E-03	-9.048072E-04	-8.153798E-04	-2.866973E-04	-8.400228E-05	-2.193975E-05	-9.833277E-06	-2.635917E-06	 4.870340E-08	 3.314809E-09	-6.271900E-08	-1.179074E-07	 8.478538E-08	-9.459966E-08
0.32404	 1.088146E-05	 1.932718E-03	-1.908699E-03	-9.033792E-04	-8.460915E-04	-3.030294E-04	-9.184351E-05	-2.448233E-05	-1.032012E-05	-2.733751E-06	 1.822892E-08	 8.404201E-09	-5.837364E-08	-1.226751E-07	 8.784303E-08	-9.944017E-08
0.33166	 1.333080E-05	 1.944352E-03	-1.882818E-03	-9.012101E-04	-8.764000E-04	-3.193678E-04	-9.989538E-05	-2.703308E-05	-1.082158E-05	-2.844779E-06	-4.147545E-09	 1.705125E-08	-5.455258E-08	-1.281856E-07	 9.203819E-08	-1.036128E-07
0.33912	 1.457355E-05	 1.953824E-03	-1.857381E-03	-8.986390E-04	-9.064198E-04	-3.358094E-04	-1.082099E-04	-2.969636E-05	-1.136569E-05	-2.960507E-06	-1.998134E-08	 2.637572E-08	-5.099657E-08	-1.342134E-07	 9.700112E-08	-1.073087E-07
0.34641	-1.470500E-04	 1.984312E-03	-1.867862E-03	-8.892663E-04	-9.322348E-04	-3.517004E-04	-1.169947E-04	-3.231467E-05	-1.188335E-05	-3.131220E-06	-4.927821E-08	 4.732063E-08	-4.723860E-08	-1.462510E-07	 1.004344E-07	-1.092716E-07
0.35355	-1.528783E-04	 1.996176E-03	-1.844311E-03	-8.850021E-04	-9.617624E-04	-3.686874E-04	-1.259894E-04	-3.540249E-05	-1.258420E-05	-3.253633E-06	-6.480566E-08	 4.754729E-08	-4.504419E-08	-1.511523E-07	 1.044525E-07	-1.141385E-07
0.36056	-1.576872E-04	 2.014845E-03	-1.819298E-03	-8.791578E-04	-9.914294E-04	-3.864172E-04	-1.355535E-04	-3.870068E-05	-1.339048E-05	-3.427231E-06	-8.830767E-08	 5.348301E-08	-4.474980E-08	-1.607728E-07	 1.073602E-07	-1.182499E-07
0.36742	-1.632453E-04	 2.039843E-03	-1.793913E-03	-8.721093E-04	-1.021381E-03	-4.047866E-04	-1.457122E-04	-4.231211E-05	-1.431368E-05	-3.622295E-06	-1.181186E-07	 5.466976E-08	-4.570164E-08	-1.707942E-07	 1.093852E-07	-1.232727E-07
0.37417	-2.312209E-04	 2.076613E-03	-1.782730E-03	-8.615193E-04	-1.049746E-03	-4.232502E-04	-1.564375E-04	-4.611655E-05	-1.530615E-05	-3.858422E-06	-1.578317E-07	 6.009879E-08	-4.736767E-08	-1.841140E-07	 1.101345E-07	-1.280482E-07
0.38079	-2.390024E-04	 2.104242E-03	-1.759095E-03	-8.523195E-04	-1.079520E-03	-4.423543E-04	-1.675168E-04	-5.024920E-05	-1.644839E-05	-4.099675E-06	-1.923018E-07	 5.822049E-08	-5.168254E-08	-1.955991E-07	 1.110078E-07	-1.344232E-07
0.38730	-2.460297E-04	 2.130912E-03	-1.736232E-03	-8.420214E-04	-1.108983E-03	-4.616207E-04	-1.789589E-04	-5.457015E-05	-1.768010E-05	-4.370432E-06	-2.289976E-07	 5.947331E-08	-5.734007E-08	-2.092634E-07	 1.112089E-07	-1.410683E-07
0.39370	-2.537154E-04	 2.153451E-03	-1.715890E-03	-8.313532E-04	-1.138269E-03	-4.808211E-04	-1.906637E-04	-5.908545E-05	-1.898442E-05	-4.644252E-06	-2.636985E-07	 5.859392E-08	-6.322078E-08	-2.219132E-07	 1.114128E-07	-1.489071E-07
0.40000	-4.042889E-04	 2.194145E-03	-1.730842E-03	-8.146392E-04	-1.163363E-03	-4.988340E-04	-2.027033E-04	-6.355660E-05	-2.021745E-05	-4.950145E-06	-3.115993E-07	 7.567665E-08	-6.382604E-08	-2.399235E-07	 1.093740E-07	-1.550652E-07
0.40620	-4.166187E-04	 2.209847E-03	-1.718849E-03	-8.035857E-04	-1.192869E-03	-5.180271E-04	-2.149814E-04	-6.840838E-05	-2.163458E-05	-5.225440E-06	-3.361145E-07	 8.034740E-08	-6.661633E-08	-2.510019E-07	 1.085009E-07	-1.646689E-07
0.41231	-4.282440E-04	 2.231492E-03	-1.708563E-03	-7.915376E-04	-1.223112E-03	-5.378349E-04	-2.279163E-04	-7.347582E-05	-2.313340E-05	-5.541023E-06	-3.600317E-07	 9.992627E-08	-6.753209E-08	-2.664493E-07	 1.063779E-07	-1.734058E-07
0.41833	-4.401569E-04	 2.259324E-03	-1.700489E-03	-7.789419E-04	-1.254587E-03	-5.583866E-04	-2.416369E-04	-7.890473E-05	-2.474917E-05	-5.872062E-06	-3.811548E-07	 1.221429E-07	-6.616898E-08	-2.809058E-07	 1.033728E-07	-1.836279E-07
0.42426	-5.330372E-04	 2.306077E-03	-1.713089E-03	-7.624183E-04	-1.284883E-03	-5.790149E-04	-2.562281E-04	-8.461396E-05	-2.642700E-05	-6.241467E-06	-4.078236E-07	 1.595765E-07	-5.958159E-08	-2.983491E-07	 9.820063E-08	-1.935796E-07
0.43012	-5.472296E-04	 2.344048E-03	-1.709706E-03	-7.484152E-04	-1.318828E-03	-6.012262E-04	-2.716711E-04	-9.087923E-05	-2.835729E-05	-6.629968E-06	-4.173806E-07	 1.942744E-07	-5.465992E-08	-3.117965E-07	 9.359394E-08	-2.064838E-07
0.43589	-5.609665E-04	 2.391498E-03	-1.706509E-03	-7.328031E-04	-1.354018E-03	-6.245748E-04	-2.882474E-04	-9.766672E-05	-3.049374E-05	-7.075809E-06	-4.263988E-07	 2.410105E-07	-4.668356E-08	-3.269725E-07	 8.738878E-08	-2.202861E-07
0.44159	-5.749959E-04	 2.446140E-03	-1.703625E-03	-7.157302E-04	-1.390419E-03	-6.490006E-04	-3.059853E-04	-1.050704E-04	-3.287516E-05	-7.571910E-06	-4.335025E-07	 2.929000E-07	-3.581938E-08	-3.406635E-07	 8.048126E-08	-2.362942E-07
0.44721	-6.829590E-04	 2.524095E-03	-1.722632E-03	-6.930337E-04	-1.424915E-03	-6.735603E-04	-3.249904E-04	-1.130182E-04	-3.542551E-05	-8.140950E-06	-4.565082E-07	 3.637192E-07	-1.456145E-08	-3.564995E-07	 7.007613E-08	-2.527384E-07
0.45277	-6.995710E-04	 2.590498E-03	-1.720794E-03	-6.724831E-04	-1.463417E-03	-7.002080E-04	-3.452623E-04	-1.218328E-04	-3.840352E-05	-8.776603E-06	-4.641437E-07	 4.326528E-07	 5.453082E-09	-3.666962E-07	 6.055243E-08	-2.736372E-07
0.45826	-7.157366E-04	 2.667202E-03	-1.717290E-03	-6.491023E-04	-1.502620E-03	-7.280558E-04	-3.669985E-04	-1.314290E-04	-4.172738E-05	-9.518311E-06	-4.795129E-07	 5.181035E-07	 3.224522E-08	-3.775267E-07	 4.919821E-08	-2.962506E-07
0.46368	-7.321398E-04	 2.750841E-03	-1.712789E-03	-6.232595E-04	-1.542466E-03	-7.569191E-04	-3.901481E-04	-1.418688E-04	-4.543352E-05	-1.036140E-05	-5.017290E-07	 6.131761E-07	 6.604662E-08	-3.850463E-07	 3.720896E-08	-3.220894E-07
0.46904	-8.230987E-04	 2.853321E-03	-1.725391E-03	-5.918045E-04	-1.580284E-03	-7.857264E-04	-4.146383E-04	-1.530473E-04	-4.944853E-05	-1.131965E-05	-5.450279E-07	 7.289522E-07	 1.139058E-07	-3.913344E-07	 2.267595E-08	-3.496862E-07
0.47434	-8.413282E-04	 2.945659E-03	-1.721182E-03	-5.613062E-04	-1.621429E-03	-8.164210E-04	-4.406442E-04	-1.652676E-04	-5.400549E-05	-1.240426E-05	-5.868700E-07	 8.520111E-07	 1.683173E-07	-3.900914E-07	 9.105310E-09	-3.821874E-07
0.47958	-8.590091E-04	 3.047121E-03	-1.716154E-03	-5.278051E-04	-1.663485E-03	-8.482998E-04	-4.684075E-04	-1.785168E-04	-5.906314E-05	-1.365031E-05	-6.455053E-07	 9.976204E-07	 2.372853E-07	-3.848419E-07	-5.315708E-09	-4.175511E-07
0.48477	-8.768624E-04	 3.154070E-03	-1.711039E-03	-4.916675E-04	-1.706303E-03	-8.810686E-04	-4.978091E-04	-1.928038E-04	-6.464819E-05	-1.506183E-05	-7.220021E-07	 1.162771E-06	 3.224252E-07	-3.723416E-07	-1.920468E-08	-4.565191E-07
0.48990	-9.505705E-04	 3.274161E-03	-1.719853E-03	-4.506518E-04	-1.747507E-03	-9.134911E-04	-5.285433E-04	-2.079585E-04	-7.068517E-05	-1.664277E-05	-8.250149E-07	 1.354763E-06	 4.285416E-07	-3.525872E-07	-3.276450E-08	-4.978866E-07
0.49497	-9.695010E-04	 3.382986E-03	-1.716097E-03	-4.097971E-04	-1.790863E-03	-9.469140E-04	-5.606015E-04	-2.241250E-04	-7.733305E-05	-1.840982E-05	-9.404508E-07	 1.565484E-06	 5.510196E-07	-3.207353E-07	-4.287759E-08	-5.436419E-07
0.50000	-9.877927E-04	 3.496242E-03	-1.711830E-03	-3.660092E-04	-1.834494E-03	-9.807792E-04	-5.941982E-04	-2.413278E-04	-8.457851E-05	-2.039883E-05	-1.088868E-06	 1.806805E-06	 6.993542E-07	-2.782928E-07	-5.100235E-08	-5.919146E-07
0.50498	-1.006294E-03	 3.611139E-03	-1.707587E-03	-3.195414E-04	-1.878293E-03	-1.014853E-03	-6.292355E-04	-2.595924E-04	-9.246052E-05	-2.261920E-05	-1.276182E-06	 2.072160E-06	 8.748660E-07	-2.204968E-07	-5.512325E-08	-6.437080E-07
0.50990	-1.085870E-03	 3.739413E-03	-1.719063E-03	-2.677530E-04	-1.920040E-03	-1.048093E-03	-6.656286E-04	-2.788404E-04	-1.009340E-04	-2.509421E-05	-1.522509E-06	 2.370958E-06	 1.087098E-06	-1.469113E-07	-5.629993E-08	-6.971614E-07
0.51478	-1.105502E-03	 3.853588E-03	-1.715648E-03	-2.160585E-04	-1.963700E-03	-1.082091E-03	-7.033404E-04	-2.992307E-04	-1.102061E-04	-2.785855E-05	-1.812355E-06	 2.688630E-06	 1.323707E-06	-5.225453E-08	-4.869126E-08	-7.544137E-07
0.51962	-1.124440E-03	 3.972015E-03	-1.710710E-03	-1.608685E-04	-2.006909E-03	-1.116028E-03	-7.425125E-04	-3.207517E-04	-1.202408E-04	-3.095196E-05	-2.178399E-06	 3.035896E-06	 1.597833E-06	 6.282290E-08	-3.417888E-08	-8.130198E-07
0.52440	-1.143526E-03	 4.093015E-03	-1.704201E-03	-1.021733E-04	-2.049357E-03	-1.149654E-03	-7.830215E-04	-3.434214E-04	-1.310866E-04	-3.439710E-05	-2.634725E-06	 3.402424E-06	 1.909210E-06	 2.031788E-07	-9.936959E-09	-8.735005E-07
0.52915	-1.181933E-03	 4.220503E-03	-1.701807E-03	-3.919755E-05	-2.090701E-03	-1.182827E-03	-8.250364E-04	-3.673418E-04	-1.428109E-04	-3.824286E-05	-3.206119E-06	 3.789530E-06	 2.265615E-06	 3.723369E-07	 2.466858E-08	-9.349758E-07
0.53385	-1.201228E-03	 4.345126E-03	-1.692930E-03	 2.660110E-05	-2.131889E-03	-1.216011E-03	-8.685316E-04	-3.926051E-04	-1.555473E-04	-4.254683E-05	-3.906513E-06	 4.186630E-06	 2.660728E-06	 5.729241E-07	 7.400285E-08	-9.969355E-07
0.53852	-1.220002E-03	 4.473077E-03	-1.682116E-03	 9.645353E-05	-2.172229E-03	-1.248930E-03	-9.136194E-04	-4.192849E-04	-1.693514E-04	-4.735951E-05	-4.767682E-06	 4.590100E-06	 3.101215E-06	 8.091681E-07	 1.393673E-07	-1.058542E-06
0.54314	-1.239135E-03	 4.602646E-03	-1.669551E-03	 1.703824E-04	-2.211308E-03	-1.281280E-03	-9.601267E-04	-4.473570E-04	-1.842726E-04	-5.272792E-05	-5.816744E-06	 4.989372E-06	 3.585723E-06	 1.083535E-06	 2.242500E-07	-1.118106E-06
0.54772	-1.287237E-03	 4.740303E-03	-1.663486E-03	 2.496898E-04	-2.248172E-03	-1.312445E-03	-1.008016E-03	-4.768267E-04	-2.003341E-04	-5.869115E-05	-7.088435E-06	 5.375976E-06	 4.120401E-06	 1.402393E-06	 3.306480E-07	-1.174778E-06
0.55227	-1.306904E-03	 4.872456E-03	-1.648425E-03	 3.317316E-04	-2.284913E-03	-1.343482E-03	-1.057438E-03	-5.078401E-04	-2.177115E-04	-6.532981E-05	-8.602867E-06	 5.738241E-06	 4.697185E-06	 1.767357E-06	 4.645254E-07	-1.226279E-06
0.55678	-1.325948E-03	 5.008532E-03	-1.630918E-03	 4.184352E-04	-2.320166E-03	-1.373732E-03	-1.108371E-03	-5.404047E-04	-2.364256E-04	-7.269330E-05	-1.040642E-05	 6.062927E-06	 5.320956E-06	 2.183822E-06	 6.279780E-07	-1.271011E-06
0.56125	-1.345199E-03	 5.148611E-03	-1.611428E-03	 5.097908E-04	-2.354009E-03	-1.403154E-03	-1.160868E-03	-5.745801E-04	-2.565661E-04	-8.084972E-05	-1.253694E-05	 6.338017E-06	 5.991767E-06	 2.656029E-06	 8.257849E-07	-1.306008E-06
0.56569	-1.350322E-03	 5.286647E-03	-1.585675E-03	 6.049737E-04	-2.386274E-03	-1.431527E-03	-1.214541E-03	-6.102226E-04	-2.781428E-04	-8.984401E-05	-1.503190E-05	 6.538922E-06	 6.698194E-06	 3.183821E-06	 1.062712E-06	-1.328227E-06
0.57009	-1.369060E-03	 5.430274E-03	-1.562146E-03	 7.053484E-04	-2.416421E-03	-1.458409E-03	-1.269553E-03	-6.474325E-04	-3.012265E-04	-9.973757E-05	-1.794386E-05	 6.648662E-06	 7.446887E-06	 3.776060E-06	 1.342542E-06	-1.335529E-06
0.57446	-1.387242E-03	 5.575052E-03	-1.537455E-03	 8.100697E-04	-2.445255E-03	-1.484117E-03	-1.326042E-03	-6.863212E-04	-3.259587E-04	-1.106201E-04	-2.131682E-05	 6.648885E-06	 8.231788E-06	 4.436329E-06	 1.672110E-06	-1.323401E-06
0.57879	-1.405672E-03	 5.720680E-03	-1.511246E-03	 9.192026E-04	-2.472016E-03	-1.508073E-03	-1.383540E-03	-7.266473E-04	-3.522816E-04	-1.225198E-04	-2.519317E-05	 6.512438E-06	 9.040055E-06	 5.163048E-06	 2.055677E-06	-1.287262E-06
0.58310	-1.392461E-03	 5.858827E-03	-1.474215E-03	 1.031034E-03	-2.497984E-03	-1.530937E-03	-1.442142E-03	-7.684689E-04	-3.802872E-04	-1.354974E-04	-2.961450E-05	 6.211634E-06	 9.861185E-06	 5.958679E-06	 2.499238E-06	-1.223804E-06
0.58737	-1.409808E-03	 6.006047E-03	-1.445099E-03	 1.148715E-03	-2.521104E-03	-1.551253E-03	-1.501738E-03	-8.117235E-04	-4.099640E-04	-1.496075E-04	-3.465110E-05	 5.723188E-06	 1.070028E-05	 6.830386E-06	 3.007117E-06	-1.127301E-06
0.59161	-1.426579E-03	 6.150092E-03	-1.415827E-03	 1.269867E-03	-2.542531E-03	-1.569356E-03	-1.562030E-03	-8.562514E-04	-4.413244E-04	-1.648857E-04	-4.033543E-05	 5.012870E-06	 1.153272E-05	 7.774214E-06	 3.586230E-06	-9.923367E-07
0.59582	-1.443635E-03	 6.292396E-03	-1.386180E-03	 1.394819E-03	-2.562001E-03	-1.585060E-03	-1.622951E-03	-9.020085E-04	-4.743882E-04	-1.813866E-04	-4.672850E-05	 4.047197E-06	 1.234802E-05	 8.790052E-06	 4.240028E-06	-8.138154E-07
0.60000	-1.439986E-03	 6.429596E-03	-1.349486E-03	 1.522879E-03	-2.580673E-03	-1.599184E-03	-1.684995E-03	-9.492965E-04	-5.093953E-04	-1.992453E-04	-5.390192E-05	 2.790713E-06	 1.313221E-05	 9.880298E-06	 4.976890E-06	-5.851593E-07
0.60415	-1.456059E-03	 6.571165E-03	-1.317934E-03	 1.655921E-03	-2.596379E-03	-1.610022E-03	-1.747352E-03	-9.976394E-04	-5.461273E-04	-2.184322E-04	-6.190782E-05	 1.200107E-06	 1.386438E-05	 1.103842E-05	 5.798391E-06	-3.001838E-07
0.60828	-1.471435E-03	 6.710682E-03	-1.286057E-03	 1.792564E-03	-2.610388E-03	-1.618250E-03	-1.810315E-03	-1.047202E-03	-5.847428E-04	-2.390482E-04	-7.081781E-05	-7.676069E-07	 1.452670E-05	 1.226502E-05	 6.711055E-06	 4.722995E-08
0.61237	-1.486732E-03	 6.850591E-03	-1.252631E-03	 1.933411E-03	-2.622031E-03	-1.623545E-03	-1.873654E-03	-1.097844E-03	-6.252252E-04	-2.611401E-04	-8.069174E-05	-3.156005E-06	 1.509109E-05	 1.354887E-05	 7.717095E-06	 4.649267E-07
0.61644	-1.431110E-03	 6.972266E-03	-1.194401E-03	 2.075003E-03	-2.634162E-03	-1.628155E-03	-1.938140E-03	-1.150008E-03	-6.678913E-04	-2.848628E-04	-9.160471E-05	-6.016623E-06	 1.552583E-05	 1.488450E-05	 8.823402E-06	 9.582234E-07
0.62048	-1.444214E-03	 7.112853E-03	-1.156827E-03	 2.224346E-03	-2.641158E-03	-1.627469E-03	-2.002334E-03	-1.202870E-03	-7.123170E-04	-3.101354E-04	-1.036419E-04	-9.403091E-06	 1.581955E-05	 1.626854E-05	 1.002835E-05	 1.536030E-06
0.62450	-1.457155E-03	 7.243412E-03	-1.120419E-03	 2.375688E-03	-2.645907E-03	-1.623012E-03	-2.065938E-03	-1.256183E-03	-7.584388E-04	-3.369383E-04	-1.168148E-04	-1.336946E-05	 1.591593E-05	 1.767765E-05	 1.133198E-05	 2.202000E-06
0.62849	-1.470580E-03	 7.367366E-03	-1.084874E-03	 2.529721E-03	-2.648492E-03	-1.614929E-03	-2.129274E-03	-1.310115E-03	-8.064072E-04	-3.653860E-04	-1.312183E-04	-1.796759E-05	 1.579195E-05	 1.910489E-05	 1.273647E-05	 2.964430E-06
0.63246	-1.463598E-03	 7.480928E-03	-1.041733E-03	 2.685821E-03	-2.649105E-03	-1.603694E-03	-2.192344E-03	-1.364661E-03	-8.562672E-04	-3.955430E-04	-1.469215E-04	-2.326021E-05	 1.539818E-05	 2.052670E-05	 1.423912E-05	 3.829274E-06
0.63640	-1.476249E-03	 7.596473E-03	-1.004583E-03	 2.846110E-03	-2.646322E-03	-1.587860E-03	-2.254696E-03	-1.419508E-03	-9.078669E-04	-4.273884E-04	-1.639960E-04	-2.931192E-05	 1.470030E-05	 2.193004E-05	 1.583612E-05	 4.801271E-06
0.64031	-1.488368E-03	 7.708179E-03	-9.671136E-04	 3.009390E-03	-2.641367E-03	-1.568219E-03	-2.316720E-03	-1.474858E-03	-9.614001E-04	-4.610477E-04	-1.825341E-04	-3.618925E-05	 1.365179E-05	 2.329619E-05	 1.752799E-05	 5.888505E-06
0.64420	-1.499914E-03	 7.820823E-03	-9.266282E-04	 3.176844E-03	-2.633118E-03	-1.544485E-03	-2.378204E-03	-1.530577E-03	-1.016812E-03	-4.965534E-04	-2.026145E-04	-4.396257E-05	 1.220101E-05	 2.459220E-05	 1.930215E-05	 7.094837E-06
0.64807	-1.386423E-03	 7.899324E-03	-8.383605E-04	 3.342328E-03	-2.626554E-03	-1.521526E-03	-2.441175E-03	-1.587901E-03	-1.074900E-03	-5.342722E-04	-2.243698E-04	-5.270927E-05	 1.028531E-05	 2.579804E-05	 2.116472E-05	 8.426446E-06
0.65192	-1.394514E-03	 8.012604E-03	-7.908617E-04	 3.518029E-03	-2.612006E-03	-1.489567E-03	-2.501749E-03	-1.644407E-03	-1.134287E-03	-5.737013E-04	-2.478112E-04	-6.250099E-05	 7.872532E-06	 2.688721E-05	 2.308943E-05	 9.884605E-06
0.65574	-1.403480E-03	 8.108198E-03	-7.471252E-04	 3.693400E-03	-2.595332E-03	-1.452708E-03	-2.560401E-03	-1.700219E-03	-1.195078E-03	-6.148527E-04	-2.729239E-04	-7.339440E-05	 4.871668E-06	 2.780702E-05	 2.506285E-05	 1.146644E-05
0.65955	-1.413341E-03	 8.189772E-03	-7.063344E-04	 3.869169E-03	-2.576390E-03	-1.410931E-03	-2.617250E-03	-1.755321E-03	-1.257292E-03	-6.577657E-04	-2.997793E-04	-8.544937E-05	 1.234402E-06	 2.852382E-05	 2.707038E-05	 1.317507E-05
0.66332	-1.415845E-03	 8.260505E-03	-6.634226E-04	 4.046006E-03	-2.555165E-03	-1.364585E-03	-2.672585E-03	-1.809824E-03	-1.320997E-03	-7.024903E-04	-3.284481E-04	-9.873558E-05	-3.100999E-06	 2.899941E-05	 2.909456E-05	 1.500931E-05
0.66708	-1.425198E-03	 8.327613E-03	-6.234491E-04	 4.225056E-03	-2.531647E-03	-1.313250E-03	-2.726542E-03	-1.863707E-03	-1.386225E-03	-7.490629E-04	-3.590131E-04	-1.133284E-04	-8.192549E-06	 2.920053E-05	 3.111980E-05	 1.696959E-05
0.67082	-1.433980E-03	 8.390250E-03	-5.834797E-04	 4.405910E-03	-2.506430E-03	-1.257269E-03	-2.779362E-03	-1.916993E-03	-1.453019E-03	-7.975143E-04	-3.915397E-04	-1.292970E-04	-1.410574E-05	 2.908503E-05	 3.312654E-05	 1.905455E-05
0.67454	-1.441172E-03	 8.453839E-03	-5.396919E-04	 4.589832E-03	-2.478206E-03	-1.196489E-03	-2.830891E-03	-1.969576E-03	-1.521302E-03	-8.478392E-04	-4.260837E-04	-1.467105E-04	-2.090892E-05	 2.859540E-05	 3.508147E-05	 2.125703E-05
0.67823	-1.290079E-03	 8.468468E-03	-4.296463E-04	 4.768453E-03	-2.451612E-03	-1.137641E-03	-2.883675E-03	-2.023190E-03	-1.592107E-03	-9.005472E-04	-4.628255E-04	-1.656755E-04	-2.870595E-05	 2.767441E-05	 3.696514E-05	 2.356839E-05
0.68191	-1.292636E-03	 8.528123E-03	-3.770757E-04	 4.957332E-03	-2.416361E-03	-1.066854E-03	-2.931817E-03	-2.073821E-03	-1.663082E-03	-9.545666E-04	-5.015734E-04	-1.862211E-04	-3.753888E-05	 2.627641E-05	 3.872053E-05	 2.596988E-05
0.68557	-1.297092E-03	 8.564051E-03	-3.315203E-04	 5.142758E-03	-2.380595E-03	-9.906656E-04	-2.977079E-03	-2.122239E-03	-1.734657E-03	-1.010004E-03	-5.422920E-04	-2.083690E-04	-4.749828E-05	 2.432930E-05	 4.031773E-05	 2.844707E-05
0.68920	-1.302542E-03	 8.580048E-03	-2.913091E-04	 5.325865E-03	-2.343788E-03	-9.089870E-04	-3.019596E-03	-2.168475E-03	-1.806886E-03	-1.066911E-03	-5.850641E-04	-2.321936E-04	-5.865462E-05	 2.177166E-05	 4.171801E-05	 3.098816E-05
0.69282	-1.318359E-03	 8.585990E-03	-2.572713E-04	 5.508764E-03	-2.304731E-03	-8.213649E-04	-3.059361E-03	-2.212529E-03	-1.879785E-03	-1.125315E-03	-6.299671E-04	-2.577779E-04	-7.109127E-05	 1.853933E-05	 4.287742E-05	 3.357514E-05
0.69642	-1.324207E-03	 8.575924E-03	-2.206150E-04	 5.689857E-03	-2.264022E-03	-7.287428E-04	-3.096505E-03	-2.254318E-03	-1.953204E-03	-1.185089E-03	-6.769550E-04	-2.851452E-04	-8.487792E-05	 1.456375E-05	 4.374454E-05	 3.618061E-05
0.70000	-1.330337E-03	 8.554529E-03	-1.849833E-04	 5.869720E-03	-2.221304E-03	-6.306693E-04	-3.130824E-03	-2.293581E-03	-2.026957E-03	-1.246121E-03	-7.260253E-04	-3.143400E-04	-1.000851E-04	 9.780319E-06	 4.426864E-05	 3.877881E-05
0.70356	-1.335917E-03	 8.521174E-03	-1.502486E-04	 6.048092E-03	-2.176804E-03	-5.272345E-04	-3.162390E-03	-2.330279E-03	-2.101045E-03	-1.308408E-03	-7.772308E-04	-3.454332E-04	-1.167988E-04	 4.118139E-06	 4.439846E-05	 4.134449E-05
0.70711	-1.348686E-03	 8.477104E-03	-1.201311E-04	 6.224546E-03	-2.130516E-03	-4.180253E-04	-3.190703E-03	-2.363852E-03	-2.175022E-03	-1.371654E-03	-8.304489E-04	-3.784131E-04	-1.350768E-04	-2.496247E-06	 4.406933E-05	 4.383882E-05
0.71063	-1.354267E-03	 8.417689E-03	-8.846874E-05	 6.398324E-03	-2.083002E-03	-3.037839E-04	-3.216196E-03	-2.394498E-03	-2.249030E-03	-1.435912E-03	-8.857405E-04	-4.133432E-04	-1.550000E-04	-1.013445E-05	 4.322614E-05	 4.623108E-05
0.71414	-1.360377E-03	 8.346456E-03	-5.821697E-05	 6.570126E-03	-2.033994E-03	-1.841383E-04	-3.238846E-03	-2.422134E-03	-2.323071E-03	-1.501191E-03	-9.431743E-04	-4.503034E-04	-1.766615E-04	-1.887404E-05	 4.180810E-05	 4.848834E-05
0.71764	-1.365856E-03	 8.260093E-03	-2.957322E-05	 6.738398E-03	-1.983738E-03	-5.913437E-05	-3.258084E-03	-2.446106E-03	-2.396540E-03	-1.567053E-03	-1.002514E-03	-4.892159E-04	-2.000975E-04	-2.879121E-05	 3.973551E-05	 5.055403E-05
0.72111	-1.387125E-03	 8.164030E-03	-1.023599E-05	 6.904100E-03	-1.932110E-03	 7.203716E-05	-3.273768E-03	-2.466180E-03	-2.469360E-03	-1.633444E-03	-1.063803E-03	-5.301450E-04	-2.253898E-04	-3.996163E-05	 3.694285E-05	 5.238869E-05
0.72457	-1.393216E-03	 8.046331E-03	 1.339731E-05	 7.065455E-03	-1.879900E-03	 2.078127E-04	-3.286691E-03	-2.482887E-03	-2.541935E-03	-1.700581E-03	-1.127174E-03	-5.731856E-04	-2.526424E-04	-5.247189E-05	 3.336403E-05	 5.395273E-05
0.72801	-1.400958E-03	 7.907753E-03	 3.257355E-05	 7.221522E-03	-1.826689E-03	 3.492213E-04	-3.295516E-03	-2.495016E-03	-2.613251E-03	-1.767786E-03	-1.192256E-03	-6.181873E-04	-2.818607E-04	-6.638913E-05	 2.890550E-05	 5.517264E-05
0.73144	-1.412388E-03	 7.730157E-03	 3.649625E-05	 7.366386E-03	-1.776721E-03	 4.959419E-04	-3.299857E-03	-2.501614E-03	-2.682649E-03	-1.834533E-03	-1.258799E-03	-6.650721E-04	-3.131095E-04	-8.176701E-05	 2.349913E-05	 5.599351E-05
0.73485	-1.804994E-03	 7.647698E-03	-1.552287E-04	 7.518701E-03	-1.725291E-03	 6.678777E-04	-3.290479E-03	-2.494394E-03	-2.744797E-03	-1.897542E-03	-1.325419E-03	-7.132597E-04	-3.461848E-04	-9.865233E-05	 1.700053E-05	 5.631449E-05
0.73824	-1.828743E-03	 7.397546E-03	-1.853067E-04	 7.638788E-03	-1.683963E-03	 8.244671E-04	-3.285681E-03	-2.488499E-03	-2.808811E-03	-1.961911E-03	-1.393957E-03	-7.634157E-04	-3.813457E-04	-1.171867E-04	 9.435133E-06	 5.612648E-05
0.74162	-1.847516E-03	 7.167719E-03	-1.988003E-04	 7.765258E-03	-1.635424E-03	 9.867298E-04	-3.279021E-03	-2.480069E-03	-2.873153E-03	-2.027254E-03	-1.464880E-03	-8.159653E-04	-4.188423E-04	-1.374766E-04	 6.809399E-07	 5.538176E-05
0.74498	-1.861425E-03	 6.942861E-03	-2.025345E-04	 7.892450E-03	-1.583380E-03	 1.153865E-03	-3.270234E-03	-2.468250E-03	-2.937090E-03	-2.092947E-03	-1.537824E-03	-8.707593E-04	-4.587291E-04	-1.595692E-04	-9.352003E-06	 5.400010E-05
0.74833	-1.933283E-03	 6.722799E-03	-2.374234E-04	 8.015046E-03	-1.531277E-03	 1.328607E-03	-3.256196E-03	-2.449492E-03	-2.997670E-03	-2.156840E-03	-1.611490E-03	-9.271143E-04	-5.007354E-04	-1.834628E-04	-2.077002E-05	 5.186063E-05
0.75166	-1.948638E-03	 6.461338E-03	-2.486707E-04	 8.127572E-03	-1.480570E-03	 1.505058E-03	-3.240371E-03	-2.426851E-03	-3.057347E-03	-2.220531E-03	-1.686813E-03	-9.855405E-04	-5.451553E-04	-2.093231E-04	-3.364645E-05	 4.892865E-05
0.75498	-1.966354E-03	 6.179379E-03	-2.644224E-04	 8.233716E-03	-1.429347E-03	 1.686997E-03	-3.220733E-03	-2.398722E-03	-3.115171E-03	-2.283482E-03	-1.763603E-03	-1.045999E-03	-5.920635E-04	-2.372335E-04	-4.810046E-05	 4.511574E-05
0.75829	-1.989628E-03	 5.843668E-03	-3.028023E-04	 8.319889E-03	-1.385594E-03	 1.872780E-03	-3.195532E-03	-2.362080E-03	-3.168064E-03	-2.343150E-03	-1.840085E-03	-1.107455E-03	-6.410507E-04	-2.670363E-04	-6.418018E-05	 4.030522E-05
0.76158	-2.550535E-03	 5.658184E-03	-6.412923E-04	 8.414752E-03	-1.350153E-03	 2.092668E-03	-3.152097E-03	-2.303652E-03	-3.207824E-03	-2.394041E-03	-1.913844E-03	-1.168732E-03	-6.916175E-04	-2.986863E-04	-8.205111E-05	 3.435233E-05
0.76485	-2.592652E-03	 5.229319E-03	-7.310625E-04	 8.464192E-03	-1.325377E-03	 2.286030E-03	-3.119157E-03	-2.250939E-03	-3.252407E-03	-2.447632E-03	-1.990251E-03	-1.232396E-03	-7.448383E-04	-3.326855E-04	-1.016753E-04	 2.731075E-05
0.76811	-2.626646E-03	 4.830017E-03	-7.947987E-04	 8.520859E-03	-1.289557E-03	 2.485092E-03	-3.083542E-03	-2.194465E-03	-3.295962E-03	-2.500721E-03	-2.068142E-03	-1.298032E-03	-8.006051E-04	-3.689927E-04	-1.232422E-04	 1.902647E-05
0.77136	-2.653309E-03	 4.439209E-03	-8.448099E-04	 8.577868E-03	-1.250078E-03	 2.688738E-03	-3.046467E-03	-2.133831E-03	-3.338590E-03	-2.553130E-03	-2.147557E-03	-1.365712E-03	-8.591544E-04	-4.076674E-04	-1.468519E-04	 9.434778E-06
0.77460	-2.823050E-03	 4.088371E-03	-9.763419E-04	 8.633945E-03	-1.214639E-03	 2.904878E-03	-3.003736E-03	-2.063181E-03	-3.376380E-03	-2.601917E-03	-2.226984E-03	-1.434629E-03	-9.201751E-04	-4.487215E-04	-1.726442E-04	-1.610329E-06
0.77782	-2.852913E-03	 3.655150E-03	-1.039430E-03	 8.668072E-03	-1.182674E-03	 3.115723E-03	-2.961225E-03	-1.988722E-03	-3.412246E-03	-2.648691E-03	-2.306602E-03	-1.504657E-03	-9.834711E-04	-4.921337E-04	-2.006100E-04	-1.419795E-05
0.78102	-2.882127E-03	 3.216335E-03	-1.097857E-03	 8.696854E-03	-1.148888E-03	 3.331186E-03	-2.916089E-03	-1.908257E-03	-3.445664E-03	-2.693358E-03	-2.386851E-03	-1.576180E-03	-1.049372E-03	-5.380935E-04	-2.309280E-04	-2.843369E-05
0.78422	-2.907033E-03	 2.764532E-03	-1.152642E-03	 8.718431E-03	-1.115164E-03	 3.550880E-03	-2.869037E-03	-1.821848E-03	-3.477067E-03	-2.736106E-03	-2.468001E-03	-1.649392E-03	-1.118117E-03	-5.867511E-04	-2.637485E-04	-4.442461E-05
0.78740	-2.950664E-03	 2.294201E-03	-1.221395E-03	 8.725593E-03	-1.084233E-03	 3.773972E-03	-2.817811E-03	-1.726794E-03	-3.503022E-03	-2.774019E-03	-2.547683E-03	-1.722696E-03	-1.188752E-03	-6.376935E-04	-2.989945E-04	-6.228243E-05
0.79057	-2.976274E-03	 1.790397E-03	-1.284062E-03	 8.717852E-03	-1.055905E-03	 3.999015E-03	-2.764302E-03	-1.624689E-03	-3.525404E-03	-2.808387E-03	-2.626935E-03	-1.796741E-03	-1.261715E-03	-6.911841E-04	-3.368279E-04	-8.210885E-05
0.79373	-3.005153E-03	 1.264543E-03	-1.351565E-03	 8.698248E-03	-1.029858E-03	 4.227917E-03	-2.708694E-03	-1.515441E-03	-3.544996E-03	-2.839809E-03	-2.706509E-03	-1.872069E-03	-1.337467E-03	-7.475172E-04	-3.774715E-04	-1.040353E-04
0.79687	-3.032222E-03	 6.994935E-04	-1.424249E-03	 8.654706E-03	-1.008096E-03	 4.455976E-03	-2.648494E-03	-1.396715E-03	-3.556986E-03	-2.864080E-03	-2.782470E-03	-1.945865E-03	-1.414138E-03	-8.056945E-04	-4.205330E-04	-1.280669E-04
0.80000	-3.114514E-03	 1.286296E-04	-1.534059E-03	 8.597192E-03	-9.916814E-04	 4.689266E-03	-2.584181E-03	-1.267722E-03	-3.562624E-03	-2.882062E-03	-2.856035E-03	-2.018978E-03	-1.492390E-03	-8.661179E-04	-4.662890E-04	-1.543599E-04
0.80312	-3.140874E-03	-4.732816E-04	-1.612375E-03	 8.535644E-03	-9.765810E-04	 4.927717E-03	-2.522773E-03	-1.134596E-03	-3.571034E-03	-2.900953E-03	-2.933655E-03	-2.095926E-03	-1.575436E-03	-9.307051E-04	-5.157795E-04	-1.833318E-04
0.80623	-3.165977E-03	-1.077636E-03	-1.683208E-03	 8.467360E-03	-9.605107E-04	 5.171008E-03	-2.459986E-03	-9.937553E-04	-3.576442E-03	-2.915879E-03	-3.010956E-03	-2.173592E-03	-1.661199E-03	-9.984041E-04	-5.686219E-04	-2.150504E-04
0.80932	-3.170907E-03	-1.658196E-03	-1.713665E-03	 8.403857E-03	-9.301580E-04	 5.420650E-03	-2.395240E-03	-8.473243E-04	-3.580621E-03	-2.928529E-03	-3.089076E-03	-2.252728E-03	-1.750012E-03	-1.069549E-03	-6.250515E-04	-2.497669E-04
0.81240	-2.481874E-03	-2.497150E-03	-1.290271E-03	 8.322200E-03	-8.598345E-04	 5.643785E-03	-2.347915E-03	-7.207184E-04	-3.606900E-03	-2.957913E-03	-3.182102E-03	-2.343185E-03	-1.848539E-03	-1.147933E-03	-6.869868E-04	-2.882063E-04
0.81548	-2.451961E-03	-3.034896E-03	-1.243828E-03	 8.283103E-03	-7.963038E-04	 5.919779E-03	-2.280241E-03	-5.625906E-04	-3.617036E-03	-2.973677E-03	-3.271069E-03	-2.432815E-03	-1.950270E-03	-1.229910E-03	-7.535029E-04	-3.303179E-04
0.81854	-2.444629E-03	-3.682230E-03	-1.252299E-03	 8.188161E-03	-7.606253E-04	 6.190679E-03	-2.209204E-03	-3.877128E-04	-3.614064E-03	-2.975193E-03	-3.351713E-03	-2.517411E-03	-2.051514E-03	-1.313364E-03	-8.231194E-04	-3.756081E-04
0.82158	-2.436687E-03	-4.396681E-03	-1.276822E-03	 8.065165E-03	-7.349121E-04	 6.466607E-03	-2.136203E-03	-1.995760E-04	-3.606185E-03	-2.969757E-03	-3.431330E-03	-2.602330E-03	-2.156062E-03	-1.400968E-03	-8.973984E-04	-4.249738E-04
0.82462	-2.148176E-03	-5.255079E-03	-1.114805E-03	 7.920145E-03	-6.912861E-04	 6.737841E-03	-2.067329E-03	-1.035323E-05	-3.605055E-03	-2.967489E-03	-3.517753E-03	-2.693247E-03	-2.267995E-03	-1.495184E-03	-9.778448E-04	-4.791922E-04
0.82765	-2.123231E-03	-6.014585E-03	-1.108675E-03	 7.774628E-03	-6.542435E-04	 7.032061E-03	-1.988497E-03	 2.014803E-04	-3.592086E-03	-2.952398E-03	-3.599472E-03	-2.782028E-03	-2.382296E-03	-1.592929E-03	-1.063235E-03	-5.379225E-04
0.83066	-2.104996E-03	-6.816614E-03	-1.111760E-03	 7.596624E-03	-6.275274E-04	 7.325785E-03	-1.910069E-03	 4.267592E-04	-3.572215E-03	-2.926602E-03	-3.676921E-03	-2.868183E-03	-2.498248E-03	-1.693893E-03	-1.153225E-03	-6.011866E-04
0.83367	-2.042429E-03	-7.563860E-03	-1.020650E-03	 7.436073E-03	-5.603370E-04	 7.632512E-03	-1.827479E-03	 6.584373E-04	-3.555430E-03	-2.900882E-03	-3.759735E-03	-2.959109E-03	-2.620724E-03	-1.801761E-03	-1.250005E-03	-6.705081E-04
0.83666	-1.673170E-04	-9.070083E-03	 3.525706E-04	 7.189780E-03	-3.356272E-04	 7.843844E-03	-1.770763E-03	 8.262302E-04	-3.588912E-03	-2.918408E-03	-3.874870E-03	-3.074475E-03	-2.761928E-03	-1.923807E-03	-1.357040E-03	-7.473793E-04
0.83964	-1.579564E-05	-9.729306E-03	 6.553235E-04	 7.057443E-03	-1.603695E-04	 8.179013E-03	-1.664025E-03	 1.074478E-03	-3.572337E-03	-2.891393E-03	-3.967002E-03	-3.175994E-03	-2.900426E-03	-2.046150E-03	-1.469292E-03	-8.295935E-04
0.84261	 7.137912E-05	-1.062905E-02	 8.076490E-04	 6.798805E-03	-6.720330E-05	 8.489565E-03	-1.563811E-03	 1.349086E-03	-3.534107E-03	-2.835254E-03	-4.040170E-03	-3.262931E-03	-3.033202E-03	-2.167006E-03	-1.584272E-03	-9.160307E-04
0.84558	 1.618229E-04	-1.165981E-02	 9.395700E-04	 6.473235E-03	 1.208672E-05	 8.794100E-03	-1.459550E-03	 1.643493E-03	-3.484029E-03	-2.762104E-03	-4.105438E-03	-3.343881E-03	-3.165662E-03	-2.290933E-03	-1.704505E-03	-1.008736E-03
0.84853	 1.482447E-03	-1.329530E-02	 1.969247E-03	 6.052823E-03	 2.161673E-04	 9.032268E-03	-1.362941E-03	 1.902109E-03	-3.463606E-03	-2.713552E-03	-4.191979E-03	-3.441412E-03	-3.313138E-03	-2.427665E-03	-1.835526E-03	-1.110487E-03
0.85147	 1.633862E-03	-1.437610E-02	 2.241070E-03	 5.690107E-03	 3.728497E-04	 9.354500E-03	-1.233429E-03	 2.226946E-03	-3.403935E-03	-2.624537E-03	-4.258030E-03	-3.525033E-03	-3.458068E-03	-2.565089E-03	-1.972534E-03	-1.218895E-03
0.85440	 1.736542E-03	-1.563649E-02	 2.413519E-03	 5.217337E-03	 4.699199E-04	 9.653004E-03	-1.112874E-03	 2.575139E-03	-3.327489E-03	-2.507370E-03	-4.306980E-03	-3.593791E-03	-3.597566E-03	-2.701192E-03	-2.113031E-03	-1.332752E-03
0.85732	 1.886325E-03	-1.694333E-02	 2.666651E-03	 4.705562E-03	 6.022460E-04	 9.948585E-03	-9.833790E-04	 2.937611E-03	-3.244780E-03	-2.377536E-03	-4.352453E-03	-3.658963E-03	-3.738968E-03	-2.841956E-03	-2.260492E-03	-1.454869E-03
0.86023	 4.250804E-03	-1.929842E-02	 4.626999E-03	 4.040906E-03	 1.011406E-03	 1.011778E-02	-8.564664E-04	 3.216486E-03	-3.221069E-03	-2.305472E-03	-4.442379E-03	-3.759348E-03	-3.908410E-03	-3.005361E-03	-2.425263E-03	-1.590971E-03
0.86313	 4.518671E-03	-2.058512E-02	 5.165876E-03	 3.503457E-03	 1.309124E-03	 1.042801E-02	-6.775547E-04	 3.605237E-03	-3.126614E-03	-2.160824E-03	-4.489958E-03	-3.828484E-03	-4.065038E-03	-3.161975E-03	-2.593329E-03	-1.732986E-03
0.86603	 4.685148E-03	-2.218837E-02	 5.493345E-03	 2.767139E-03	 1.482293E-03	 1.067548E-02	-5.227137E-04	 4.018980E-03	-3.004994E-03	-1.969773E-03	-4.502848E-03	-3.865187E-03	-4.202949E-03	-3.306850E-03	-2.758522E-03	-1.877048E-03
0.86891	 4.881639E-03	-2.395362E-02	 5.846311E-03	 1.921947E-03	 1.660355E-03	 1.089056E-02	-3.623281E-04	 4.448064E-03	-2.867920E-03	-1.753083E-03	-4.499827E-03	-3.885771E-03	-4.333247E-03	-3.449014E-03	-2.926157E-03	-2.027356E-03
0.87178	 7.280526E-03	-2.684943E-02	 7.971198E-03	 8.774202E-04	 2.162642E-03	 1.096494E-02	-1.842921E-04	 4.789760E-03	-2.784173E-03	-1.594034E-03	-4.540589E-03	-3.941368E-03	-4.492126E-03	-3.614962E-03	-3.112799E-03	-2.193968E-03
0.87464	 7.592092E-03	-2.867825E-02	 8.609321E-03	-6.048262E-05	 2.520158E-03	 1.116245E-02	 3.735343E-05	 5.243360E-03	-2.624654E-03	-1.350711E-03	-4.528386E-03	-3.953693E-03	-4.629048E-03	-3.766343E-03	-3.298045E-03	-2.364063E-03
0.87750	 7.778095E-03	-3.084023E-02	 9.006493E-03	-1.235231E-03	 2.734720E-03	 1.126546E-02	 2.229763E-04	 5.710978E-03	-2.438294E-03	-1.054953E-03	-4.472688E-03	-3.921587E-03	-4.736611E-03	-3.895845E-03	-3.473118E-03	-2.531261E-03
0.88034	 8.008659E-03	-3.318232E-02	 9.449773E-03	-2.555497E-03	 2.961231E-03	 1.130052E-02	 4.123722E-04	 6.177853E-03	-2.234744E-03	-7.311385E-04	-4.392680E-03	-3.863094E-03	-4.826319E-03	-4.012463E-03	-3.642812E-03	-2.699064E-03
0.88318	 1.070074E-02	-3.683438E-02	 1.197170E-02	-4.140270E-03	 3.613415E-03	 1.114872E-02	 6.449854E-04	 6.526263E-03	-2.084984E-03	-4.788917E-04	-4.358827E-03	-3.842227E-03	-4.943537E-03	-4.151553E-03	-3.829648E-03	-2.882126E-03
0.88600	 1.106184E-02	-3.924056E-02	 1.274918E-02	-5.593246E-03	 4.063112E-03	 1.112329E-02	 9.131436E-04	 6.996077E-03	-1.852054E-03	-1.279837E-04	-4.260617E-03	-3.764800E-03	-5.028744E-03	-4.266385E-03	-4.008701E-03	-3.064293E-03
0.88882	 1.125276E-02	-4.199692E-02	 1.321869E-02	-7.320329E-03	 4.331008E-03	 1.096666E-02	 1.126075E-03	 7.462765E-03	-1.596684E-03	 2.777772E-04	-4.112033E-03	-3.631366E-03	-5.073631E-03	-4.347358E-03	-4.168263E-03	-3.236000E-03
0.89163	 1.152405E-02	-4.493127E-02	 1.379634E-02	-9.221421E-03	 4.646787E-03	 1.069319E-02	 1.355077E-03	 7.893826E-03	-1.318160E-03	 7.046262E-04	-3.927201E-03	-3.460904E-03	-5.084375E-03	-4.399164E-03	-4.307236E-03	-3.395587E-03
0.89443	 1.549516E-02	-4.986248E-02	 1.764865E-02	-1.152093E-02	 5.707622E-03	 1.013094E-02	 1.696612E-03	 8.114343E-03	-1.114622E-03	 9.928594E-04	-3.821409E-03	-3.364551E-03	-5.142262E-03	-4.489763E-03	-4.470920E-03	-3.575105E-03
0.89722	 1.596400E-02	-5.286240E-02	 1.872281E-02	-1.357202E-02	 6.372914E-03	 9.761491E-03	 2.060525E-03	 8.509590E-03	-7.964410E-04	 1.424222E-03	-3.619340E-03	-3.180462E-03	-5.145076E-03	-4.534970E-03	-4.612039E-03	-3.742415E-03
0.90000	 1.612448E-02	-5.649486E-02	 1.920801E-02	-1.605824E-02	 6.697791E-03	 9.177157E-03	 2.337594E-03	 8.882303E-03	-4.373126E-04	 1.931003E-03	-3.332263E-03	-2.906848E-03	-5.074807E-03	-4.517429E-03	-4.709816E-03	-3.880493E-03
0.90277	 1.632594E-02	-6.059060E-02	 1.965901E-02	-1.885167E-02	 7.002265E-03	 8.411548E-03	 2.659661E-03	 9.201148E-03	-1.070354E-05	 2.471330E-03	-2.970137E-03	-2.573672E-03	-4.942409E-03	-4.450308E-03	-4.768468E-03	-3.992231E-03
0.90554	 2.055436E-02	-6.698980E-02	 2.383143E-02	-2.214508E-02	 8.221504E-03	 7.315245E-03	 3.158534E-03	 9.270178E-03	 3.487088E-04	 2.837727E-03	-2.699981E-03	-2.338283E-03	-4.870296E-03	-4.435946E-03	-4.859787E-03	-4.129714E-03
0.90830	 2.102593E-02	-7.110001E-02	 2.491142E-02	-2.510916E-02	 8.920300E-03	 6.398626E-03	 3.606147E-03	 9.492111E-03	 7.924752E-04	 3.343061E-03	-2.332653E-03	-2.001823E-03	-4.725819E-03	-4.354286E-03	-4.906525E-03	-4.234760E-03
0.91104	 2.116573E-02	-7.562842E-02	 2.539714E-02	-2.847376E-02	 9.216439E-03	 5.200808E-03	 3.879357E-03	 9.608100E-03	 1.221448E-03	 3.881108E-03	-1.891488E-03	-1.574931E-03	-4.489600E-03	-4.183645E-03	-4.879238E-03	-4.279480E-03
0.91378	 2.159503E-02	-8.020612E-02	 2.634050E-02	-3.193614E-02	 9.760457E-03	 3.864649E-03	 4.252814E-03	 9.607698E-03	 1.682843E-03	 4.374406E-03	-1.420700E-03	-1.144597E-03	-4.220517E-03	-3.984041E-03	-4.820890E-03	-4.294968E-03
0.91652	 3.120602E-02	-8.973710E-02	 3.624558E-02	-3.627819E-02	 1.279258E-02	 1.971497E-03	 5.229326E-03	 9.079090E-03	 2.034456E-03	 4.402349E-03	-1.213834E-03	-1.036954E-03	-4.166044E-03	-3.990585E-03	-4.899163E-03	-4.420135E-03
0.91924	 3.227565E-02	-9.395158E-02	 3.866799E-02	-3.963681E-02	 1.441526E-02	 6.059857E-04	 6.087110E-03	 8.952843E-03	 2.618681E-03	 4.761249E-03	-7.612961E-04	-6.973690E-04	-3.933925E-03	-3.843761E-03	-4.863208E-03	-4.464232E-03
0.92195	 3.250784E-02	-9.945105E-02	 3.941606E-02	-4.389635E-02	 1.493394E-02	-1.298820E-03	 6.511499E-03	 8.655305E-03	 3.158174E-03	 5.188631E-03	-1.735472E-04	-1.845807E-04	-3.525468E-03	-3.525604E-03	-4.676016E-03	-4.382443E-03
0.92466	 3.241171E-02	-1.062583E-01	 3.914016E-02	-4.897353E-02	 1.466116E-02	-3.710936E-03	 6.623982E-03	 8.158396E-03	 3.662941E-03	 5.631473E-03	 5.201266E-04	 4.487777E-04	-2.970978E-03	-3.066727E-03	-4.355869E-03	-4.183981E-03
0.92736	 2.999038E-02	-1.123829E-01	 3.632599E-02	-5.425883E-02	 1.349535E-02	-6.341099E-03	 6.447162E-03	 7.570148E-03	 4.145919E-03	 6.119030E-03	 1.315062E-03	 1.196099E-03	-2.278932E-03	-2.471110E-03	-3.903604E-03	-3.865633E-03
0.93005	 2.956948E-02	-1.203566E-01	 3.523018E-02	-6.026561E-02	 1.254569E-02	-9.459472E-03	 6.182212E-03	 6.650165E-03	 4.502625E-03	 6.423980E-03	 2.052350E-03	 1.888743E-03	-1.573871E-03	-1.851859E-03	-3.399375E-03	-3.487943E-03
0.93274	 2.902878E-02	-1.286831E-01	 3.414223E-02	-6.665826E-02	 1.166547E-02	-1.279436E-02	 5.908807E-03	 5.615165E-03	 4.826417E-03	 6.667316E-03	 2.772327E-03	 2.560915E-03	-8.622665E-04	-1.221614E-03	-2.870914E-03	-3.081642E-03
0.93541	 2.862165E-02	-1.384074E-01	 3.298715E-02	-7.397194E-02	 1.056514E-02	-1.656907E-02	 5.486095E-03	 4.448080E-03	 5.094470E-03	 6.898391E-03	 3.500084E-03	 3.270587E-03	-1.163099E-04	-5.508675E-04	-2.305692E-03	-2.642602E-03
0.93808	 2.309348E-02	-1.464925E-01	 2.637837E-02	-8.174862E-02	 7.595218E-03	-2.061422E-02	 4.394486E-03	 3.340512E-03	 5.265937E-03	 7.358981E-03	 4.369651E-03	 4.225342E-03	 8.144705E-04	 3.276663E-04	-1.582688E-03	-2.056393E-03
0.94074	 2.231384E-02	-1.584890E-01	 2.435052E-02	-9.108760E-02	 5.617832E-03	-2.562105E-02	 3.301053E-03	 1.648892E-03	 5.193753E-03	 7.462761E-03	 5.047895E-03	 5.002074E-03	 1.658238E-03	 1.146520E-03	-8.771216E-04	-1.456775E-03
0.94340	 2.162377E-02	-1.697694E-01	 2.302311E-02	-1.005028E-01	 4.246045E-03	-3.090875E-02	 2.309731E-03	-3.444592E-04	 5.007458E-03	 7.323796E-03	 5.597486E-03	 5.631559E-03	 2.439104E-03	 1.920916E-03	-1.663165E-04	-8.320668E-04
0.94604	 2.134807E-02	-1.811101E-01	 2.234623E-02	-1.102998E-01	 3.160616E-03	-3.666406E-02	 1.256975E-03	-2.734415E-03	 4.657573E-03	 6.911025E-03	 6.018239E-03	 6.130882E-03	 3.178633E-03	 2.674971E-03	 5.776379E-04	-1.639624E-04
0.94868	 1.875330E-02	-1.919290E-01	 1.920753E-02	-1.208318E-01	 1.197070E-03	-4.304077E-02	-2.668807E-04	-5.440338E-03	 4.096986E-03	 6.400487E-03	 6.405469E-03	 6.659055E-03	 3.984356E-03	 3.529284E-03	 1.436630E-03	 6.262954E-04
0.95131	 1.825715E-02	-2.059712E-01	 1.824864E-02	-1.335358E-01	-2.058853E-04	-5.074587E-02	-1.871014E-03	-8.758309E-03	 3.319272E-03	 5.602700E-03	 6.635403E-03	 7.056026E-03	 4.711313E-03	 4.335594E-03	 2.270066E-03	 1.417631E-03
0.95394	 1.747088E-02	-2.210466E-01	 1.725392E-02	-1.478609E-01	-1.409302E-03	-5.968904E-02	-3.564309E-03	-1.270874E-02	 2.368018E-03	 4.503646E-03	 6.740428E-03	 7.327041E-03	 5.389059E-03	 5.118974E-03	 3.119904E-03	 2.242255E-03
0.95656	 1.627324E-02	-2.364433E-01	 1.526986E-02	-1.631627E-01	-3.428860E-03	-6.988358E-02	-5.942496E-03	-1.759884E-02	 9.298657E-04	 2.840318E-03	 6.590924E-03	 7.394380E-03	 6.033648E-03	 5.939568E-03	 4.106828E-03	 3.222784E-03
0.95917	 1.851015E-03	-2.423112E-01	-1.921453E-03	-1.764797E-01	-1.125936E-02	-8.012575E-02	-1.094666E-02	-2.284080E-02	-1.608585E-03	 1.100763E-03	 6.160551E-03	 7.630026E-03	 6.808158E-03	 7.128563E-03	 5.454759E-03	 4.639887E-03
0.96177	-9.628203E-04	-2.534992E-01	-6.644696E-03	-1.910961E-01	-1.519226E-02	-9.178788E-02	-1.518994E-02	-2.942097E-02	-4.654479E-03	-1.823530E-03	 4.937404E-03	 6.909877E-03	 6.904997E-03	 7.666813E-03	 6.339058E-03	 5.710299E-03
0.96437	-2.611757E-03	-2.593322E-01	-8.173309E-03	-2.032461E-01	-1.616827E-02	-1.027782E-01	-1.807034E-02	-3.610802E-02	-7.506442E-03	-5.207475E-03	 3.357046E-03	 5.563392E-03	 6.470155E-03	 7.616035E-03	 6.738141E-03	 6.328352E-03
0.96695	-2.918515E-03	-2.589944E-01	-6.626907E-03	-2.120827E-01	-1.442156E-02	-1.126805E-01	-1.963812E-02	-4.277063E-02	-1.015074E-02	-9.031172E-03	 1.420291E-03	 3.596271E-03	 5.480586E-03	 6.957373E-03	 6.613449E-03	 6.446086E-03
0.96954	 4.736779E-03	-2.553326E-01	 5.467158E-03	-2.174166E-01	-7.122177E-03	-1.211714E-01	-1.859210E-02	-4.927198E-02	-1.207905E-02	-1.338985E-02	-7.930321E-04	 7.957150E-04	 3.798908E-03	 5.420287E-03	 5.717921E-03	 5.781754E-03
0.97211	 5.892563E-03	-2.357895E-01	 1.163323E-02	-2.145883E-01	 2.293645E-04	-1.259303E-01	-1.672304E-02	-5.415395E-02	-1.361284E-02	-1.723371E-02	-3.064899E-03	-2.097078E-03	 1.715272E-03	 3.526782E-03	 4.288320E-03	 4.629264E-03
0.97468	 7.598565E-03	-2.036574E-01	 1.911352E-02	-2.036349E-01	 9.625605E-03	-1.268937E-01	-1.347358E-02	-5.733413E-02	-1.475548E-02	-2.056599E-02	-5.545689E-03	-5.189078E-03	-9.663467E-04	 1.115892E-03	 2.061565E-03	 2.805363E-03
0.97724	 8.335456E-03	-1.517192E-01	 2.665136E-02	-1.799194E-01	 2.153027E-02	-1.213812E-01	-8.052058E-03	-5.719724E-02	-1.496855E-02	-2.243082E-02	-7.955033E-03	-8.043604E-03	-4.209771E-03	-1.717515E-03	-1.161890E-03	 1.777125E-04
0.97980	 2.847597E-03	-6.232719E-02	 2.848600E-02	-1.315390E-01	 3.487408E-02	-1.020858E-01	 7.696774E-06	-4.958506E-02	-1.365164E-02	-2.051954E-02	-9.941973E-03	-9.550490E-03	-7.962135E-03	-4.583883E-03	-5.645902E-03	-3.301281E-03
0.98234	 7.508451E-03	 7.891117E-02	 4.714612E-02	-4.198043E-02	 6.220181E-02	-5.663613E-02	 1.848270E-02	-2.683524E-02	-6.439812E-03	-1.071198E-02	-9.587938E-03	-8.037075E-03	-1.184885E-02	-7.398497E-03	-1.209556E-02	-8.413414E-03
0.98489	 2.474703E-02	 3.108333E-01	 9.096579E-02	 1.185262E-01	 1.140930E-01	 3.589858E-02	 5.640683E-02	 2.496026E-02	 1.300970E-02	 1.547829E-02	-3.191425E-03	 1.060632E-03	-1.432378E-02	-8.325583E-03	-2.063493E-02	-1.514469E-02
0.98742	 5.000062E-02	 7.068870E-01	 1.601892E-01	 4.044484E-01	 1.999422E-01	 2.129390E-01	 1.242022E-01	 1.309337E-01	 5.306499E-02	 7.400237E-02	 1.480199E-02	 2.697504E-02	-1.258699E-02	-2.805030E-03	-3.085496E-02	-2.212590E-02
0.98995	 1.070187E-01	 1.400760E+00	 2.975105E-01	 9.257403E-01	 3.569361E-01	 5.534994E-01	 2.520437E-01	 3.446516E-01	 1.352139E-01	 1.987860E-01	 5.761256E-02	 8.914125E-02	-2.825127E-04	 1.839734E-02	-4.189901E-02	-2.693810E-02
0.99247	 1.972543E-01	 2.701485E+00	 5.291321E-01	 1.921107E+00	 6.345967E-01	 1.227020E+00	 4.902282E-01	 7.821198E-01	 2.995721E-01	 4.654286E-01	 1.521165E-01	 2.330222E-01	 3.730698E-02	 7.923464E-02	-4.937177E-02	-2.036622E-02
0.99499	 3.631581E-01	 5.128047E+00	 9.500033E-01	 3.812595E+00	 1.139957E+00	 2.545404E+00	 9.401263E-01	 1.663855E+00	 6.262108E-01	 1.022985E+00	 3.525918E-01	 5.524986E-01	 1.325252E-01	 2.325567E-01	-3.943762E-02	 2.187547E-02
0.99750	 5.854227E-01	 8.654593E+00	 1.519429E+00	 6.626802E+00	 1.848647E+00	 4.577442E+00	 1.609006E+00	 3.077393E+00	 1.146385E+00	 1.962558E+00	 6.995740E-01	 1.132362E+00	 3.283467E-01	 5.491807E-01	 2.952637E-02	 1.553293E-01
1.00000	 8.291231E-01	 1.232524E+01	 2.123006E+00	 9.614702E+00	 2.596231E+00	 6.780504E+00	 2.328295E+00	 4.644493E+00	 1.723540E+00	 3.030757E+00	 1.099370E+00	 1.814086E+00	 5.682941E-01	 9.406170E-01	 1.319197E-01	 3.396287E-01
