r	   0/   0	   1/   0	   2/   0	   3/   0	   4/   0	   5/   0	   6/   0	   7/   0	   8/   0	   9/   0	  10/   0	  11/   0	  12/   0	  13/   0	  14/   0	  15/   0
0.07071	 0.000000E+00	-7.886607E-05	 9.997792E-04	 1.757230E-04	-2.656002E-05	-1.781423E-05	 1.063651E-05	 9.622459E-06	 1.687770E-05	 4.916231E-06	-7.724918E-07	 8.880474E-08	-2.024791E-07	 8.454940E-08	 8.350250E-08	 1.128255E-08
0.10000	 0.000000E+00	-1.147657E-04	 1.253503E-03	 2.112839E-04	-5.342970E-05	-2.333912E-05	 2.828349E-05	 1.802002E-05	 2.621177E-05	 7.863260E-06	-1.191526E-06	 4.919708E-09	-1.328486E-07	 1.580806E-07	 1.548738E-07	 3.588743E-08
0.12247	 0.000000E+00	-1.418903E-04	 1.184987E-03	 2.489215E-04	-2.744232E-05	-2.076867E-05	 3.372368E-05	 2.037273E-05	 2.344176E-05	 8.231207E-06	-1.180650E-06	 2.452773E-08	 1.778068E-07	 2.117865E-07	 1.410589E-07	 2.964909E-08
0.14142	 0.000000E+00	-1.643950E-04	 1.146165E-03	 2.845235E-04	 4.927537E-06	-1.025104E-05	 3.765785E-05	 1.877199E-05	 1.779902E-05	 6.820158E-06	-1.331804E-06	 8.602343E-08	 4.627760E-07	 2.484756E-07	 7.300103E-08	 1.362124E-08
0.15811	 0.000000E+00	-1.844357E-04	 1.116303E-03	 3.179302E-04	 3.971430E-05	 7.555267E-07	 3.844367E-05	 1.731864E-05	 1.279068E-05	 5.218187E-06	-1.206722E-06	 3.735577E-08	 5.876055E-07	 2.962367E-07	 2.381898E-08	 8.306630E-09
0.17321	 0.000000E+00	-2.027734E-04	 1.090000E-03	 3.478085E-04	 7.390910E-05	 1.153774E-05	 3.754044E-05	 1.620386E-05	 9.104989E-06	 4.003565E-06	-8.306814E-07	-1.415301E-08	 5.719081E-07	 3.147413E-07	 7.132079E-10	 3.818865E-09
0.18708	 0.000000E+00	-2.195164E-04	 1.065794E-03	 3.736415E-04	 1.059173E-04	 2.205072E-05	 3.630420E-05	 1.556403E-05	 6.781441E-06	 3.201317E-06	-3.761128E-07	-1.294328E-08	 4.880209E-07	 3.083759E-07	-4.718401E-10	-3.033420E-10
0.20000	 0.000000E+00	-2.345748E-04	 1.043377E-03	 3.955553E-04	 1.351870E-04	 3.235617E-05	 3.549722E-05	 1.538661E-05	 5.583826E-06	 2.758423E-06	 4.993814E-08	 3.577295E-08	 3.890922E-07	 2.884420E-07	 1.279040E-08	-1.311507E-09
0.21213	 0.000000E+00	-2.478431E-04	 1.022801E-03	 4.140477E-04	 1.617504E-04	 4.245413E-05	 3.542407E-05	 1.560373E-05	 5.184377E-06	 2.587171E-06	 4.061095E-07	 1.126831E-07	 3.046983E-07	 2.638605E-07	 3.251289E-08	 9.692773E-10
0.22361	 0.000000E+00	-2.592937E-04	 1.004198E-03	 4.297136E-04	 1.859130E-04	 5.238233E-05	 3.615193E-05	 1.608437E-05	 5.255975E-06	 2.586774E-06	 6.800989E-07	 1.988320E-07	 2.459025E-07	 2.398699E-07	 5.162142E-08	 4.700692E-09
0.23452	 0.000000E+00	-2.690318E-04	 9.875081E-04	 4.431635E-04	 2.081077E-04	 6.218114E-05	 3.761458E-05	 1.671314E-05	 5.546922E-06	 2.668345E-06	 8.752799E-07	 2.802339E-07	 2.116068E-07	 2.193398E-07	 6.617955E-08	 8.079891E-09
0.24495	 0.000000E+00	-2.772898E-04	 9.724641E-04	 4.549291E-04	 2.287867E-04	 7.191853E-05	 3.970654E-05	 1.740610E-05	 5.893598E-06	 2.771963E-06	 1.003143E-06	 3.479074E-07	 1.953669E-07	 2.033576E-07	 7.467795E-08	 9.732641E-09
0.25495	 0.000000E+00	-2.843944E-04	 9.587061E-04	 4.654130E-04	 2.483466E-04	 8.167091E-05	 4.232224E-05	 1.812762E-05	 6.217371E-06	 2.868951E-06	 1.080204E-06	 3.981935E-07	 1.902174E-07	 1.922444E-07	 7.752397E-08	 9.050799E-09
0.26458	 0.000000E+00	-2.906839E-04	 9.458783E-04	 4.748916E-04	 2.670950E-04	 9.146761E-05	 4.535253E-05	 1.890540E-05	 6.510977E-06	 2.951176E-06	 1.126248E-06	 4.343987E-07	 1.909012E-07	 1.856197E-07	 7.688284E-08	 6.771855E-09
0.27386	 0.000000E+00	-2.964306E-04	 9.336538E-04	 4.835300E-04	 2.852437E-04	 1.013259E-04	 4.871339E-05	 1.977769E-05	 6.792280E-06	 3.021480E-06	 1.157426E-06	 4.612463E-07	 1.941092E-07	 1.824736E-07	 7.466127E-08	 3.742257E-09
0.28284	 0.000000E+00	-3.018267E-04	 9.218121E-04	 4.914126E-04	 3.029189E-04	 1.112613E-04	 5.234892E-05	 2.077186E-05	 7.084163E-06	 3.088250E-06	 1.184810E-06	 4.824116E-07	 1.982099E-07	 1.819748E-07	 7.213041E-08	 4.835841E-10
0.29155	 0.000000E+00	-3.069724E-04	 9.102376E-04	 4.986012E-04	 3.202005E-04	 1.212661E-04	 5.621253E-05	 2.191440E-05	 7.410572E-06	 3.157201E-06	 1.215351E-06	 5.024093E-07	 2.027821E-07	 1.830730E-07	 7.028350E-08	-2.289934E-09
0.30000	 0.000000E+00	-3.118900E-04	 8.989083E-04	 5.051511E-04	 3.371379E-04	 1.313241E-04	 6.026877E-05	 2.321310E-05	 7.784806E-06	 3.231533E-06	 1.251796E-06	 5.244728E-07	 2.078531E-07	 1.846338E-07	 6.947742E-08	-4.064772E-09
0.30822	 0.000000E+00	-3.165694E-04	 8.878597E-04	 5.111133E-04	 3.537584E-04	 1.414293E-04	 6.449923E-05	 2.465192E-05	 8.206179E-06	 3.314641E-06	 1.294028E-06	 5.486165E-07	 2.132532E-07	 1.861631E-07	 6.949280E-08	-4.970306E-09
0.31623	 0.000000E+00	-3.209941E-04	 8.771218E-04	 5.165440E-04	 3.700852E-04	 1.515806E-04	 6.889354E-05	 2.621029E-05	 8.669896E-06	 3.409085E-06	 1.340827E-06	 5.737484E-07	 2.188296E-07	 1.876359E-07	 6.999655E-08	-5.367599E-09
0.32404	 0.000000E+00	-3.251497E-04	 8.667187E-04	 5.215005E-04	 3.861397E-04	 1.617708E-04	 7.344111E-05	 2.787420E-05	 9.172600E-06	 3.515206E-06	 1.390928E-06	 5.997225E-07	 2.246786E-07	 1.889312E-07	 7.077234E-08	-5.377318E-09
0.33166	 0.000000E+00	-3.290272E-04	 8.566650E-04	 5.260333E-04	 4.019415E-04	 1.719955E-04	 7.813548E-05	 2.963107E-05	 9.710026E-06	 3.633119E-06	 1.443361E-06	 6.261397E-07	 2.307560E-07	 1.900212E-07	 7.161829E-08	-5.150418E-09
0.33912	 0.000000E+00	-3.326216E-04	 8.469506E-04	 5.301899E-04	 4.175101E-04	 1.822565E-04	 8.297491E-05	 3.147309E-05	 1.027907E-05	 3.763046E-06	 1.497359E-06	 6.522158E-07	 2.368573E-07	 1.910525E-07	 7.232660E-08	-4.967696E-09
0.34641	 0.000000E+00	-3.360186E-04	 8.377736E-04	 5.339495E-04	 4.327790E-04	 1.925345E-04	 8.796882E-05	 3.338964E-05	 1.087292E-05	 3.908054E-06	 1.554333E-06	 6.765791E-07	 2.426922E-07	 1.927760E-07	 7.305165E-08	-5.213402E-09
0.35355	 0.000000E+00	-3.392385E-04	 8.290908E-04	 5.373456E-04	 4.477724E-04	 2.028377E-04	 9.311851E-05	 3.538862E-05	 1.149562E-05	 4.067374E-06	 1.614514E-06	 7.000733E-07	 2.483457E-07	 1.949961E-07	 7.387354E-08	-5.781867E-09
0.36056	 0.000000E+00	-3.422645E-04	 8.206315E-04	 5.404470E-04	 4.625993E-04	 2.132100E-04	 9.842506E-05	 3.748911E-05	 1.216026E-05	 4.240095E-06	 1.677275E-06	 7.243072E-07	 2.542987E-07	 1.972911E-07	 7.476116E-08	-6.401483E-09
0.36742	 0.000000E+00	-3.451911E-04	 8.123520E-04	 5.432509E-04	 4.772860E-04	 2.236781E-04	 1.039057E-04	 3.969998E-05	 1.287339E-05	 4.429778E-06	 1.743882E-06	 7.495552E-07	 2.609482E-07	 2.000560E-07	 7.587879E-08	-7.053210E-09
0.37417	 0.000000E+00	-3.481038E-04	 8.043087E-04	 5.457505E-04	 4.918279E-04	 2.342492E-04	 1.095762E-04	 4.202875E-05	 1.363846E-05	 4.638723E-06	 1.815627E-06	 7.761996E-07	 2.685489E-07	 2.035201E-07	 7.737425E-08	-7.684573E-09
0.38079	 0.000000E+00	-3.510155E-04	 7.964989E-04	 5.479637E-04	 5.062406E-04	 2.449299E-04	 1.154414E-04	 4.448243E-05	 1.446069E-05	 4.868226E-06	 1.892822E-06	 8.047638E-07	 2.774858E-07	 2.077023E-07	 7.925755E-08	-8.192329E-09
0.38730	 0.000000E+00	-3.538939E-04	 7.888546E-04	 5.499237E-04	 5.205602E-04	 2.557301E-04	 1.214989E-04	 4.706737E-05	 1.534645E-05	 5.118965E-06	 1.975176E-06	 8.358690E-07	 2.882108E-07	 2.125161E-07	 8.146295E-08	-8.431279E-09
0.39370	 0.000000E+00	-3.567207E-04	 7.814015E-04	 5.516530E-04	 5.347945E-04	 2.666449E-04	 1.277464E-04	 4.978470E-05	 1.629741E-05	 5.391324E-06	 2.062786E-06	 8.697522E-07	 3.008967E-07	 2.179536E-07	 8.395978E-08	-8.323113E-09
0.40000	 0.000000E+00	-3.595187E-04	 7.743342E-04	 5.531524E-04	 5.488967E-04	 2.776450E-04	 1.341852E-04	 5.262758E-05	 1.730639E-05	 5.685338E-06	 2.156688E-06	 9.056036E-07	 3.150194E-07	 2.242550E-07	 8.689950E-08	-8.006345E-09
0.40620	 0.000000E+00	-3.622507E-04	 7.677076E-04	 5.544739E-04	 5.629007E-04	 2.887348E-04	 1.408147E-04	 5.559652E-05	 1.837290E-05	 5.999964E-06	 2.256568E-06	 9.432997E-07	 3.302929E-07	 2.312177E-07	 9.029271E-08	-7.435209E-09
0.41231	 0.000000E+00	-3.648699E-04	 7.614156E-04	 5.556935E-04	 5.769142E-04	 2.999596E-04	 1.476421E-04	 5.870107E-05	 1.950443E-05	 6.335337E-06	 2.361371E-06	 9.830404E-07	 3.468277E-07	 2.386042E-07	 9.403609E-08	-6.504178E-09
0.41833	 0.000000E+00	-3.674368E-04	 7.554748E-04	 5.568352E-04	 5.909875E-04	 3.113527E-04	 1.546908E-04	 6.194903E-05	 2.070367E-05	 6.693591E-06	 2.471633E-06	 1.024200E-06	 3.643854E-07	 2.466691E-07	 9.822904E-08	-5.307354E-09
0.42426	 0.000000E+00	-3.700273E-04	 7.499820E-04	 5.579133E-04	 6.051442E-04	 3.229348E-04	 1.619884E-04	 6.534984E-05	 2.197159E-05	 7.076369E-06	 2.588358E-06	 1.066267E-06	 3.825208E-07	 2.555621E-07	 1.030316E-07	-3.907768E-09
0.43012	 0.000000E+00	-3.726685E-04	 7.449556E-04	 5.589579E-04	 6.194373E-04	 3.347394E-04	 1.695588E-04	 6.891705E-05	 2.331465E-05	 7.485748E-06	 2.711795E-06	 1.109131E-06	 4.011791E-07	 2.652668E-07	 1.084573E-07	-2.273574E-09
0.43589	 0.000000E+00	-3.753710E-04	 7.403217E-04	 5.599992E-04	 6.339441E-04	 3.468157E-04	 1.774275E-04	 7.266957E-05	 2.474462E-05	 7.924782E-06	 2.841904E-06	 1.153021E-06	 4.205963E-07	 2.757130E-07	 1.144488E-07	-2.931331E-10
0.44159	 0.000000E+00	-3.781883E-04	 7.360642E-04	 5.610353E-04	 6.487006E-04	 3.591976E-04	 1.856253E-04	 7.662579E-05	 2.627089E-05	 8.397248E-06	 2.979550E-06	 1.197872E-06	 4.407528E-07	 2.870104E-07	 1.210528E-07	 2.064545E-09
0.44721	 0.000000E+00	-3.811878E-04	 7.322455E-04	 5.620461E-04	 6.637017E-04	 3.718986E-04	 1.941836E-04	 8.080261E-05	 2.789932E-05	 8.906673E-06	 3.126430E-06	 1.243384E-06	 4.611879E-07	 2.992798E-07	 1.284534E-07	 4.773177E-09
0.45277	 0.000000E+00	-3.843870E-04	 7.288518E-04	 5.630310E-04	 6.789759E-04	 3.849472E-04	 2.031307E-04	 8.522130E-05	 2.964184E-05	 9.457301E-06	 3.283555E-06	 1.289737E-06	 4.818581E-07	 3.124490E-07	 1.367002E-07	 7.941570E-09
0.45826	 0.000000E+00	-3.877846E-04	 7.257776E-04	 5.639907E-04	 6.945761E-04	 3.983860E-04	 2.124944E-04	 8.990696E-05	 3.151571E-05	 1.005464E-05	 3.451523E-06	 1.337400E-06	 5.031252E-07	 3.264226E-07	 1.457146E-07	 1.174623E-08
0.46368	 0.000000E+00	-3.914264E-04	 7.229810E-04	 5.648957E-04	 7.105084E-04	 4.122357E-04	 2.223042E-04	 9.488167E-05	 3.353400E-05	 1.070449E-05	 3.631956E-06	 1.386420E-06	 5.249230E-07	 3.412636E-07	 1.555421E-07	 1.625235E-08
0.46904	 0.000000E+00	-3.953578E-04	 7.204889E-04	 5.657122E-04	 7.267497E-04	 4.264970E-04	 2.325855E-04	 1.001645E-04	 3.570645E-05	 1.141196E-05	 3.826973E-06	 1.436773E-06	 5.468438E-07	 3.569404E-07	 1.662878E-07	 2.150394E-08
0.47434	 0.000000E+00	-3.995816E-04	 7.182877E-04	 5.664300E-04	 7.433116E-04	 4.411861E-04	 2.433632E-04	 1.057778E-04	 3.804720E-05	 1.218294E-05	 4.038306E-06	 1.488693E-06	 5.686892E-07	 3.732764E-07	 1.779641E-07	 2.762567E-08
0.47958	 0.000000E+00	-4.040901E-04	 7.163094E-04	 5.670492E-04	 7.602387E-04	 4.563401E-04	 2.546684E-04	 1.117494E-04	 4.057566E-05	 1.302494E-05	 4.267565E-06	 1.542547E-06	 5.904660E-07	 3.900554E-07	 1.904983E-07	 3.478783E-08
0.48477	 0.000000E+00	-4.089116E-04	 7.145345E-04	 5.675511E-04	 7.775450E-04	 4.719807E-04	 2.665344E-04	 1.181056E-04	 4.330850E-05	 1.394582E-05	 4.517139E-06	 1.598345E-06	 6.118103E-07	 4.071525E-07	 2.038918E-07	 4.305635E-08
0.48990	 0.000000E+00	-4.140675E-04	 7.129908E-04	 5.679145E-04	 7.952170E-04	 4.881069E-04	 2.789850E-04	 1.248674E-04	 4.625900E-05	 1.495268E-05	 4.789618E-06	 1.656034E-06	 6.321621E-07	 4.243466E-07	 2.181176E-07	 5.245123E-08
0.49497	 0.000000E+00	-4.195418E-04	 7.116741E-04	 5.681307E-04	 8.132539E-04	 5.047184E-04	 2.920352E-04	 1.320530E-04	 4.944184E-05	 1.605283E-05	 5.087212E-06	 1.715706E-06	 6.511480E-07	 4.412979E-07	 2.330233E-07	 6.302531E-08
0.50000	 0.000000E+00	-4.253101E-04	 7.105366E-04	 5.681940E-04	 8.316720E-04	 5.218270E-04	 3.057026E-04	 1.396835E-04	 5.287488E-05	 1.725496E-05	 5.412299E-06	 1.777470E-06	 6.683866E-07	 4.576365E-07	 2.484176E-07	 7.483067E-08
0.50498	 0.000000E+00	-4.313760E-04	 7.095621E-04	 5.680854E-04	 8.504672E-04	 5.394341E-04	 3.200068E-04	 1.477796E-04	 5.657455E-05	 1.856808E-05	 5.768071E-06	 1.841395E-06	 6.831744E-07	 4.729482E-07	 2.641512E-07	 8.786658E-08
0.50990	 0.000000E+00	-4.377488E-04	 7.087807E-04	 5.677826E-04	 8.696152E-04	 5.575264E-04	 3.349649E-04	 1.563604E-04	 6.055509E-05	 2.000097E-05	 6.158367E-06	 1.907570E-06	 6.944785E-07	 4.866834E-07	 2.800984E-07	 1.020856E-07
0.51478	 0.000000E+00	-4.444083E-04	 7.081857E-04	 5.672735E-04	 8.891072E-04	 5.760965E-04	 3.505883E-04	 1.654443E-04	 6.483377E-05	 2.156361E-05	 6.586897E-06	 1.976368E-06	 7.016526E-07	 4.982344E-07	 2.959655E-07	 1.174548E-07
0.51962	 0.000000E+00	-4.513299E-04	 7.077175E-04	 5.665422E-04	 9.089434E-04	 5.951443E-04	 3.668876E-04	 1.750506E-04	 6.943094E-05	 2.326750E-05	 7.057642E-06	 2.048415E-06	 7.042830E-07	 5.069829E-07	 3.113469E-07	 1.339368E-07
0.52440	 0.000000E+00	-4.585251E-04	 7.073399E-04	 5.655535E-04	 9.290970E-04	 6.146556E-04	 3.838735E-04	 1.851977E-04	 7.436463E-05	 2.512436E-05	 7.575673E-06	 2.124384E-06	 7.015763E-07	 5.122644E-07	 3.258986E-07	 1.514156E-07
0.52915	 0.000000E+00	-4.660022E-04	 7.070366E-04	 5.642753E-04	 9.495391E-04	 6.346138E-04	 4.015571E-04	 1.959049E-04	 7.965372E-05	 2.714664E-05	 8.146845E-06	 2.205342E-06	 6.926595E-07	 5.132329E-07	 3.392243E-07	 1.697839E-07
0.53385	 0.000000E+00	-4.737580E-04	 7.067849E-04	 5.626797E-04	 9.702478E-04	 6.550064E-04	 4.199503E-04	 2.071934E-04	 8.532000E-05	 2.934862E-05	 8.777737E-06	 2.292723E-06	 6.768655E-07	 5.090274E-07	 3.508307E-07	 1.888924E-07
0.53852	 0.000000E+00	-4.817870E-04	 7.065457E-04	 5.607360E-04	 9.912019E-04	 6.758223E-04	 4.390637E-04	 2.190853E-04	 9.138754E-05	 3.174620E-05	 9.475722E-06	 2.388452E-06	 6.537819E-07	 4.987562E-07	 3.601136E-07	 2.085699E-07
0.54314	 0.000000E+00	-4.900921E-04	 7.062904E-04	 5.584084E-04	 1.012371E-03	 6.970439E-04	 4.589065E-04	 2.316021E-04	 9.788044E-05	 3.435620E-05	 1.024921E-05	 2.494865E-06	 6.229916E-07	 4.814799E-07	 3.664212E-07	 2.285819E-07
0.54772	 0.000000E+00	-4.986787E-04	 7.060113E-04	 5.556610E-04	 1.033715E-03	 7.186449E-04	 4.794846E-04	 2.447637E-04	 1.048219E-04	 3.719587E-05	 1.110757E-05	 2.614800E-06	 5.840770E-07	 4.561335E-07	 3.690412E-07	 2.486478E-07
0.55227	 0.000000E+00	-5.075416E-04	 7.056898E-04	 5.524649E-04	 1.055208E-03	 7.406063E-04	 5.008050E-04	 2.585912E-04	 1.122379E-04	 4.028422E-05	 1.206099E-05	 2.751614E-06	 5.369157E-07	 4.216267E-07	 3.671192E-07	 2.684212E-07
0.55678	 0.000000E+00	-5.166748E-04	 7.052854E-04	 5.487897E-04	 1.076826E-03	 7.629127E-04	 5.228746E-04	 2.731066E-04	 1.201564E-04	 4.364196E-05	 1.312062E-05	 2.909287E-06	 4.817255E-07	 3.769053E-07	 3.596842E-07	 2.874790E-07
0.56125	 0.000000E+00	-5.260910E-04	 7.047673E-04	 5.445979E-04	 1.098537E-03	 7.855436E-04	 5.457019E-04	 2.883326E-04	 1.286054E-04	 4.729083E-05	 1.429899E-05	 3.092332E-06	 4.186711E-07	 3.208011E-07	 3.457161E-07	 3.053158E-07
0.56569	 0.000000E+00	-5.357916E-04	 7.040998E-04	 5.398551E-04	 1.120309E-03	 8.084742E-04	 5.692886E-04	 3.042882E-04	 1.376127E-04	 5.125341E-05	 1.560945E-05	 3.306015E-06	 3.484395E-07	 2.522937E-07	 3.240616E-07	 3.212918E-07
0.57009	 0.000000E+00	-5.457784E-04	 7.032592E-04	 5.345282E-04	 1.142104E-03	 8.316751E-04	 5.936331E-04	 3.209904E-04	 1.472053E-04	 5.555275E-05	 1.706655E-05	 3.556458E-06	 2.719619E-07	 1.703085E-07	 2.934953E-07	 3.347089E-07
0.57446	 0.000000E+00	-5.560550E-04	 7.022391E-04	 5.285899E-04	 1.163895E-03	 8.551228E-04	 6.187417E-04	 3.384612E-04	 1.574129E-04	 6.021392E-05	 1.868632E-05	 3.850478E-06	 1.902378E-07	 7.361046E-08	 2.526699E-07	 3.447654E-07
0.57879	 0.000000E+00	-5.666186E-04	 7.010261E-04	 5.220157E-04	 1.185654E-03	 8.787910E-04	 6.446148E-04	 3.567188E-04	 1.682652E-04	 6.526280E-05	 2.048564E-05	 4.195656E-06	 1.049133E-07	-3.879565E-08	 2.001206E-07	 3.504716E-07
0.58310	 0.000000E+00	-5.774579E-04	 6.995880E-04	 5.147816E-04	 1.207353E-03	 9.026516E-04	 6.712452E-04	 3.757762E-04	 1.797899E-04	 7.072537E-05	 2.248208E-05	 4.600506E-06	 1.835427E-08	-1.676638E-07	 1.343015E-07	 3.507358E-07
0.58737	 0.000000E+00	-5.885726E-04	 6.979113E-04	 5.068638E-04	 1.228965E-03	 9.266749E-04	 6.986295E-04	 3.956481E-04	 1.920152E-04	 7.662845E-05	 2.469467E-05	 5.074366E-06	-6.700722E-08	-3.138718E-07	 5.359529E-08	 3.443477E-07
0.59161	 0.000000E+00	-5.999629E-04	 6.960075E-04	 4.982436E-04	 1.250459E-03	 9.508254E-04	 7.267615E-04	 4.163469E-04	 2.049677E-04	 8.299888E-05	 2.714340E-05	 5.627412E-06	-1.482988E-07	-4.781921E-07	-4.370142E-08	 3.299117E-07
0.59582	 0.000000E+00	-6.116127E-04	 6.938779E-04	 4.889093E-04	 1.271809E-03	 9.750685E-04	 7.556286E-04	 4.378798E-04	 2.186726E-04	 8.986358E-05	 2.984893E-05	 6.270829E-06	-2.217430E-07	-6.610176E-07	-1.593225E-07	 3.059042E-07
0.60000	 0.000000E+00	-6.235093E-04	 6.915102E-04	 4.788476E-04	 1.292998E-03	 9.993780E-04	 7.852246E-04	 4.602587E-04	 2.331587E-04	 9.725210E-05	 3.283371E-05	 7.016935E-06	-2.829828E-07	-8.625785E-07	-2.950648E-07	 2.706571E-07
0.60415	 0.000000E+00	-6.356492E-04	 6.888977E-04	 4.680412E-04	 1.314003E-03	 1.023721E-03	 8.155407E-04	 4.834932E-04	 2.484536E-04	 1.051941E-04	 3.612134E-05	 7.879152E-06	-3.269402E-07	-1.082810E-06	-4.527302E-07	 2.223424E-07
0.60828	 0.000000E+00	-6.480306E-04	 6.860454E-04	 4.564746E-04	 1.334795E-03	 1.048060E-03	 8.465626E-04	 5.075884E-04	 2.645818E-04	 1.137185E-04	 3.973634E-05	 8.872054E-06	-3.478376E-07	-1.321363E-06	-6.340667E-07	 1.590205E-07
0.61237	 0.000000E+00	-6.606490E-04	 6.829455E-04	 4.441327E-04	 1.355347E-03	 1.072357E-03	 8.782774E-04	 5.325498E-04	 2.815691E-04	 1.228557E-04	 4.370454E-05	 1.001137E-05	-3.389861E-07	-1.577430E-06	-8.407748E-07	 7.858970E-08
0.61644	 0.000000E+00	-6.734886E-04	 6.795507E-04	 4.310001E-04	 1.375648E-03	 1.096592E-03	 9.106743E-04	 5.583845E-04	 2.994443E-04	 1.326383E-04	 4.805319E-05	 1.131424E-05	-2.923208E-07	-1.849485E-06	-1.074481E-06	-2.114785E-08
0.62048	 0.000000E+00	-6.865539E-04	 6.758441E-04	 4.170540E-04	 1.395666E-03	 1.120727E-03	 9.437402E-04	 5.850977E-04	 3.182340E-04	 1.430987E-04	 5.281101E-05	 1.279907E-05	-1.992862E-07	-2.135836E-06	-1.336712E-06	-1.425056E-07
0.62450	 0.000000E+00	-6.998461E-04	 6.718586E-04	 4.022815E-04	 1.415359E-03	 1.144704E-03	 9.774451E-04	 6.126807E-04	 3.379544E-04	 1.542643E-04	 5.800624E-05	 1.448522E-05	-5.042522E-08	-2.434199E-06	-1.628708E-06	-2.878478E-07
0.62849	 0.000000E+00	-7.133311E-04	 6.676134E-04	 3.866883E-04	 1.434704E-03	 1.168477E-03	 1.011758E-03	 6.411228E-04	 3.586223E-04	 1.661634E-04	 6.366765E-05	 1.639324E-05	 1.651935E-07	-2.741439E-06	-1.951498E-06	-4.595565E-07
0.63246	 0.000000E+00	-7.269839E-04	 6.631060E-04	 3.702716E-04	 1.453680E-03	 1.192007E-03	 1.046650E-03	 6.704158E-04	 3.802569E-04	 1.788260E-04	 6.982570E-05	 1.854507E-05	 4.596681E-07	-3.053640E-06	-2.305834E-06	-6.600973E-07
0.63640	 0.000000E+00	-7.407934E-04	 6.583322E-04	 3.530217E-04	 1.472256E-03	 1.215248E-03	 1.082092E-03	 7.005481E-04	 4.028743E-04	 1.922811E-04	 7.651148E-05	 2.096400E-05	 8.463155E-07	-3.366096E-06	-2.692063E-06	-8.918746E-07
0.64031	 0.000000E+00	-7.547554E-04	 6.532991E-04	 3.349302E-04	 1.490405E-03	 1.238153E-03	 1.118056E-03	 7.315098E-04	 4.264911E-04	 2.065581E-04	 8.375749E-05	 2.367478E-05	 1.339540E-06	-3.673508E-06	-3.110263E-06	-1.157305E-06
0.64420	 0.000000E+00	-7.688707E-04	 6.479922E-04	 3.159826E-04	 1.508096E-03	 1.260680E-03	 1.154515E-03	 7.632912E-04	 4.511245E-04	 2.216875E-04	 9.159752E-05	 2.670364E-05	 1.955214E-06	-3.969416E-06	-3.559952E-06	-1.458778E-06
0.64807	 0.000000E+00	-7.831201E-04	 6.423328E-04	 2.961627E-04	 1.525323E-03	 1.282814E-03	 1.191456E-03	 7.958919E-04	 4.768011E-04	 2.377058E-04	 1.000681E-04	 3.007889E-05	 2.711442E-06	-4.245932E-06	-4.040168E-06	-1.798552E-06
0.65192	 0.000000E+00	-7.975161E-04	 6.362942E-04	 2.754443E-04	 1.542050E-03	 1.304511E-03	 1.228853E-03	 8.293036E-04	 5.035394E-04	 2.546454E-04	 1.092062E-04	 3.383006E-05	 3.627023E-06	-4.494722E-06	-4.549466E-06	-2.178752E-06
0.65574	 0.000000E+00	-8.120648E-04	 6.299383E-04	 2.538232E-04	 1.558223E-03	 1.325693E-03	 1.266655E-03	 8.634937E-04	 5.313385E-04	 2.725276E-04	 1.190450E-04	 3.798666E-05	 4.721650E-06	-4.706409E-06	-5.085473E-06	-2.601133E-06
0.65955	 0.000000E+00	-8.267112E-04	 6.233115E-04	 2.313308E-04	 1.573835E-03	 1.346313E-03	 1.304812E-03	 8.984281E-04	 5.601985E-04	 2.913741E-04	 1.296175E-04	 4.257910E-05	 6.017203E-06	-4.869823E-06	-5.645024E-06	-3.067132E-06
0.66332	 0.000000E+00	-8.414204E-04	 6.164361E-04	 2.079831E-04	 1.588870E-03	 1.366325E-03	 1.343279E-03	 9.340764E-04	 5.901214E-04	 3.112074E-04	 1.409575E-04	 4.763887E-05	 7.536741E-06	-4.972669E-06	-6.224198E-06	-3.577953E-06
0.66708	 0.000000E+00	-8.561769E-04	 6.093213E-04	 1.837855E-04	 1.603314E-03	 1.385689E-03	 1.382021E-03	 9.704136E-04	 6.211118E-04	 3.320516E-04	 1.531004E-04	 5.319885E-05	 9.304673E-06	-5.001587E-06	-6.818329E-06	-4.134469E-06
0.67082	 0.000000E+00	-8.709746E-04	 6.019761E-04	 1.587429E-04	 1.617160E-03	 1.404368E-03	 1.421010E-03	 1.007419E-03	 6.531766E-04	 3.539315E-04	 1.660826E-04	 5.929327E-05	 1.134676E-05	-4.942152E-06	-7.422029E-06	-4.737263E-06
0.67454	 0.000000E+00	-8.858203E-04	 5.943847E-04	 1.328480E-04	 1.630389E-03	 1.422325E-03	 1.460218E-03	 1.045070E-03	 6.863216E-04	 3.768714E-04	 1.799407E-04	 6.595725E-05	 1.369012E-05	-4.778431E-06	-8.028810E-06	-5.386478E-06
0.67823	 0.000000E+00	-9.006918E-04	 5.864530E-04	 1.060914E-04	 1.643002E-03	 1.439554E-03	 1.499627E-03	 1.083355E-03	 7.205612E-04	 4.009017E-04	 1.947141E-04	 7.322797E-05	 1.636469E-05	-4.492121E-06	-8.630826E-06	-6.081500E-06
0.68191	 0.000000E+00	-9.156015E-04	 5.781503E-04	 7.845399E-05	 1.654960E-03	 1.456007E-03	 1.539198E-03	 1.122244E-03	 7.558951E-04	 4.260435E-04	 2.104394E-04	 8.114272E-05	 1.940103E-05	-4.064187E-06	-9.219099E-06	-6.820920E-06
0.68557	 0.000000E+00	-9.305566E-04	 5.695616E-04	 4.994952E-05	 1.666226E-03	 1.471606E-03	 1.578868E-03	 1.161684E-03	 7.923007E-04	 4.523025E-04	 2.271464E-04	 8.973684E-05	 2.282963E-05	-3.474836E-06	-9.783478E-06	-7.602543E-06
0.68920	 0.000000E+00	-9.454904E-04	 5.607596E-04	 2.063647E-05	 1.676819E-03	 1.486317E-03	 1.618589E-03	 1.201624E-03	 8.297606E-04	 4.796872E-04	 2.448651E-04	 9.904617E-05	 2.668315E-05	-2.701942E-06	-1.031243E-05	-8.423380E-06
0.69282	 0.000000E+00	-9.603633E-04	 5.517911E-04	-9.450972E-06	 1.686743E-03	 1.500101E-03	 1.658313E-03	 1.242021E-03	 8.682603E-04	 5.082079E-04	 2.636269E-04	 1.091079E-04	 3.099559E-05	-1.721835E-06	-1.079310E-05	-9.279703E-06
0.69642	 0.000000E+00	-9.751490E-04	 5.426774E-04	-4.029045E-05	 1.695992E-03	 1.512919E-03	 1.697996E-03	 1.282828E-03	 9.077838E-04	 5.378729E-04	 2.834622E-04	 1.199593E-04	 3.580218E-05	-5.092687E-07	-1.121108E-05	-1.016671E-05
0.70000	 0.000000E+00	-9.898237E-04	 5.334296E-04	-7.186018E-05	 1.704562E-03	 1.524736E-03	 1.737590E-03	 1.323998E-03	 9.483113E-04	 5.686870E-04	 3.043992E-04	 1.316372E-04	 4.113893E-05	 9.624259E-07	-1.155050E-05	-1.107843E-05
0.70356	 0.000000E+00	-1.004369E-03	 5.240605E-04	-1.041395E-04	 1.712448E-03	 1.535516E-03	 1.777053E-03	 1.365485E-03	 9.898227E-04	 6.006544E-04	 3.264659E-04	 1.441788E-04	 4.704306E-05	 2.721341E-06	-1.179403E-05	-1.200787E-05
0.70711	 0.000000E+00	-1.018765E-03	 5.145883E-04	-1.371042E-04	 1.719646E-03	 1.545224E-03	 1.816339E-03	 1.407237E-03	 1.032294E-03	 6.337750E-04	 3.496881E-04	 1.576206E-04	 5.355249E-05	 4.797018E-06	-1.192275E-05	-1.294677E-05
0.71063	 0.000000E+00	-1.032992E-03	 5.050307E-04	-1.707273E-04	 1.726159E-03	 1.553827E-03	 1.855404E-03	 1.449204E-03	 1.075697E-03	 6.680461E-04	 3.740893E-04	 1.719985E-04	 6.070583E-05	 7.220420E-06	-1.191612E-05	-1.388556E-05
0.71414	 0.000000E+00	-1.047029E-03	 4.954016E-04	-2.049832E-04	 1.731991E-03	 1.561298E-03	 1.894209E-03	 1.491337E-03	 1.120010E-03	 7.034673E-04	 3.996949E-04	 1.873496E-04	 6.854325E-05	 1.002413E-05	-1.175210E-05	-1.481353E-05
0.71764	 0.000000E+00	-1.060856E-03	 4.857185E-04	-2.398444E-04	 1.737144E-03	 1.567607E-03	 1.932713E-03	 1.533586E-03	 1.165204E-03	 7.400325E-04	 4.265264E-04	 2.037096E-04	 7.710516E-05	 1.324205E-05	-1.140685E-05	-1.571838E-05
0.72111	 0.000000E+00	-1.074452E-03	 4.760087E-04	-2.752792E-04	 1.741623E-03	 1.572724E-03	 1.970871E-03	 1.575892E-03	 1.211242E-03	 7.777299E-04	 4.546015E-04	 2.211121E-04	 8.643190E-05	 1.690920E-05	-1.085482E-05	-1.658624E-05
0.72457	 0.000000E+00	-1.087793E-03	 4.662978E-04	-3.112548E-04	 1.745439E-03	 1.576625E-03	 2.008644E-03	 1.618204E-03	 1.258097E-03	 8.165521E-04	 4.839405E-04	 2.395925E-04	 9.656564E-05	 2.106234E-05	-1.006888E-05	-1.740197E-05
0.72801	 0.000000E+00	-1.100842E-03	 4.566128E-04	-3.477330E-04	 1.748604E-03	 1.579286E-03	 2.045992E-03	 1.660467E-03	 1.305733E-03	 8.564862E-04	 5.145598E-04	 2.591841E-04	 1.075484E-04	 2.573937E-05	-9.020018E-06	-1.814865E-05
0.73144	 0.000000E+00	-1.113533E-03	 4.470417E-04	-3.846340E-04	 1.751160E-03	 1.580691E-03	 2.082864E-03	 1.702606E-03	 1.354098E-03	 8.975049E-04	 5.464656E-04	 2.799146E-04	 1.194210E-04	 3.097828E-05	-7.677782E-06	-1.880737E-05
0.73485	 0.000000E+00	-1.125855E-03	 4.378542E-04	-4.218538E-04	 1.753133E-03	 1.580754E-03	 2.119170E-03	 1.744505E-03	 1.403094E-03	 9.395437E-04	 5.796431E-04	 3.018006E-04	 1.322174E-04	 3.681450E-05	-6.011285E-06	-1.935816E-05
0.73824	 0.000000E+00	-1.137715E-03	 4.291753E-04	-4.592669E-04	 1.754608E-03	 1.579479E-03	 2.154863E-03	 1.786078E-03	 1.452652E-03	 9.825541E-04	 6.140811E-04	 3.248579E-04	 1.459722E-04	 4.328686E-05	-3.987128E-06	-1.977885E-05
0.74162	 0.000000E+00	-1.149037E-03	 4.208537E-04	-4.968483E-04	 1.755638E-03	 1.576929E-03	 2.189958E-03	 1.827314E-03	 1.502772E-03	 1.026543E-03	 6.498018E-04	 3.491213E-04	 1.607311E-04	 5.044053E-05	-1.568787E-06	-2.004545E-05
0.74498	 0.000000E+00	-1.159900E-03	 4.127696E-04	-5.346742E-04	 1.756154E-03	 1.573063E-03	 2.224437E-03	 1.868190E-03	 1.553445E-03	 1.071514E-03	 6.868325E-04	 3.746309E-04	 1.765423E-04	 5.832055E-05	 1.281409E-06	-2.013285E-05
0.74833	 0.000000E+00	-1.170333E-03	 4.049130E-04	-5.727415E-04	 1.756140E-03	 1.567851E-03	 2.258265E-03	 1.908650E-03	 1.604627E-03	 1.117437E-03	 7.251743E-04	 4.014106E-04	 1.934467E-04	 6.696931E-05	 4.602019E-06	-2.001345E-05
0.75166	 0.000000E+00	-1.180310E-03	 3.973133E-04	-6.110003E-04	 1.755627E-03	 1.561285E-03	 2.291412E-03	 1.948632E-03	 1.656266E-03	 1.164275E-03	 7.648229E-04	 4.294803E-04	 2.114833E-04	 7.643026E-05	 8.433349E-06	-1.965771E-05
0.75498	 0.000000E+00	-1.189792E-03	 3.899844E-04	-6.494069E-04	 1.754645E-03	 1.553367E-03	 2.323860E-03	 1.988090E-03	 1.708330E-03	 1.212010E-03	 8.057872E-04	 4.588689E-04	 2.306976E-04	 8.675063E-05	 1.281829E-05	-1.903440E-05
0.75829	 0.000000E+00	-1.198704E-03	 3.830326E-04	-6.878591E-04	 1.753262E-03	 1.544098E-03	 2.355566E-03	 2.026942E-03	 1.760748E-03	 1.260586E-03	 8.480484E-04	 4.895870E-04	 2.511257E-04	 9.797292E-05	 1.779949E-05	-1.811021E-05
0.76158	 0.000000E+00	-1.207040E-03	 3.768292E-04	-7.262033E-04	 1.751546E-03	 1.533394E-03	 2.386431E-03	 2.065031E-03	 1.813368E-03	 1.309876E-03	 8.915397E-04	 5.216146E-04	 2.727842E-04	 1.101299E-04	 2.341695E-05	-1.685131E-05
0.76485	 0.000000E+00	-1.214687E-03	 3.715483E-04	-7.642699E-04	 1.749646E-03	 1.521301E-03	 2.416445E-03	 2.102280E-03	 1.866115E-03	 1.359813E-03	 9.362300E-04	 5.549510E-04	 2.957007E-04	 1.232641E-04	 2.971532E-05	-1.522122E-05
0.76811	 0.000000E+00	-1.221549E-03	 3.669728E-04	-8.020378E-04	 1.747624E-03	 1.507920E-03	 2.445654E-03	 2.138703E-03	 1.919008E-03	 1.410408E-03	 9.821387E-04	 5.896266E-04	 3.199220E-04	 1.374294E-04	 3.674509E-05	-1.317980E-05
0.77136	 0.000000E+00	-1.227730E-03	 3.629344E-04	-8.396175E-04	 1.745375E-03	 1.493199E-03	 2.474039E-03	 2.174276E-03	 1.972033E-03	 1.461652E-03	 1.029278E-03	 6.256701E-04	 3.454939E-04	 1.526760E-04	 4.455689E-05	-1.068583E-05
0.77460	 0.000000E+00	-1.233287E-03	 3.594491E-04	-8.770131E-04	 1.742895E-03	 1.477107E-03	 2.501589E-03	 2.208954E-03	 2.025154E-03	 1.513512E-03	 1.077647E-03	 6.631018E-04	 3.724591E-04	 1.690529E-04	 5.320216E-05	-7.696516E-06
0.77782	 0.000000E+00	-1.238193E-03	 3.565616E-04	-9.141537E-04	 1.740245E-03	 1.459664E-03	 2.528300E-03	 2.242682E-03	 2.078315E-03	 1.565932E-03	 1.127219E-03	 7.019245E-04	 4.008494E-04	 1.866059E-04	 6.273257E-05	-4.166550E-06
0.78102	 0.000000E+00	-1.242409E-03	 3.542273E-04	-9.509962E-04	 1.737467E-03	 1.440898E-03	 2.554172E-03	 2.275417E-03	 2.131476E-03	 1.618870E-03	 1.177979E-03	 7.421443E-04	 4.306981E-04	 2.053828E-04	 7.320166E-05	-4.814049E-08
0.78422	 0.000000E+00	-1.245953E-03	 3.524156E-04	-9.875387E-04	 1.734561E-03	 1.420803E-03	 2.579202E-03	 2.307125E-03	 2.184613E-03	 1.672300E-03	 1.229925E-03	 7.837810E-04	 4.620485E-04	 2.254367E-04	 8.466685E-05	 4.708757E-06
0.78740	 0.000000E+00	-1.248817E-03	 3.511386E-04	-1.023738E-03	 1.731552E-03	 1.399380E-03	 2.603380E-03	 2.337749E-03	 2.237669E-03	 1.726164E-03	 1.283031E-03	 8.268330E-04	 4.949300E-04	 2.468131E-04	 9.718319E-05	 1.015535E-05
0.79057	 0.000000E+00	-1.250972E-03	 3.504273E-04	-1.059527E-03	 1.728486E-03	 1.376644E-03	 2.626689E-03	 2.367223E-03	 2.290575E-03	 1.780388E-03	 1.337250E-03	 8.712849E-04	 5.293618E-04	 2.695524E-04	 1.108042E-04	 1.634411E-05
0.79373	 0.000000E+00	-1.252390E-03	 3.503071E-04	-1.094846E-03	 1.725414E-03	 1.352615E-03	 2.649140E-03	 2.395507E-03	 2.343296E-03	 1.834931E-03	 1.392569E-03	 9.171444E-04	 5.653803E-04	 2.937055E-04	 1.255898E-04	 2.333097E-05
0.79687	 0.000000E+00	-1.253036E-03	 3.508160E-04	-1.129613E-03	 1.722385E-03	 1.327315E-03	 2.670717E-03	 2.422530E-03	 2.395756E-03	 1.889707E-03	 1.448933E-03	 9.643859E-04	 6.029975E-04	 3.193085E-04	 1.415930E-04	 3.117061E-05
0.80000	 0.000000E+00	-1.252878E-03	 3.520166E-04	-1.163734E-03	 1.719452E-03	 1.300762E-03	 2.691390E-03	 2.448202E-03	 2.447843E-03	 1.944595E-03	 1.506250E-03	 1.012955E-03	 6.422035E-04	 3.463836E-04	 1.588599E-04	 3.991669E-05
0.80312	 0.000000E+00	-1.251908E-03	 3.539378E-04	-1.197176E-03	 1.716678E-03	 1.272971E-03	 2.711201E-03	 2.472507E-03	 2.499563E-03	 1.999587E-03	 1.564538E-03	 1.062882E-03	 6.830536E-04	 3.749963E-04	 1.774630E-04	 4.963589E-05
0.80623	 0.000000E+00	-1.250140E-03	 3.565449E-04	-1.229946E-03	 1.714101E-03	 1.243951E-03	 2.730202E-03	 2.495451E-03	 2.550950E-03	 2.054697E-03	 1.623837E-03	 1.114218E-03	 7.256185E-04	 4.052252E-04	 1.974849E-04	 6.040274E-05
0.80932	 0.000000E+00	-1.247653E-03	 3.596913E-04	-1.262127E-03	 1.711640E-03	 1.213658E-03	 2.748382E-03	 2.516994E-03	 2.601977E-03	 2.109888E-03	 1.684135E-03	 1.166970E-03	 7.699341E-04	 4.371292E-04	 2.189989E-04	 7.229193E-05
0.81240	 0.000000E+00	-1.244447E-03	 3.629068E-04	-1.293898E-03	 1.709187E-03	 1.182120E-03	 2.765831E-03	 2.537244E-03	 2.652809E-03	 2.165309E-03	 1.745583E-03	 1.221275E-03	 8.161392E-04	 4.708365E-04	 2.421222E-04	 8.540224E-05
0.81548	 0.000000E+00	-1.240642E-03	 3.659960E-04	-1.325445E-03	 1.706590E-03	 1.149225E-03	 2.782556E-03	 2.556212E-03	 2.703535E-03	 2.221054E-03	 1.808312E-03	 1.277270E-03	 8.643818E-04	 5.064805E-04	 2.669821E-04	 9.983942E-05
0.81854	 0.000000E+00	-1.236297E-03	 3.693033E-04	-1.356645E-03	 1.703909E-03	 1.114874E-03	 2.798474E-03	 2.573710E-03	 2.753970E-03	 2.276926E-03	 1.872190E-03	 1.334877E-03	 9.146513E-04	 5.440891E-04	 2.936454E-04	 1.156817E-04
0.82158	 0.000000E+00	-1.231234E-03	 3.731045E-04	-1.387209E-03	 1.701409E-03	 1.079178E-03	 2.813620E-03	 2.589630E-03	 2.803991E-03	 2.332767E-03	 1.937101E-03	 1.394021E-03	 9.669341E-04	 5.836954E-04	 3.221812E-04	 1.330134E-04
0.82462	 0.000000E+00	-1.225356E-03	 3.773638E-04	-1.417075E-03	 1.699181E-03	 1.042180E-03	 2.828059E-03	 2.603968E-03	 2.853650E-03	 2.388603E-03	 2.003113E-03	 1.454781E-03	 1.021337E-03	 6.254202E-04	 3.527171E-04	 1.519545E-04
0.82765	 0.000000E+00	-1.218679E-03	 3.820315E-04	-1.446264E-03	 1.697201E-03	 1.003828E-03	 2.841794E-03	 2.616667E-03	 2.902946E-03	 2.444419E-03	 2.070257E-03	 1.517208E-03	 1.077954E-03	 6.693733E-04	 3.853787E-04	 1.726264E-04
0.83066	 0.000000E+00	-1.211233E-03	 3.872196E-04	-1.474695E-03	 1.695524E-03	 9.640970E-04	 2.854814E-03	 2.627612E-03	 2.951772E-03	 2.500071E-03	 2.138444E-03	 1.581250E-03	 1.136792E-03	 7.156054E-04	 4.202551E-04	 1.951342E-04
0.83367	 0.000000E+00	-1.203095E-03	 3.927243E-04	-1.502449E-03	 1.694037E-03	 9.229294E-04	 2.867122E-03	 2.636761E-03	 3.000130E-03	 2.555529E-03	 2.207690E-03	 1.646935E-03	 1.197915E-03	 7.642182E-04	 4.574690E-04	 2.196105E-04
0.83666	 0.000000E+00	-1.194171E-03	 3.973789E-04	-1.529886E-03	 1.692352E-03	 8.803864E-04	 2.878794E-03	 2.644330E-03	 3.048338E-03	 2.611117E-03	 2.278314E-03	 1.714549E-03	 1.261594E-03	 8.154606E-04	 4.972417E-04	 2.462498E-04
0.83964	 0.000000E+00	-1.184692E-03	 4.006696E-04	-1.557384E-03	 1.689958E-03	 8.361806E-04	 2.889649E-03	 2.650229E-03	 3.096408E-03	 2.666882E-03	 2.350421E-03	 1.784228E-03	 1.328003E-03	 8.695034E-04	 5.397576E-04	 2.752222E-04
0.84261	 0.000000E+00	-1.174807E-03	 4.034897E-04	-1.584627E-03	 1.687050E-03	 7.901441E-04	 2.899540E-03	 2.654079E-03	 3.143931E-03	 2.722358E-03	 2.423659E-03	 1.855709E-03	 1.397006E-03	 9.262898E-04	 5.850548E-04	 3.066125E-04
0.84558	 0.000000E+00	-1.164118E-03	 4.064649E-04	-1.610940E-03	 1.684274E-03	 7.426298E-04	 2.908644E-03	 2.655758E-03	 3.190717E-03	 2.777234E-03	 2.497763E-03	 1.928763E-03	 1.468471E-03	 9.857823E-04	 6.331748E-04	 3.405205E-04
0.84853	 0.000000E+00	-1.152338E-03	 4.091422E-04	-1.636226E-03	 1.681632E-03	 6.938091E-04	 2.917037E-03	 2.655321E-03	 3.236873E-03	 2.831582E-03	 2.572833E-03	 2.003487E-03	 1.542527E-03	 1.048145E-03	 6.842982E-04	 3.771391E-04
0.85147	 0.000000E+00	-1.139555E-03	 4.112380E-04	-1.660645E-03	 1.678823E-03	 6.434991E-04	 2.924589E-03	 2.652651E-03	 3.282373E-03	 2.885372E-03	 2.648918E-03	 2.079958E-03	 1.619313E-03	 1.113538E-03	 7.386172E-04	 4.166654E-04
0.85440	 0.000000E+00	-1.125843E-03	 4.133707E-04	-1.683913E-03	 1.676054E-03	 5.916437E-04	 2.931271E-03	 2.647477E-03	 3.326942E-03	 2.938232E-03	 2.725739E-03	 2.157947E-03	 1.698716E-03	 1.181928E-03	 7.961947E-04	 4.592174E-04
0.85732	 0.000000E+00	-1.111024E-03	 4.157295E-04	-1.705674E-03	 1.673604E-03	 5.384450E-04	 2.937208E-03	 2.639727E-03	 3.370483E-03	 2.989941E-03	 2.803128E-03	 2.237292E-03	 1.780656E-03	 1.253318E-03	 8.571080E-04	 5.049356E-04
0.86023	 0.000000E+00	-1.094844E-03	 4.170481E-04	-1.726144E-03	 1.671024E-03	 4.840211E-04	 2.942417E-03	 2.629587E-03	 3.413283E-03	 3.040791E-03	 2.881393E-03	 2.318272E-03	 1.865420E-03	 1.328000E-03	 9.216441E-04	 5.541056E-04
0.86313	 0.000000E+00	-1.077518E-03	 4.167173E-04	-1.745693E-03	 1.667643E-03	 4.280321E-04	 2.946595E-03	 2.616890E-03	 3.455284E-03	 3.090763E-03	 2.960608E-03	 2.400998E-03	 1.953190E-03	 1.406178E-03	 9.900481E-04	 6.069800E-04
0.86603	 0.000000E+00	-1.059168E-03	 4.158834E-04	-1.763797E-03	 1.663869E-03	 3.704696E-04	 2.949705E-03	 2.601236E-03	 3.495996E-03	 3.139193E-03	 3.040209E-03	 2.484961E-03	 2.043620E-03	 1.487621E-03	 1.062251E-03	 6.635959E-04
0.86891	 0.000000E+00	-1.039333E-03	 4.152385E-04	-1.779554E-03	 1.660523E-03	 3.119402E-04	 2.952101E-03	 2.582601E-03	 3.535239E-03	 3.185657E-03	 3.119774E-03	 2.569713E-03	 2.136368E-03	 1.572106E-03	 1.138161E-03	 7.239853E-04
0.87178	 0.000000E+00	-1.017618E-03	 4.137254E-04	-1.792908E-03	 1.657306E-03	 2.527165E-04	 2.953819E-03	 2.561169E-03	 3.573228E-03	 3.230342E-03	 3.199498E-03	 2.655406E-03	 2.231613E-03	 1.659842E-03	 1.218009E-03	 7.884132E-04
0.87464	 0.000000E+00	-9.941738E-04	 4.107825E-04	-1.804111E-03	 1.653564E-03	 1.925336E-04	 2.954541E-03	 2.536767E-03	 3.609861E-03	 3.273167E-03	 3.279389E-03	 2.742067E-03	 2.329463E-03	 1.750972E-03	 1.302007E-03	 8.571255E-04
0.87750	 0.000000E+00	-9.690728E-04	 4.076210E-04	-1.812503E-03	 1.649836E-03	 1.315737E-04	 2.954353E-03	 2.509086E-03	 3.644674E-03	 3.313421E-03	 3.358787E-03	 2.829035E-03	 2.429411E-03	 1.845105E-03	 1.389950E-03	 9.300589E-04
0.88034	 0.000000E+00	-9.418337E-04	 4.049423E-04	-1.817054E-03	 1.647017E-03	 7.065601E-05	 2.953728E-03	 2.478245E-03	 3.677528E-03	 3.350653E-03	 3.437168E-03	 2.915690E-03	 2.530920E-03	 1.941805E-03	 1.481556E-03	 1.007090E-03
0.88318	 0.000000E+00	-9.120246E-04	 4.014984E-04	-1.817636E-03	 1.644675E-03	 1.019184E-05	 2.952669E-03	 2.444540E-03	 3.708626E-03	 3.385051E-03	 3.514652E-03	 3.002071E-03	 2.634027E-03	 2.041125E-03	 1.576916E-03	 1.088368E-03
0.88600	 0.000000E+00	-8.798115E-04	 3.966398E-04	-1.814494E-03	 1.642038E-03	-5.004096E-05	 2.950794E-03	 2.407837E-03	 3.737839E-03	 3.416525E-03	 3.591202E-03	 3.088137E-03	 2.738757E-03	 2.143120E-03	 1.676157E-03	 1.174072E-03
0.88882	 0.000000E+00	-8.452784E-04	 3.917630E-04	-1.806868E-03	 1.639822E-03	-1.096895E-04	 2.948350E-03	 2.367952E-03	 3.764785E-03	 3.444372E-03	 3.666127E-03	 3.173120E-03	 2.844477E-03	 2.247243E-03	 1.778932E-03	 1.264015E-03
0.89163	 0.000000E+00	-8.079305E-04	 3.875415E-04	-1.793617E-03	 1.638947E-03	-1.676942E-04	 2.945898E-03	 2.325213E-03	 3.789358E-03	 3.468154E-03	 3.738781E-03	 3.256204E-03	 2.950389E-03	 2.352754E-03	 1.884659E-03	 1.357789E-03
0.89443	 0.000000E+00	-7.672241E-04	 3.818879E-04	-1.774734E-03	 1.638412E-03	-2.235418E-04	 2.943186E-03	 2.280147E-03	 3.811786E-03	 3.488273E-03	 3.809334E-03	 3.337473E-03	 3.056475E-03	 2.459606E-03	 1.993283E-03	 1.455386E-03
0.89722	 0.000000E+00	-7.234046E-04	 3.738295E-04	-1.750657E-03	 1.636985E-03	-2.775967E-04	 2.939549E-03	 2.232634E-03	 3.831892E-03	 3.504745E-03	 3.877819E-03	 3.416968E-03	 3.162800E-03	 2.567868E-03	 2.104910E-03	 1.556945E-03
0.90000	 0.000000E+00	-6.764795E-04	 3.657128E-04	-1.720151E-03	 1.636015E-03	-3.291948E-04	 2.935451E-03	 2.182524E-03	 3.849147E-03	 3.516606E-03	 3.943191E-03	 3.493507E-03	 3.268299E-03	 2.676559E-03	 2.218793E-03	 1.661929E-03
0.90277	 0.000000E+00	-6.254428E-04	 3.591193E-04	-1.681152E-03	 1.637386E-03	-3.765163E-04	 2.931751E-03	 2.130362E-03	 3.863216E-03	 3.523117E-03	 4.004244E-03	 3.565680E-03	 3.371520E-03	 2.784300E-03	 2.333759E-03	 1.769404E-03
0.90554	 0.000000E+00	-5.694844E-04	 3.521089E-04	-1.633278E-03	 1.640247E-03	-4.187843E-04	 2.928082E-03	 2.076779E-03	 3.874147E-03	 3.524667E-03	 4.060967E-03	 3.633462E-03	 3.472268E-03	 2.890883E-03	 2.449570E-03	 1.879179E-03
0.90830	 0.000000E+00	-5.089359E-04	 3.435251E-04	-1.577055E-03	 1.643267E-03	-4.562932E-04	 2.923876E-03	 2.021913E-03	 3.882015E-03	 3.521590E-03	 4.113646E-03	 3.697106E-03	 3.570735E-03	 2.996434E-03	 2.566310E-03	 1.991330E-03
0.91104	 0.000000E+00	-4.440521E-04	 3.356575E-04	-1.511373E-03	 1.648029E-03	-4.880107E-04	 2.920223E-03	 1.966276E-03	 3.886904E-03	 3.513413E-03	 4.161512E-03	 3.755506E-03	 3.665718E-03	 3.099661E-03	 2.682796E-03	 2.104815E-03
0.91378	 0.000000E+00	-3.743759E-04	 3.290319E-04	-1.435012E-03	 1.655533E-03	-5.123605E-04	 2.917988E-03	 1.910954E-03	 3.889042E-03	 3.500154E-03	 4.203909E-03	 3.807780E-03	 3.756017E-03	 3.199227E-03	 2.797716E-03	 2.218370E-03
0.91652	 0.000000E+00	-2.992207E-04	 3.175166E-04	-1.349374E-03	 1.661590E-03	-5.296728E-04	 2.915174E-03	 1.856777E-03	 3.888768E-03	 3.483604E-03	 4.242162E-03	 3.855637E-03	 3.842962E-03	 3.296386E-03	 2.912017E-03	 2.332704E-03
0.91924	 0.000000E+00	-2.195414E-04	 2.981905E-04	-1.256492E-03	 1.662171E-03	-5.418187E-04	 2.909097E-03	 1.803045E-03	 3.885177E-03	 3.464120E-03	 4.276588E-03	 3.899820E-03	 3.927201E-03	 3.391885E-03	 3.026258E-03	 2.448382E-03
0.92195	 0.000000E+00	-1.356026E-04	 2.769856E-04	-1.153891E-03	 1.661165E-03	-5.469544E-04	 2.901664E-03	 1.750224E-03	 3.877831E-03	 3.440342E-03	 4.305255E-03	 3.937879E-03	 4.006098E-03	 3.483015E-03	 3.137841E-03	 2.563143E-03
0.92466	 0.000000E+00	-4.472248E-05	 2.600230E-04	-1.035625E-03	 1.666501E-03	-5.389723E-04	 2.898238E-03	 1.701748E-03	 3.868594E-03	 3.412544E-03	 4.327061E-03	 3.967670E-03	 4.076868E-03	 3.566614E-03	 3.243545E-03	 2.673906E-03
0.92736	 0.000000E+00	 5.444073E-05	 2.516938E-04	-8.980200E-04	 1.683107E-03	-5.139780E-04	 2.902132E-03	 1.660033E-03	 3.858651E-03	 3.381039E-03	 4.341212E-03	 3.987776E-03	 4.137411E-03	 3.640226E-03	 3.340729E-03	 2.778000E-03
0.93005	 0.000000E+00	 1.628114E-04	 2.537345E-04	-7.388370E-04	 1.713579E-03	-4.691259E-04	 2.915721E-03	 1.627521E-03	 3.849605E-03	 3.347104E-03	 4.348053E-03	 3.998092E-03	 4.186854E-03	 3.702550E-03	 3.427702E-03	 2.873494E-03
0.93274	 0.000000E+00	 2.812258E-04	 2.658030E-04	-5.566818E-04	 1.758650E-03	-4.024883E-04	 2.940448E-03	 1.606284E-03	 3.843154E-03	 3.312547E-03	 4.348845E-03	 3.999638E-03	 4.225632E-03	 3.753652E-03	 3.504106E-03	 2.959702E-03
0.93541	 0.000000E+00	 4.105795E-04	 2.886449E-04	-3.495056E-04	 1.819747E-03	-3.120412E-04	 2.978081E-03	 1.598005E-03	 3.840934E-03	 3.278763E-03	 4.344842E-03	 3.993311E-03	 4.254416E-03	 3.793921E-03	 3.570092E-03	 3.036591E-03
0.93808	 0.000000E+00	 5.520098E-04	 3.269465E-04	-1.130539E-04	 1.902045E-03	-1.937963E-04	 3.033037E-03	 1.605251E-03	 3.845490E-03	 3.246730E-03	 4.336878E-03	 3.978970E-03	 4.272916E-03	 3.822577E-03	 3.624822E-03	 3.103187E-03
0.94074	 0.000000E+00	 7.072390E-04	 3.833886E-04	 1.571740E-04	 2.010315E-03	-4.261622E-05	 3.110459E-03	 1.632149E-03	 3.860808E-03	 3.219075E-03	 4.327140E-03	 3.957777E-03	 4.281762E-03	 3.839513E-03	 3.667890E-03	 3.158585E-03
0.94340	 0.000000E+00	 8.770086E-04	 4.551664E-04	 4.623307E-04	 2.143650E-03	 1.440474E-04	 3.211976E-03	 1.682153E-03	 3.890128E-03	 3.199588E-03	 4.318930E-03	 3.932831E-03	 4.283268E-03	 3.846448E-03	 3.700313E-03	 3.203096E-03
0.94604	 0.000000E+00	 1.060611E-03	 5.398454E-04	 8.018641E-04	 2.299552E-03	 3.668902E-04	 3.337557E-03	 1.757549E-03	 3.935398E-03	 3.191348E-03	 4.314868E-03	 3.906807E-03	 4.279359E-03	 3.844843E-03	 3.722748E-03	 3.236863E-03
0.94868	 0.000000E+00	 1.258413E-03	 6.385656E-04	 1.178207E-03	 2.479808E-03	 6.294345E-04	 3.490319E-03	 1.862179E-03	 3.999923E-03	 3.197625E-03	 4.317531E-03	 3.881690E-03	 4.271224E-03	 3.835168E-03	 3.734913E-03	 3.259109E-03
0.95131	 0.000000E+00	 1.472433E-03	 7.533984E-04	 1.597082E-03	 2.688570E-03	 9.383760E-04	 3.675937E-03	 2.001766E-03	 4.089046E-03	 3.222904E-03	 4.330953E-03	 3.860526E-03	 4.261308E-03	 3.818964E-03	 3.737768E-03	 3.270078E-03
0.95394	 0.000000E+00	 1.705059E-03	 8.849427E-04	 2.064863E-03	 2.928666E-03	 1.301400E-03	 3.899734E-03	 2.182982E-03	 4.208799E-03	 3.273008E-03	 4.360604E-03	 3.848003E-03	 4.253802E-03	 3.799510E-03	 3.733956E-03	 3.271576E-03
0.95656	 0.000000E+00	 1.957835E-03	 1.035712E-03	 2.587151E-03	 3.204468E-03	 1.726665E-03	 4.168041E-03	 2.413846E-03	 4.365799E-03	 3.354814E-03	 4.411993E-03	 3.848613E-03	 4.251984E-03	 3.778749E-03	 3.724154E-03	 3.263389E-03
0.95917	 0.000000E+00	 2.230141E-03	 1.216291E-03	 3.168975E-03	 3.527354E-03	 2.223167E-03	 4.492399E-03	 2.704200E-03	 4.569519E-03	 3.475734E-03	 4.491055E-03	 3.865864E-03	 4.257615E-03	 3.756030E-03	 3.705942E-03	 3.241650E-03
0.96177	 0.000000E+00	 2.521649E-03	 1.430532E-03	 3.812972E-03	 3.904455E-03	 2.798705E-03	 4.882987E-03	 3.064318E-03	 4.831288E-03	 3.645850E-03	 4.607667E-03	 3.908075E-03	 4.277656E-03	 3.736253E-03	 3.682505E-03	 3.207379E-03
0.96437	 0.000000E+00	 2.830051E-03	 1.667205E-03	 4.513321E-03	 4.325324E-03	 3.451390E-03	 5.335942E-03	 3.497112E-03	 5.155064E-03	 3.873043E-03	 4.770996E-03	 3.986553E-03	 4.323555E-03	 3.731213E-03	 3.664767E-03	 3.170263E-03
0.96695	 0.000000E+00	 3.148489E-03	 1.913381E-03	 5.256877E-03	 4.771299E-03	 4.170118E-03	 5.838133E-03	 3.997565E-03	 5.536970E-03	 4.159361E-03	 4.985298E-03	 4.109346E-03	 4.404899E-03	 3.752158E-03	 3.664092E-03	 3.141720E-03
0.96954	 0.000000E+00	 3.470140E-03	 2.154039E-03	 6.028257E-03	 5.222399E-03	 4.941619E-03	 6.374476E-03	 4.558715E-03	 5.971277E-03	 4.505807E-03	 5.253754E-03	 4.284011E-03	 4.531263E-03	 3.810763E-03	 3.692926E-03	 3.134693E-03
0.97211	 0.000000E+00	 3.785100E-03	 2.376927E-03	 6.807009E-03	 5.657777E-03	 5.746429E-03	 6.926434E-03	 5.167244E-03	 6.447700E-03	 4.907823E-03	 5.575349E-03	 4.513957E-03	 4.709599E-03	 3.916349E-03	 3.762954E-03	 3.161948E-03
0.97468	 0.000000E+00	 4.081357E-03	 2.574867E-03	 7.570085E-03	 6.060454E-03	 6.562433E-03	 7.477319E-03	 5.806477E-03	 6.955897E-03	 5.357135E-03	 5.947627E-03	 4.799395E-03	 4.945434E-03	 4.075942E-03	 3.885422E-03	 3.235490E-03
0.97724	 0.000000E+00	 4.344767E-03	 2.738031E-03	 8.288302E-03	 6.410534E-03	 7.361316E-03	 8.006875E-03	 6.453464E-03	 7.482662E-03	 5.840440E-03	 6.366186E-03	 5.137885E-03	 5.244194E-03	 4.296494E-03	 4.074194E-03	 3.369801E-03
0.97980	 0.000000E+00	 4.550091E-03	 2.850800E-03	 8.908151E-03	 6.673182E-03	 8.086904E-03	 8.475908E-03	 7.059822E-03	 7.997415E-03	 6.323884E-03	 6.813585E-03	 5.513562E-03	 5.604104E-03	 4.578809E-03	 4.342610E-03	 3.579872E-03
0.98234	 0.000000E+00	 4.651974E-03	 2.871455E-03	 9.323569E-03	 6.770605E-03	 8.619078E-03	 8.794961E-03	 7.517283E-03	 8.423759E-03	 6.725480E-03	 7.237961E-03	 5.878383E-03	 6.002895E-03	 4.907905E-03	 4.698516E-03	 3.879249E-03
0.98489	 0.000000E+00	 4.571104E-03	 2.709982E-03	 9.340310E-03	 6.543502E-03	 8.725898E-03	 8.779265E-03	 7.607076E-03	 8.595719E-03	 6.870679E-03	 7.516888E-03	 6.118022E-03	 6.372837E-03	 5.231373E-03	 5.131437E-03	 4.271273E-03
0.98742	 0.000000E+00	 4.170220E-03	 2.219123E-03	 8.624180E-03	 5.719990E-03	 7.997694E-03	 8.104673E-03	 6.929071E-03	 8.207909E-03	 6.425383E-03	 7.409345E-03	 5.994895E-03	 6.561075E-03	 5.415933E-03	 5.584779E-03	 4.721439E-03
0.98995	 0.000000E+00	 3.201316E-03	 1.136868E-03	 6.565350E-03	 3.813789E-03	 5.672929E-03	 6.178442E-03	 4.721666E-03	 6.682226E-03	 4.733395E-03	 6.437322E-03	 5.017762E-03	 6.238286E-03	 5.155453E-03	 5.897940E-03	 5.104059E-03
0.99247	 0.000000E+00	 1.185346E-03	-1.029799E-03	 1.978736E-03	-1.025655E-04	 2.490026E-04	 1.844812E-03	-5.443188E-04	 2.861252E-03	 4.435512E-04	 3.610971E-03	 2.136230E-03	 4.680465E-03	 3.748969E-03	 5.658947E-03	 5.065762E-03
0.99499	 0.000000E+00	-2.783944E-03	-5.195228E-03	-7.400787E-03	-7.772218E-03	-1.119223E-02	-7.119108E-03	-1.189078E-02	-5.531557E-03	-9.181956E-03	-3.074960E-03	-4.853500E-03	 3.378342E-04	-3.616822E-04	 3.875515E-03	 3.702991E-03
0.99750	 0.000000E+00	-9.868843E-03	-1.251942E-02	-2.457322E-02	-2.146612E-02	-3.266521E-02	-2.375251E-02	-3.365256E-02	-2.177746E-02	-2.827916E-02	-1.669291E-02	-1.950944E-02	-9.382995E-03	-9.934158E-03	-1.385695E-03	-8.730025E-04
1.00000	 0.000000E+00	-1.868523E-02	-2.149896E-02	-4.619419E-02	-3.839068E-02	-6.000228E-02	-4.466677E-02	-6.165103E-02	-4.257823E-02	-5.321098E-02	-3.447523E-02	-3.904799E-02	-2.246198E-02	-2.312457E-02	-8.940660E-03	-7.711368E-03
