r	   0/   0	   1/   0	   2/   0	   3/   0	   4/   0	   5/   0	   6/   0	   7/   0	   8/   0	   9/   0	  10/   0	  11/   0	  12/   0	  13/   0	  14/   0	  15/   0
0.07071	 2.253488E+00	 1.817795E-01	 5.250906E-01	 3.599484E-03	 3.996986E-03	-4.668760E-04	-1.907122E-03	 3.442655E-04	 3.761235E-04	-6.222028E-05	-9.274223E-06	 4.172997E-06	-2.199300E-06	 6.169800E-06	 2.070470E-06	-4.689337E-07
0.10000	 2.380821E+00	 2.638961E-01	 5.832746E-01	 5.671436E-03	-1.844084E-03	-1.033870E-03	-2.582575E-03	 2.662259E-04	 6.558358E-04	-8.526820E-05	-4.378344E-05	 6.825669E-06	-1.170039E-06	 6.833210E-06	 3.443561E-06	-5.017396E-07
0.12247	 2.405672E+00	 3.238264E-01	 6.071370E-01	 8.355667E-03	-7.941003E-03	-2.308325E-03	-2.350009E-03	 1.135230E-04	 6.711275E-04	-9.485633E-05	-1.002771E-04	 4.848770E-06	 4.956418E-06	 4.894032E-06	 3.070986E-06	-6.686454E-07
0.14142	 2.415833E+00	 3.761141E-01	 6.164729E-01	 1.116051E-02	-1.062140E-02	-2.956698E-03	-1.710158E-03	-3.221235E-05	 5.103750E-04	-6.536898E-05	-1.224904E-04	 1.394230E-05	 1.581629E-05	 2.304017E-06	 9.337336E-07	-8.559854E-07
0.15811	 2.421702E+00	 4.254200E-01	 6.231259E-01	 1.411378E-02	-1.223536E-02	-3.267616E-03	-1.131582E-03	-1.317337E-04	 3.301848E-04	-3.166641E-05	-1.059713E-04	 2.583988E-05	 2.615995E-05	 1.373678E-06	-1.578619E-06	-6.454839E-07
0.17321	 2.425827E+00	 4.717591E-01	 6.292143E-01	 1.766272E-02	-1.334448E-02	-3.804654E-03	-8.391197E-04	-1.481380E-04	 1.792009E-04	-6.995236E-06	-7.861728E-05	 2.782458E-05	 3.061456E-05	 1.982121E-06	-3.159708E-06	-2.665494E-07
0.18708	 2.429097E+00	 5.146771E-01	 6.354614E-01	 2.142340E-02	-1.429425E-02	-4.529429E-03	-8.024267E-04	-1.502857E-04	 6.849243E-05	 9.799488E-06	-5.118498E-05	 2.338423E-05	 2.882838E-05	 2.609990E-06	-3.576531E-06	 9.347760E-09
0.20000	 2.431861E+00	 5.536222E-01	 6.419881E-01	 2.504491E-02	-1.526926E-02	-5.379881E-03	-9.473571E-04	-1.655796E-04	-6.179574E-06	 1.633067E-05	-2.954586E-05	 1.718542E-05	 2.348039E-05	 2.778170E-06	-3.238159E-06	 1.566209E-07
0.21213	 2.434261E+00	 5.881940E-01	 6.486467E-01	 2.827803E-02	-1.634681E-02	-6.305065E-03	-1.208206E-03	-2.025489E-04	-5.390263E-05	 1.442904E-05	-1.570884E-05	 1.117533E-05	 1.701031E-05	 2.541979E-06	-2.528383E-06	 2.237308E-07
0.22361	 2.436362E+00	 6.183190E-01	 6.552346E-01	 3.098223E-02	-1.754678E-02	-7.265904E-03	-1.534432E-03	-2.612111E-04	-8.452207E-05	 7.366235E-06	-8.706516E-06	 6.173130E-06	 1.096838E-05	 2.036440E-06	-1.742731E-06	 2.459642E-07
0.23452	 2.438214E+00	 6.443446E-01	 6.616112E-01	 3.313260E-02	-1.885743E-02	-8.234052E-03	-1.892078E-03	-3.393325E-04	-1.059208E-04	-1.711231E-06	-6.300173E-06	 2.541970E-06	 6.137229E-06	 1.416297E-06	-1.065033E-06	 2.451443E-07
0.24495	 2.439873E+00	 6.669952E-01	 6.677446E-01	 3.481457E-02	-2.024948E-02	-9.194957E-03	-2.262414E-03	-4.342757E-04	-1.236066E-04	-1.060886E-05	-6.302221E-06	 2.984575E-07	 2.732332E-06	 8.238521E-07	-5.718841E-07	 2.356296E-07
0.25495	 2.441406E+00	 6.872104E-01	 6.736963E-01	 3.618792E-02	-2.168645E-02	-1.014645E-02	-2.638593E-03	-5.440107E-04	-1.411343E-04	-1.812190E-05	-7.169174E-06	-8.223472E-07	 6.300494E-07	 3.645559E-07	-2.691241E-07	 2.227662E-07
0.26458	 2.442871E+00	 7.058661E-01	 6.795574E-01	 3.741944E-02	-2.313561E-02	-1.109746E-02	-3.021101E-03	-6.654801E-04	-1.607783E-04	-2.443578E-05	-8.174417E-06	-1.196907E-06	-4.875903E-07	 6.990848E-08	-1.246551E-07	 2.081716E-07
0.27386	 2.444313E+00	 7.236091E-01	 6.854000E-01	 3.863637E-02	-2.457339E-02	-1.206111E-02	-3.413392E-03	-7.951956E-04	-1.838785E-04	-3.051168E-05	-9.177314E-06	-1.186736E-06	-9.779933E-07	-8.299910E-08	-9.164442E-08	 1.914610E-07
0.28284	 2.445759E+00	 7.408463E-01	 6.912654E-01	 3.991665E-02	-2.598483E-02	-1.304691E-02	-3.819238E-03	-9.312151E-04	-2.110127E-04	-3.708161E-05	-1.027593E-05	-1.102436E-06	-1.119043E-06	-1.237259E-07	-1.276249E-07	 1.677481E-07
0.29155	 2.447217E+00	 7.577335E-01	 6.971571E-01	 4.128307E-02	-2.736349E-02	-1.406010E-02	-4.241221E-03	-1.072289E-03	-2.423557E-04	-4.477876E-05	-1.163053E-05	-1.119369E-06	-1.117828E-06	-1.013112E-07	-1.991388E-07	 1.370362E-07
0.30000	 2.448680E+00	 7.742263E-01	 7.030442E-01	 4.271179E-02	-2.871030E-02	-1.510175E-02	-4.680100E-03	-1.217449E-03	-2.778121E-04	-5.411171E-05	-1.336653E-05	-1.272428E-06	-1.116625E-06	-7.790181E-08	-2.807873E-07	 1.077200E-07
0.30822	 2.450139E+00	 7.902220E-01	 7.088876E-01	 4.416534E-02	-3.002888E-02	-1.616871E-02	-5.135411E-03	-1.366940E-03	-3.170489E-04	-6.505183E-05	-1.551994E-05	-1.570531E-06	-1.175645E-06	-8.231959E-08	-3.567753E-07	 8.524019E-08
0.31623	 2.451585E+00	 8.056498E-01	 7.146586E-01	 4.561509E-02	-3.132249E-02	-1.725587E-02	-5.606265E-03	-1.521920E-03	-3.596887E-04	-7.719961E-05	-1.806010E-05	-2.036270E-06	-1.301677E-06	-1.101514E-07	-4.207789E-07	 6.862315E-08
0.32404	 2.453014E+00	 8.204706E-01	 7.203372E-01	 4.704042E-02	-3.259440E-02	-1.835883E-02	-6.091589E-03	-1.683275E-03	-4.054591E-04	-9.026251E-05	-2.093624E-05	-2.651336E-06	-1.491352E-06	-1.625041E-07	-4.722964E-07	 5.947461E-08
0.33166	 2.454423E+00	 8.346896E-01	 7.259174E-01	 4.843145E-02	-3.384704E-02	-1.947459E-02	-6.590384E-03	-1.851532E-03	-4.542197E-04	-1.040881E-04	-2.408571E-05	-3.369965E-06	-1.739379E-06	-2.445408E-07	-5.120177E-07	 6.136625E-08
0.33912	 2.455817E+00	 8.483881E-01	 7.314141E-01	 4.979865E-02	-3.507996E-02	-2.060125E-02	-7.102229E-03	-2.027414E-03	-5.059213E-04	-1.184889E-04	-2.746011E-05	-4.187381E-06	-2.027698E-06	-3.409273E-07	-5.428046E-07	 7.066397E-08
0.34641	 2.457208E+00	 8.617031E-01	 7.368620E-01	 5.116906E-02	-3.628992E-02	-2.173842E-02	-7.627533E-03	-2.211658E-03	-5.606356E-04	-1.333777E-04	-3.105007E-05	-5.119525E-06	-2.339079E-06	-4.331490E-07	-5.699704E-07	 8.036900E-08
0.35355	 2.458608E+00	 8.747780E-01	 7.423104E-01	 5.257420E-02	-3.747221E-02	-2.288738E-02	-8.167472E-03	-2.404784E-03	-6.185981E-04	-1.488943E-04	-3.487012E-05	-6.158061E-06	-2.673453E-06	-5.216470E-07	-5.976753E-07	 8.771115E-08
0.36056	 2.460028E+00	 8.877390E-01	 7.478160E-01	 5.404427E-02	-3.862136E-02	-2.405025E-02	-8.723844E-03	-2.607358E-03	-6.801459E-04	-1.652775E-04	-3.895289E-05	-7.291918E-06	-3.039436E-06	-6.141813E-07	-6.286991E-07	 9.110411E-08
0.36742	 2.461480E+00	 9.006852E-01	 7.534335E-01	 5.560517E-02	-3.973189E-02	-2.522924E-02	-9.298799E-03	-2.820132E-03	-7.456530E-04	-1.827736E-04	-4.335242E-05	-8.524307E-06	-3.446771E-06	-7.174013E-07	-6.655326E-07	 8.784385E-08
0.37417	 2.462968E+00	 9.136739E-01	 7.592017E-01	 5.727324E-02	-4.079984E-02	-2.642595E-02	-9.894232E-03	-3.043809E-03	-8.154592E-04	-2.016329E-04	-4.814363E-05	-9.860800E-06	-3.903303E-06	-8.415852E-07	-7.119277E-07	 7.627952E-08
0.38079	 2.464495E+00	 9.267170E-01	 7.651353E-01	 5.905294E-02	-4.182373E-02	-2.764094E-02	-1.051129E-02	-3.278898E-03	-8.898090E-04	-2.220653E-04	-5.341140E-05	-1.130911E-05	-4.409849E-06	-9.975685E-07	-7.742100E-07	 5.517808E-08
0.38730	 2.466058E+00	 9.397892E-01	 7.712292E-01	 6.093822E-02	-4.280444E-02	-2.887367E-02	-1.115030E-02	-3.525734E-03	-9.688842E-04	-2.442123E-04	-5.921921E-05	-1.287803E-05	-4.965134E-06	-1.193190E-06	-8.580198E-07	 2.340205E-08
0.39370	 2.467651E+00	 9.528388E-01	 7.774674E-01	 6.291539E-02	-4.374460E-02	-3.012309E-02	-1.181108E-02	-3.784541E-03	-1.052843E-03	-2.681567E-04	-6.559298E-05	-1.457064E-05	-5.570738E-06	-1.434223E-06	-9.656900E-07	-1.897506E-08
0.40000	 2.469268E+00	 9.658046E-01	 7.838346E-01	 6.496772E-02	-4.464776E-02	-3.138815E-02	-1.249333E-02	-4.055564E-03	-1.141836E-03	-2.939326E-04	-7.252981E-05	-1.638572E-05	-6.228288E-06	-1.723472E-06	-1.097448E-06	-7.122233E-08
0.40620	 2.470905E+00	 9.786371E-01	 7.903286E-01	 6.708184E-02	-4.551686E-02	-3.266852E-02	-1.319728E-02	-4.339320E-03	-1.236092E-03	-3.215524E-04	-8.000563E-05	-1.832147E-05	-6.941030E-06	-2.059984E-06	-1.250985E-06	-1.326813E-07
0.41231	 2.472560E+00	 9.913137E-01	 7.969682E-01	 6.925289E-02	-4.635304E-02	-3.396497E-02	-1.392418E-02	-4.636800E-03	-1.335978E-03	-3.510369E-04	-8.799428E-05	-2.038498E-05	-7.714404E-06	-2.437278E-06	-1.421984E-06	-2.045287E-07
0.41833	 2.474236E+00	 1.003839E+00	 8.037895E-01	 7.148454E-02	-4.715552E-02	-3.527926E-02	-1.467621E-02	-4.949428E-03	-1.442004E-03	-3.824543E-04	-9.649035E-05	-2.259049E-05	-8.553405E-06	-2.847077E-06	-1.606926E-06	-2.895265E-07
0.42426	 2.475939E+00	 1.016236E+00	 8.108361E-01	 7.378533E-02	-4.792239E-02	-3.661379E-02	-1.545617E-02	-5.278863E-03	-1.554784E-03	-4.159524E-04	-1.055189E-04	-2.494700E-05	-9.460199E-06	-3.286183E-06	-1.805102E-06	-3.893561E-07
0.43012	 2.477674E+00	 1.028535E+00	 8.181507E-01	 7.616642E-02	-4.865109E-02	-3.797099E-02	-1.626695E-02	-5.626835E-03	-1.674985E-03	-4.517361E-04	-1.151352E-04	-2.746266E-05	-1.043176E-05	-3.753694E-06	-2.019254E-06	-5.055542E-07
0.43589	 2.479450E+00	 1.040780E+00	 8.257766E-01	 7.864242E-02	-4.933796E-02	-3.935324E-02	-1.711166E-02	-5.995256E-03	-1.803394E-03	-4.900626E-04	-1.254097E-04	-3.014920E-05	-1.146505E-05	-4.247811E-06	-2.252540E-06	-6.404779E-07
0.44159	 2.481273E+00	 1.053021E+00	 8.337565E-01	 8.123063E-02	-4.997827E-02	-4.076288E-02	-1.799352E-02	-6.386205E-03	-1.940933E-03	-5.312517E-04	-1.364254E-04	-3.301902E-05	-1.255910E-05	-4.767935E-06	-2.507756E-06	-7.963859E-07
0.44721	 2.483152E+00	 1.065310E+00	 8.421308E-01	 8.395010E-02	-5.056632E-02	-4.220197E-02	-1.891583E-02	-6.801900E-03	-2.088641E-03	-5.756840E-04	-1.482837E-04	-3.608747E-05	-1.371343E-05	-5.314088E-06	-2.787959E-06	-9.757375E-07
0.45277	 2.485096E+00	 1.077699E+00	 8.509367E-01	 8.682056E-02	-5.109571E-02	-4.367227E-02	-1.988187E-02	-7.244694E-03	-2.247686E-03	-6.238018E-04	-1.611026E-04	-3.937296E-05	-1.492894E-05	-5.886730E-06	-3.095832E-06	-1.181219E-06
0.45826	 2.487111E+00	 1.090235E+00	 8.602043E-01	 8.986031E-02	-5.155987E-02	-4.517502E-02	-2.089466E-02	-7.716952E-03	-2.419319E-03	-6.761031E-04	-1.750178E-04	-4.289498E-05	-1.620603E-05	-6.487704E-06	-3.434520E-06	-1.415388E-06
0.46368	 2.489204E+00	 1.102952E+00	 8.699560E-01	 9.308519E-02	-5.195242E-02	-4.671088E-02	-2.195689E-02	-8.221011E-03	-2.604858E-03	-7.331332E-04	-1.901829E-04	-4.667527E-05	-1.754368E-05	-7.118902E-06	-3.807345E-06	-1.680826E-06
0.46904	 2.491380E+00	 1.115873E+00	 8.802070E-01	 9.650793E-02	-5.226746E-02	-4.828003E-02	-2.307090E-02	-8.759143E-03	-2.805658E-03	-7.954780E-04	-2.067696E-04	-5.073736E-05	-1.893823E-05	-7.782081E-06	-4.218246E-06	-1.979926E-06
0.47434	 2.493641E+00	 1.129015E+00	 8.909718E-01	 1.001400E-01	-5.249903E-02	-4.988252E-02	-2.423911E-02	-9.333786E-03	-3.023203E-03	-8.637797E-04	-2.249651E-04	-5.510837E-05	-2.038664E-05	-8.477397E-06	-4.669622E-06	-2.315006E-06
0.47958	 2.495993E+00	 1.142388E+00	 9.022683E-01	 1.039929E-01	-5.264056E-02	-5.151860E-02	-2.546434E-02	-9.947769E-03	-3.259202E-03	-9.387610E-04	-2.449725E-04	-5.982175E-05	-2.188939E-05	-9.202221E-06	-5.160156E-06	-2.688436E-06
0.48477	 2.498438E+00	 1.155992E+00	 9.141095E-01	 1.080758E-01	-5.268578E-02	-5.318820E-02	-2.674928E-02	-1.060398E-02	-3.515456E-03	-1.021206E-03	-2.670246E-04	-6.491801E-05	-2.344437E-05	-9.951920E-06	-5.688043E-06	-3.102816E-06
0.48990	 2.500975E+00	 1.169813E+00	 9.264936E-01	 1.123910E-01	-5.263005E-02	-5.489034E-02	-2.809566E-02	-1.130494E-02	-3.793679E-03	-1.111920E-03	-2.913842E-04	-7.044086E-05	-2.504045E-05	-1.072056E-05	-6.254070E-06	-3.560653E-06
0.49497	 2.503602E+00	 1.183821E+00	 9.394056E-01	 1.169354E-01	-5.247032E-02	-5.662326E-02	-2.950430E-02	-1.205270E-02	-4.095482E-03	-1.211713E-03	-3.183289E-04	-7.643467E-05	-2.666135E-05	-1.150027E-05	-6.858948E-06	-4.063589E-06
0.50000	 2.506318E+00	 1.197989E+00	 9.528307E-01	 1.217056E-01	-5.220328E-02	-5.838499E-02	-3.097590E-02	-1.284945E-02	-4.422599E-03	-1.321454E-03	-3.481523E-04	-8.295354E-05	-2.829378E-05	-1.227712E-05	-7.498152E-06	-4.613301E-06
0.50498	 2.509121E+00	 1.212293E+00	 9.667562E-01	 1.267000E-01	-5.182496E-02	-6.017347E-02	-3.251119E-02	-1.369746E-02	-4.776896E-03	-1.442091E-03	-3.811800E-04	-9.006453E-05	-2.992728E-05	-1.303319E-05	-8.163280E-06	-5.211237E-06
0.50990	 2.512009E+00	 1.226712E+00	 9.811699E-01	 1.319174E-01	-5.133108E-02	-6.198644E-02	-3.411076E-02	-1.459901E-02	-5.160325E-03	-1.574662E-03	-4.177838E-04	-9.784653E-05	-3.155009E-05	-1.374837E-05	-8.844386E-06	-5.858016E-06
0.51478	 2.514981E+00	 1.241228E+00	 9.960553E-01	 1.373552E-01	-5.071766E-02	-6.382110E-02	-3.577465E-02	-1.555614E-02	-5.574802E-03	-1.720254E-03	-4.583800E-04	-1.063928E-04	-3.314873E-05	-1.440008E-05	-9.530780E-06	-6.553687E-06
0.51962	 2.518035E+00	 1.255822E+00	 1.011393E+00	 1.430105E-01	-4.998086E-02	-6.567418E-02	-3.750237E-02	-1.657061E-02	-6.022220E-03	-1.880013E-03	-5.034314E-04	-1.158132E-04	-3.470970E-05	-1.496326E-05	-1.021011E-05	-7.297250E-06
0.52440	 2.521170E+00	 1.270483E+00	 1.027165E+00	 1.488818E-01	-4.911643E-02	-6.754216E-02	-3.929322E-02	-1.764412E-02	-6.504519E-03	-2.055163E-03	-5.534512E-04	-1.262391E-04	-3.622415E-05	-1.540990E-05	-1.086668E-05	-8.086575E-06
0.52915	 2.524386E+00	 1.285208E+00	 1.043361E+00	 1.549704E-01	-4.811890E-02	-6.942147E-02	-4.114667E-02	-1.877855E-02	-7.023809E-03	-2.247055E-03	-6.090209E-04	-1.378287E-04	-3.768977E-05	-1.570945E-05	-1.148049E-05	-8.917765E-06
0.53385	 2.527685E+00	 1.300000E+00	 1.059973E+00	 1.612812E-01	-4.698162E-02	-7.130840E-02	-4.306228E-02	-1.997590E-02	-7.582344E-03	-2.457171E-03	-6.708033E-04	-1.507759E-04	-3.911204E-05	-1.582893E-05	-1.202829E-05	-9.785755E-06
0.53852	 2.531068E+00	 1.314868E+00	 1.076997E+00	 1.678199E-01	-4.569741E-02	-7.319882E-02	-4.503934E-02	-2.123809E-02	-8.182428E-03	-2.687101E-03	-7.395461E-04	-1.653126E-04	-4.050436E-05	-1.573461E-05	-1.248488E-05	-1.068376E-05
0.54314	 2.534538E+00	 1.329823E+00	 1.094429E+00	 1.745930E-01	-4.425874E-02	-7.508834E-02	-4.707693E-02	-2.256695E-02	-8.826411E-03	-2.938538E-03	-8.160805E-04	-1.817109E-04	-4.189064E-05	-1.539230E-05	-1.282220E-05	-1.160269E-05
0.54772	 2.538096E+00	 1.344874E+00	 1.112266E+00	 1.816071E-01	-4.265789E-02	-7.697226E-02	-4.917392E-02	-2.396423E-02	-9.516689E-03	-3.213274E-03	-9.013204E-04	-2.002869E-04	-4.330903E-05	-1.476746E-05	-1.300819E-05	-1.253077E-05
0.55227	 2.541746E+00	 1.360031E+00	 1.130505E+00	 1.888692E-01	-4.088677E-02	-7.884580E-02	-5.132912E-02	-2.543171E-02	-1.025576E-02	-3.513224E-03	-9.962716E-04	-2.214046E-04	-4.481307E-05	-1.382577E-05	-1.300632E-05	-1.345259E-05
0.55678	 2.545490E+00	 1.375303E+00	 1.149144E+00	 1.963859E-01	-3.893733E-02	-8.070387E-02	-5.354105E-02	-2.697103E-02	-1.104611E-02	-3.840385E-03	-1.102026E-03	-2.454821E-04	-4.647623E-05	-1.253437E-05	-1.277629E-05	-1.434979E-05
0.56125	 2.549330E+00	 1.390698E+00	 1.168182E+00	 2.041641E-01	-3.680108E-02	-8.254119E-02	-5.580813E-02	-2.858388E-02	-1.189035E-02	-4.196891E-03	-1.219780E-03	-2.729956E-04	-4.839361E-05	-1.086192E-05	-1.227179E-05	-1.519906E-05
0.56569	 2.553268E+00	 1.406220E+00	 1.187615E+00	 2.122089E-01	-3.447043E-02	-8.435204E-02	-5.812809E-02	-3.027141E-02	-1.279090E-02	-4.584880E-03	-1.350807E-03	-3.044840E-04	-5.068639E-05	-8.782873E-06	-1.144525E-05	-1.597417E-05
0.57009	 2.557306E+00	 1.421874E+00	 1.207436E+00	 2.205248E-01	-3.193792E-02	-8.613053E-02	-6.049839E-02	-3.203463E-02	-1.375013E-02	-5.006557E-03	-1.496471E-03	-3.405516E-04	-5.350580E-05	-6.278396E-06	-1.024640E-05	-1.664472E-05
0.57446	 2.561445E+00	 1.437665E+00	 1.227648E+00	 2.291188E-01	-2.919454E-02	-8.787101E-02	-6.291711E-02	-3.387512E-02	-1.477082E-02	-5.464387E-03	-1.658274E-03	-3.818755E-04	-5.703695E-05	-3.334618E-06	-8.615537E-06	-1.717210E-05
0.57879	 2.565687E+00	 1.453593E+00	 1.248249E+00	 2.379956E-01	-2.623238E-02	-8.956752E-02	-6.538168E-02	-3.579396E-02	-1.585555E-02	-5.960828E-03	-1.837802E-03	-4.292076E-04	-6.150052E-05	 5.131226E-08	-6.492681E-06	-1.751375E-05
0.58310	 2.570032E+00	 1.469652E+00	 1.269228E+00	 2.471552E-01	-2.304565E-02	-9.121387E-02	-6.788859E-02	-3.779144E-02	-1.700644E-02	-6.498223E-03	-2.036681E-03	-4.833638E-04	-6.715398E-05	 3.867274E-06	-3.820708E-06	-1.762359E-05
0.58737	 2.574481E+00	 1.485837E+00	 1.290578E+00	 2.565985E-01	-1.962794E-02	-9.280403E-02	-7.043459E-02	-3.986806E-02	-1.822583E-02	-7.079078E-03	-2.256651E-03	-5.452381E-04	-7.429883E-05	 8.089496E-06	-5.359977E-07	-1.744717E-05
0.59161	 2.579034E+00	 1.502139E+00	 1.312294E+00	 2.663262E-01	-1.597289E-02	-9.433202E-02	-7.301638E-02	-4.202432E-02	-1.951607E-02	-7.705980E-03	-2.499553E-03	-6.158072E-04	-8.328358E-05	 1.267770E-05	 3.426385E-06	-1.692386E-05
0.59582	 2.583690E+00	 1.518548E+00	 1.334366E+00	 2.763364E-01	-1.207550E-02	-9.579180E-02	-7.563001E-02	-4.426009E-02	-2.087916E-02	-8.381415E-03	-2.767270E-03	-6.961224E-04	-9.450648E-05	 1.756800E-05	 8.125625E-06	-1.598956E-05
0.60000	 2.588449E+00	 1.535059E+00	 1.356790E+00	 2.866293E-01	-7.929689E-03	-9.717727E-02	-7.827176E-02	-4.657547E-02	-2.231729E-02	-9.108049E-03	-3.061830E-03	-7.873374E-04	-1.084245E-04	 2.267584E-05	 1.362231E-05	-1.457294E-05
0.60415	 2.593312E+00	 1.551662E+00	 1.379560E+00	 2.972049E-01	-3.529588E-03	-9.848226E-02	-8.093761E-02	-4.897031E-02	-2.383254E-02	-9.888558E-03	-3.385340E-03	-8.906951E-04	-1.255554E-04	 2.788762E-05	 1.997105E-05	-1.259831E-05
0.60828	 2.598279E+00	 1.568353E+00	 1.402669E+00	 3.080622E-01	 1.130228E-03	-9.970051E-02	-8.362321E-02	-5.144415E-02	-2.542680E-02	-1.072561E-02	-3.739987E-03	-1.007530E-03	-1.464809E-04	 3.305764E-05	 2.721834E-05	-9.986058E-06
0.61237	 2.603350E+00	 1.585124E+00	 1.426111E+00	 3.192006E-01	 6.055349E-03	-1.008256E-01	-8.632400E-02	-5.399633E-02	-2.710190E-02	-1.162190E-02	-4.128053E-03	-1.139278E-03	-1.718534E-04	 3.800552E-05	 3.540243E-05	-6.652626E-06
0.61644	 2.608525E+00	 1.601968E+00	 1.449879E+00	 3.306184E-01	 1.125067E-02	-1.018512E-01	-8.903503E-02	-5.662579E-02	-2.885939E-02	-1.258007E-02	-4.551865E-03	-1.287457E-03	-2.023963E-04	 4.250932E-05	 4.454695E-05	-2.513360E-06
0.62048	 2.613804E+00	 1.618882E+00	 1.473966E+00	 3.423150E-01	 1.672186E-02	-1.027707E-01	-9.175133E-02	-5.933152E-02	-3.070090E-02	-1.360285E-02	-5.013879E-03	-1.453704E-03	-2.389129E-04	 4.630645E-05	 5.466489E-05	 2.520076E-06
0.62450	 2.619187E+00	 1.635858E+00	 1.498363E+00	 3.542882E-01	 2.247330E-02	-1.035774E-01	-9.446732E-02	-6.211182E-02	-3.262762E-02	-1.469281E-02	-5.516546E-03	-1.639729E-03	-2.822842E-04	 4.908292E-05	 6.574673E-05	 8.532690E-06
0.62849	 2.624673E+00	 1.652890E+00	 1.523060E+00	 3.665348E-01	 2.850884E-02	-1.042649E-01	-9.717710E-02	-6.496460E-02	-3.464043E-02	-1.585241E-02	-6.062354E-03	-1.847327E-03	-3.334711E-04	 5.047271E-05	 7.776112E-05	 1.560747E-05
0.63246	 2.630262E+00	 1.669975E+00	 1.548049E+00	 3.790531E-01	 3.483290E-02	-1.048263E-01	-9.987468E-02	-6.788770E-02	-3.674023E-02	-1.708415E-02	-6.653880E-03	-2.078405E-03	-3.935262E-04	 5.005346E-05	 9.065388E-05	 2.382456E-05
0.63640	 2.635954E+00	 1.687110E+00	 1.573320E+00	 3.918409E-01	 4.144942E-02	-1.052551E-01	-1.025538E-01	-7.087856E-02	-3.892755E-02	-1.839039E-02	-7.293710E-03	-2.334950E-03	-4.635908E-04	 4.733865E-05	 1.043380E-04	 3.325510E-05
0.64031	 2.641751E+00	 1.704293E+00	 1.598871E+00	 4.048983E-01	 4.836374E-02	-1.055443E-01	-1.052085E-01	-7.393492E-02	-4.120315E-02	-1.977369E-02	-7.984589E-03	-2.619087E-03	-5.449094E-04	 4.177846E-05	 1.187001E-04	 4.396663E-05
0.64420	 2.647651E+00	 1.721527E+00	 1.624699E+00	 4.182260E-01	 5.558121E-02	-1.056873E-01	-1.078325E-01	-7.705421E-02	-4.356759E-02	-2.123649E-02	-8.729303E-03	-2.933044E-03	-6.388301E-04	 3.274821E-05	 1.335870E-04	 5.601349E-05
0.64807	 2.653658E+00	 1.738811E+00	 1.650799E+00	 4.318240E-01	 6.310688E-02	-1.056771E-01	-1.104194E-01	-8.023357E-02	-4.602115E-02	-2.278117E-02	-9.530662E-03	-3.279140E-03	-7.467999E-04	 1.954756E-05	 1.488035E-04	 6.943585E-05
0.65192	 2.659771E+00	 1.756146E+00	 1.677169E+00	 4.456926E-01	 7.094607E-02	-1.055069E-01	-1.129626E-01	-8.347008E-02	-4.856407E-02	-2.441011E-02	-1.039156E-02	-3.659805E-03	-8.703721E-04	 1.398254E-06	 1.641135E-04	 8.426093E-05
0.65574	 2.665991E+00	 1.773532E+00	 1.703804E+00	 4.598310E-01	 7.910282E-02	-1.051697E-01	-1.154549E-01	-8.676000E-02	-5.119596E-02	-2.612533E-02	-1.131477E-02	-4.077519E-03	-1.011198E-03	-2.256749E-05	 1.792231E-04	 1.004891E-04
0.65955	 2.672318E+00	 1.790969E+00	 1.730696E+00	 4.742375E-01	 8.758053E-02	-1.046588E-01	-1.178891E-01	-9.009921E-02	-5.391609E-02	-2.792868E-02	-1.230306E-02	-4.534822E-03	-1.171025E-03	-5.330498E-05	 1.937822E-04	 1.180957E-04
0.66332	 2.678753E+00	 1.808455E+00	 1.757839E+00	 4.889099E-01	 9.638239E-02	-1.039678E-01	-1.202580E-01	-9.348359E-02	-5.672360E-02	-2.982190E-02	-1.335917E-02	-5.034329E-03	-1.351699E-03	-9.185628E-05	 2.073850E-04	 1.370309E-04
0.66708	 2.685295E+00	 1.825987E+00	 1.785231E+00	 5.038469E-01	 1.055121E-01	-1.030906E-01	-1.225546E-01	-9.690926E-02	-5.961773E-02	-3.180683E-02	-1.448592E-02	-5.578751E-03	-1.555173E-03	-1.393557E-04	 2.195661E-04	 1.572161E-04
0.67082	 2.691947E+00	 1.843565E+00	 1.812872E+00	 5.190482E-01	 1.149745E-01	-1.020211E-01	-1.247724E-01	-1.003727E-01	-6.259794E-02	-3.388542E-02	-1.568628E-02	-6.170935E-03	-1.783526E-03	-1.970342E-04	 2.298010E-04	 1.785455E-04
0.67454	 2.698708E+00	 1.861184E+00	 1.840762E+00	 5.345118E-01	 1.247732E-01	-1.007536E-01	-1.269047E-01	-1.038699E-01	-6.566327E-02	-3.605936E-02	-1.696308E-02	-6.813764E-03	-2.038925E-03	-2.662220E-04	 2.374915E-04	 2.008721E-04
0.67823	 2.705578E+00	 1.878840E+00	 1.868894E+00	 5.502342E-01	 1.349102E-01	-9.928246E-02	-1.289441E-01	-1.073961E-01	-6.881196E-02	-3.832985E-02	-1.831896E-02	-7.510093E-03	-2.323616E-03	-3.483511E-04	 2.419556E-04	 2.239974E-04
0.68191	 2.712557E+00	 1.896532E+00	 1.897262E+00	 5.662120E-01	 1.453875E-01	-9.760192E-02	-1.308829E-01	-1.109461E-01	-7.204192E-02	-4.069783E-02	-1.975644E-02	-8.262807E-03	-2.639937E-03	-4.449593E-04	 2.424278E-04	 2.476721E-04
0.68557	 2.719645E+00	 1.914257E+00	 1.925861E+00	 5.824427E-01	 1.562072E-01	-9.570631E-02	-1.327137E-01	-1.145146E-01	-7.535099E-02	-4.316419E-02	-2.127807E-02	-9.074851E-03	-2.990328E-03	-5.576920E-04	 2.380585E-04	 2.715954E-04
0.68920	 2.726843E+00	 1.932015E+00	 1.954690E+00	 5.989249E-01	 1.673727E-01	-9.358990E-02	-1.344291E-01	-1.180966E-01	-7.873704E-02	-4.572984E-02	-2.288640E-02	-9.949257E-03	-3.377343E-03	-6.883077E-04	 2.279100E-04	 2.954115E-04
0.69282	 2.734153E+00	 1.949806E+00	 1.983749E+00	 6.156582E-01	 1.788877E-01	-9.124677E-02	-1.360215E-01	-1.216870E-01	-8.219787E-02	-4.839564E-02	-2.458402E-02	-1.088914E-02	-3.803651E-03	-8.386865E-04	 2.109480E-04	 3.187020E-04
0.69642	 2.741574E+00	 1.967631E+00	 2.013035E+00	 6.326410E-01	 1.907551E-01	-8.867128E-02	-1.374833E-01	-1.252802E-01	-8.573077E-02	-5.116206E-02	-2.637329E-02	-1.189756E-02	-4.271988E-03	-1.010815E-03	 1.860374E-04	 3.409763E-04
0.70000	 2.749107E+00	 1.985487E+00	 2.042543E+00	 6.498701E-01	 2.029762E-01	-8.585834E-02	-1.388068E-01	-1.288703E-01	-8.933250E-02	-5.402916E-02	-2.825636E-02	-1.297752E-02	-4.785127E-03	-1.206775E-03	 1.519437E-04	 3.616681E-04
0.70356	 2.756752E+00	 2.003375E+00	 2.072271E+00	 6.673435E-01	 2.155535E-01	-8.280262E-02	-1.399843E-01	-1.324514E-01	-9.299984E-02	-5.699698E-02	-3.023535E-02	-1.413209E-02	-5.345951E-03	-1.428769E-03	 1.073283E-04	 3.801371E-04
0.70711	 2.764510E+00	 2.021293E+00	 2.102217E+00	 6.850591E-01	 2.284889E-01	-7.949900E-02	-1.410080E-01	-1.360174E-01	-9.672928E-02	-6.006532E-02	-3.231226E-02	-1.536428E-02	-5.957400E-03	-1.679106E-03	 5.074490E-05	 3.956589E-04
0.71063	 2.772381E+00	 2.039241E+00	 2.132378E+00	 7.030141E-01	 2.417840E-01	-7.594269E-02	-1.418704E-01	-1.395620E-01	-1.005170E-01	-6.323371E-02	-3.448890E-02	-1.667709E-02	-6.622464E-03	-1.960197E-03	-1.936167E-05	 4.074203E-04
0.71414	 2.780367E+00	 2.057221E+00	 2.162755E+00	 7.212086E-01	 2.554424E-01	-7.212829E-02	-1.425637E-01	-1.430793E-01	-1.043596E-01	-6.650186E-02	-3.676725E-02	-1.807364E-02	-7.344280E-03	-2.274595E-03	-1.046656E-04	 4.145216E-04
0.71764	 2.788468E+00	 2.075232E+00	 2.193348E+00	 7.396411E-01	 2.694665E-01	-6.805086E-02	-1.430802E-01	-1.465629E-01	-1.082528E-01	-6.986905E-02	-3.914897E-02	-1.955694E-02	-8.125998E-03	-2.624946E-03	-2.069571E-04	 4.159605E-04
0.72111	 2.796685E+00	 2.093275E+00	 2.224156E+00	 7.583097E-01	 2.838581E-01	-6.370574E-02	-1.434123E-01	-1.500062E-01	-1.121923E-01	-7.333422E-02	-4.163550E-02	-2.112988E-02	-8.970787E-03	-3.013991E-03	-3.281431E-04	 4.106305E-04
0.72457	 2.805021E+00	 2.111352E+00	 2.255184E+00	 7.772159E-01	 2.986219E-01	-5.908722E-02	-1.435520E-01	-1.534032E-01	-1.161742E-01	-7.689670E-02	-4.422857E-02	-2.279563E-02	-9.882022E-03	-3.444644E-03	-4.702696E-04	 3.973229E-04
0.72801	 2.813476E+00	 2.129466E+00	 2.286432E+00	 7.963595E-01	 3.137611E-01	-5.419030E-02	-1.434915E-01	-1.567471E-01	-1.201938E-01	-8.055523E-02	-4.692950E-02	-2.455711E-02	-1.086303E-02	-3.919892E-03	-6.355001E-04	 3.747112E-04
0.73144	 2.822053E+00	 2.147618E+00	 2.317903E+00	 8.157395E-01	 3.292782E-01	-4.901017E-02	-1.432230E-01	-1.600311E-01	-1.242462E-01	-8.430823E-02	-4.973936E-02	-2.641716E-02	-1.191716E-02	-4.442811E-03	-8.261235E-04	 3.413494E-04
0.73485	 2.830753E+00	 2.165812E+00	 2.349603E+00	 8.353589E-01	 3.451790E-01	-4.354064E-02	-1.427381E-01	-1.632486E-01	-1.283269E-01	-8.815457E-02	-5.265959E-02	-2.837889E-02	-1.304798E-02	-5.016682E-03	-1.044590E-03	 2.956691E-04
0.73824	 2.839579E+00	 2.184050E+00	 2.381533E+00	 8.552175E-01	 3.614667E-01	-3.777678E-02	-1.420288E-01	-1.663925E-01	-1.324305E-01	-9.209224E-02	-5.569098E-02	-3.044503E-02	-1.425892E-02	-5.644800E-03	-1.293456E-03	 2.359722E-04
0.74162	 2.848532E+00	 2.202335E+00	 2.413697E+00	 8.753152E-01	 3.781445E-01	-3.171356E-02	-1.410869E-01	-1.694555E-01	-1.365513E-01	-9.611904E-02	-5.883412E-02	-3.261823E-02	-1.555345E-02	-6.330565E-03	-1.575411E-03	 1.604275E-04
0.74498	 2.857615E+00	 2.220672E+00	 2.446101E+00	 8.956565E-01	 3.952193E-01	-2.534423E-02	-1.399036E-01	-1.724307E-01	-1.406844E-01	-1.002333E-01	-6.209012E-02	-3.490154E-02	-1.693531E-02	-7.077616E-03	-1.893337E-03	 6.705829E-05
0.74833	 2.866831E+00	 2.239065E+00	 2.478750E+00	 9.162411E-01	 4.126943E-01	-1.866386E-02	-1.384706E-01	-1.753103E-01	-1.448235E-01	-1.044324E-01	-6.545914E-02	-3.729739E-02	-1.840797E-02	-7.889537E-03	-2.250197E-03	-4.624816E-05
0.75166	 2.876181E+00	 2.257515E+00	 2.511647E+00	 9.370704E-01	 4.305739E-01	-1.166699E-02	-1.367793E-01	-1.780868E-01	-1.489625E-01	-1.087133E-01	-6.894137E-02	-3.980827E-02	-1.997498E-02	-8.770047E-03	-2.649107E-03	-1.817554E-04
0.75498	 2.885671E+00	 2.276032E+00	 2.544806E+00	 9.581520E-01	 4.488682E-01	-4.345493E-03	-1.348201E-01	-1.807530E-01	-1.530960E-01	-1.130745E-01	-7.253778E-02	-4.243732E-02	-2.164037E-02	-9.723217E-03	-3.093440E-03	-3.419099E-04
0.75829	 2.895302E+00	 2.294620E+00	 2.578232E+00	 9.794875E-01	 4.675819E-01	 3.306290E-03	-1.325841E-01	-1.833007E-01	-1.572173E-01	-1.175125E-01	-7.624815E-02	-4.518679E-02	-2.340773E-02	-1.075297E-02	-3.586615E-03	-5.292977E-04
0.76158	 2.905079E+00	 2.313282E+00	 2.611934E+00	 1.001080E+00	 4.867213E-01	 1.129460E-02	-1.300622E-01	-1.857221E-01	-1.613197E-01	-1.220241E-01	-8.007225E-02	-4.805904E-02	-2.528072E-02	-1.186338E-02	-4.132223E-03	-7.466781E-04
0.76485	 2.915008E+00	 2.332031E+00	 2.645930E+00	 1.022940E+00	 5.063002E-01	 1.962943E-02	-1.272434E-01	-1.880093E-01	-1.653974E-01	-1.266074E-01	-8.401106E-02	-5.105737E-02	-2.726373E-02	-1.305902E-02	-4.734207E-03	-9.970496E-04
0.76811	 2.925092E+00	 2.350870E+00	 2.680230E+00	 1.045072E+00	 5.263257E-01	 2.831765E-02	-1.241180E-01	-1.901539E-01	-1.694432E-01	-1.312586E-01	-8.806402E-02	-5.418398E-02	-2.936051E-02	-1.434423E-02	-5.396508E-03	-1.283546E-03
0.77136	 2.935335E+00	 2.369804E+00	 2.714841E+00	 1.067477E+00	 5.468041E-01	 3.736572E-02	-1.206762E-01	-1.921471E-01	-1.734492E-01	-1.359736E-01	-9.223009E-02	-5.744076E-02	-3.157468E-02	-1.572333E-02	-6.123192E-03	-1.609476E-03
0.77460	 2.945745E+00	 2.388845E+00	 2.749785E+00	 1.090170E+00	 5.677521E-01	 4.678519E-02	-1.169056E-01	-1.939804E-01	-1.774092E-01	-1.407499E-01	-9.651003E-02	-6.083105E-02	-3.391091E-02	-1.720142E-02	-6.918814E-03	-1.978470E-03
0.77782	 2.956327E+00	 2.408001E+00	 2.785078E+00	 1.113158E+00	 5.891811E-01	 5.658519E-02	-1.127950E-01	-1.956447E-01	-1.813152E-01	-1.455838E-01	-1.009032E-01	-6.435721E-02	-3.637329E-02	-1.878335E-02	-7.787949E-03	-2.394311E-03
0.78102	 2.967085E+00	 2.427274E+00	 2.820729E+00	 1.136443E+00	 6.110985E-01	 6.677288E-02	-1.083334E-01	-1.971304E-01	-1.851586E-01	-1.504701E-01	-1.054079E-01	-6.802075E-02	-3.896543E-02	-2.047378E-02	-8.735190E-03	-2.860934E-03
0.78422	 2.978026E+00	 2.446675E+00	 2.856756E+00	 1.160036E+00	 6.335205E-01	 7.736017E-02	-1.035075E-01	-1.984278E-01	-1.889314E-01	-1.554052E-01	-1.100239E-01	-7.182453E-02	-4.169193E-02	-2.227812E-02	-9.765663E-03	-3.382641E-03
0.78740	 2.989155E+00	 2.466210E+00	 2.893172E+00	 1.183944E+00	 6.564573E-01	 8.835599E-02	-9.830497E-02	-1.995265E-01	-1.926243E-01	-1.603839E-01	-1.147494E-01	-7.577015E-02	-4.455664E-02	-2.420139E-02	-1.088442E-02	-3.963852E-03
0.79057	 3.000477E+00	 2.485882E+00	 2.929983E+00	 1.208168E+00	 6.799155E-01	 9.976738E-02	-9.271433E-02	-2.004158E-01	-1.962270E-01	-1.653996E-01	-1.195814E-01	-7.985830E-02	-4.756276E-02	-2.624832E-02	-1.209646E-02	-4.609115E-03
0.79373	 3.011998E+00	 2.505702E+00	 2.967210E+00	 1.232722E+00	 7.039146E-01	 1.116085E-01	-8.671988E-02	-2.010848E-01	-1.997306E-01	-1.704483E-01	-1.245194E-01	-8.409184E-02	-5.071522E-02	-2.842486E-02	-1.340763E-02	-5.323511E-03
0.79687	 3.023723E+00	 2.525672E+00	 3.004860E+00	 1.257606E+00	 7.284596E-01	 1.238862E-01	-8.030945E-02	-2.015215E-01	-2.031235E-01	-1.755225E-01	-1.295595E-01	-8.847087E-02	-5.401700E-02	-3.073581E-02	-1.482323E-02	-6.112011E-03
0.80000	 3.035653E+00	 2.545789E+00	 3.042927E+00	 1.282813E+00	 7.535476E-01	 1.366026E-01	-7.347357E-02	-2.017145E-01	-2.063926E-01	-1.806120E-01	-1.346953E-01	-9.299337E-02	-5.746952E-02	-3.318500E-02	-1.634812E-02	-6.979509E-03
0.80312	 3.047805E+00	 2.566081E+00	 3.081470E+00	 1.308380E+00	 7.792208E-01	 1.497834E-01	-6.618965E-02	-2.016513E-01	-2.095299E-01	-1.857153E-01	-1.399290E-01	-9.766479E-02	-6.107997E-02	-3.578037E-02	-1.798979E-02	-7.932466E-03
0.80623	 3.060202E+00	 2.586582E+00	 3.120556E+00	 1.334346E+00	 8.055291E-01	 1.634590E-01	-5.843177E-02	-2.013183E-01	-2.125267E-01	-1.908312E-01	-1.452634E-01	-1.024915E-01	-6.485648E-02	-3.853078E-02	-1.975658E-02	-8.978060E-03
0.80932	 3.072855E+00	 2.607305E+00	 3.160218E+00	 1.360728E+00	 8.324939E-01	 1.776447E-01	-5.018200E-02	-2.007013E-01	-2.153695E-01	-1.959512E-01	-1.506943E-01	-1.074739E-01	-6.880289E-02	-4.144236E-02	-2.165536E-02	-1.012294E-02
0.81240	 3.085790E+00	 2.628285E+00	 3.200529E+00	 1.387567E+00	 8.601692E-01	 1.923741E-01	-4.141051E-02	-1.997837E-01	-2.180470E-01	-2.010725E-01	-1.562235E-01	-1.126183E-01	-7.292779E-02	-4.452485E-02	-2.369556E-02	-1.137543E-02
0.81548	 3.099033E+00	 2.649566E+00	 3.241577E+00	 1.414921E+00	 8.886254E-01	 2.076910E-01	-3.208001E-02	-1.985464E-01	-2.205478E-01	-2.061942E-01	-1.618555E-01	-1.179338E-01	-7.724239E-02	-4.779023E-02	-2.588835E-02	-1.274521E-02
0.81854	 3.112601E+00	 2.671159E+00	 3.283398E+00	 1.442804E+00	 9.178883E-01	 2.236151E-01	-2.216640E-02	-1.969705E-01	-2.228541E-01	-2.113054E-01	-1.675849E-01	-1.234206E-01	-8.175116E-02	-5.124594E-02	-2.824227E-02	-1.424071E-02
0.82158	 3.126508E+00	 2.693080E+00	 3.326029E+00	 1.471237E+00	 9.479898E-01	 2.401699E-01	-1.164242E-02	-1.950355E-01	-2.249474E-01	-2.163954E-01	-1.734061E-01	-1.290796E-01	-8.645925E-02	-5.490010E-02	-3.076662E-02	-1.587109E-02
0.82462	 3.140785E+00	 2.715370E+00	 3.369559E+00	 1.500275E+00	 9.790037E-01	 2.574034E-01	-4.641408E-04	-1.927167E-01	-2.268106E-01	-2.214594E-01	-1.793212E-01	-1.349188E-01	-9.137808E-02	-5.876594E-02	-3.347441E-02	-1.764817E-02
0.82765	 3.155459E+00	 2.738065E+00	 3.414063E+00	 1.529962E+00	 1.010994E+00	 2.753585E-01	 1.141067E-02	-1.899876E-01	-2.284233E-01	-2.264888E-01	-1.853282E-01	-1.409435E-01	-9.651715E-02	-6.285562E-02	-3.637843E-02	-1.958400E-02
0.83066	 3.170549E+00	 2.761182E+00	 3.459583E+00	 1.560321E+00	 1.044001E+00	 2.940652E-01	 2.401740E-02	-1.868217E-01	-2.297611E-01	-2.314691E-01	-1.914193E-01	-1.471536E-01	-1.018818E-01	-6.717860E-02	-3.948993E-02	-2.169012E-02
0.83367	 3.186076E+00	 2.784744E+00	 3.506171E+00	 1.591382E+00	 1.078073E+00	 3.135603E-01	 3.739760E-02	-1.831892E-01	-2.307979E-01	-2.363860E-01	-1.975873E-01	-1.535501E-01	-1.074790E-01	-7.174576E-02	-4.282159E-02	-2.397931E-02
0.83666	 3.202063E+00	 2.808777E+00	 3.553881E+00	 1.623180E+00	 1.113267E+00	 3.338843E-01	 5.159658E-02	-1.790581E-01	-2.315057E-01	-2.412239E-01	-2.038243E-01	-1.601341E-01	-1.133156E-01	-7.656860E-02	-4.638688E-02	-2.646528E-02
0.83964	 3.218529E+00	 2.833297E+00	 3.602750E+00	 1.655734E+00	 1.149622E+00	 3.550700E-01	 6.665595E-02	-1.743959E-01	-2.318537E-01	-2.459635E-01	-2.101180E-01	-1.669030E-01	-1.193960E-01	-8.165670E-02	-5.019831E-02	-2.916153E-02
0.84261	 3.235491E+00	 2.858320E+00	 3.652812E+00	 1.689063E+00	 1.187178E+00	 3.771491E-01	 8.261770E-02	-1.691685E-01	-2.318088E-01	-2.505829E-01	-2.164541E-01	-1.738522E-01	-1.257231E-01	-8.701894E-02	-5.426828E-02	-3.208185E-02
0.84558	 3.252973E+00	 2.883867E+00	 3.704119E+00	 1.723196E+00	 1.225987E+00	 4.001617E-01	 9.953079E-02	-1.633387E-01	-2.313355E-01	-2.550602E-01	-2.228181E-01	-1.809782E-01	-1.323008E-01	-9.266557E-02	-5.861061E-02	-3.524147E-02
0.84853	 3.271004E+00	 2.909971E+00	 3.756738E+00	 1.758173E+00	 1.266118E+00	 4.241576E-01	 1.174528E-01	-1.568648E-01	-2.303959E-01	-2.593726E-01	-2.291960E-01	-1.882785E-01	-1.391348E-01	-9.860858E-02	-6.324091E-02	-3.865737E-02
0.85147	 3.289617E+00	 2.936667E+00	 3.810749E+00	 1.794041E+00	 1.307648E+00	 4.491918E-01	 1.364470E-01	-1.497015E-01	-2.289483E-01	-2.634956E-01	-2.355722E-01	-1.957501E-01	-1.462305E-01	-1.048605E-01	-6.817579E-02	-4.234786E-02
0.85440	 3.308844E+00	 2.963989E+00	 3.866227E+00	 1.830841E+00	 1.350651E+00	 4.753195E-01	 1.565787E-01	-1.418004E-01	-2.269471E-01	-2.674006E-01	-2.419274E-01	-2.033876E-01	-1.535917E-01	-1.114333E-01	-7.343191E-02	-4.633184E-02
0.85732	 3.328717E+00	 2.991971E+00	 3.923241E+00	 1.868615E+00	 1.395202E+00	 5.025948E-01	 1.779149E-01	-1.331104E-01	-2.243429E-01	-2.710558E-01	-2.482388E-01	-2.111824E-01	-1.612202E-01	-1.183375E-01	-7.902562E-02	-5.062865E-02
0.86023	 3.349269E+00	 3.020641E+00	 3.981858E+00	 1.907398E+00	 1.441370E+00	 5.310721E-01	 2.005249E-01	-1.235780E-01	-2.210823E-01	-2.744256E-01	-2.544800E-01	-2.191239E-01	-1.691159E-01	-1.255829E-01	-8.497315E-02	-5.525814E-02
0.86313	 3.370527E+00	 3.050028E+00	 4.042135E+00	 1.947223E+00	 1.489225E+00	 5.608034E-01	 2.244784E-01	-1.131471E-01	-2.171086E-01	-2.774709E-01	-2.606208E-01	-2.271979E-01	-1.772760E-01	-1.331776E-01	-9.128991E-02	-6.024017E-02
0.86603	 3.392518E+00	 3.080150E+00	 4.104116E+00	 1.988112E+00	 1.538821E+00	 5.918338E-01	 2.498418E-01	-1.017620E-01	-2.123620E-01	-2.801483E-01	-2.666255E-01	-2.353856E-01	-1.856934E-01	-1.411265E-01	-9.798936E-02	-6.559370E-02
0.86891	 3.415267E+00	 3.111025E+00	 4.167844E+00	 2.030083E+00	 1.590214E+00	 6.242070E-01	 2.766817E-01	-8.936567E-02	-2.067799E-01	-2.824112E-01	-2.724547E-01	-2.436646E-01	-1.943580E-01	-1.494325E-01	-1.050837E-01	-7.133732E-02
0.87178	 3.438805E+00	 3.142680E+00	 4.233376E+00	 2.073166E+00	 1.643473E+00	 6.579772E-01	 3.050757E-01	-7.589461E-02	-2.002945E-01	-2.842104E-01	-2.780668E-01	-2.520121E-01	-2.032596E-01	-1.580991E-01	-1.125860E-01	-7.749112E-02
0.87464	 3.463165E+00	 3.175148E+00	 4.300777E+00	 2.117398E+00	 1.698679E+00	 6.932043E-01	 3.351080E-01	-6.128030E-02	-1.928326E-01	-2.854926E-01	-2.834163E-01	-2.604028E-01	-2.123858E-01	-1.671286E-01	-1.205095E-01	-8.407575E-02
0.87750	 3.488374E+00	 3.208450E+00	 4.370083E+00	 2.162796E+00	 1.755887E+00	 7.299341E-01	 3.668532E-01	-4.545704E-02	-1.843194E-01	-2.861996E-01	-2.884510E-01	-2.688040E-01	-2.217171E-01	-1.765177E-01	-1.288623E-01	-9.110887E-02
0.88034	 3.514441E+00	 3.242583E+00	 4.441287E+00	 2.209346E+00	 1.815115E+00	 7.681868E-01	 4.003662E-01	-2.836829E-02	-1.746825E-01	-2.862695E-01	-2.931110E-01	-2.771740E-01	-2.312247E-01	-1.862545E-01	-1.376459E-01	-9.860289E-02
0.88318	 3.541375E+00	 3.277537E+00	 4.514375E+00	 2.257025E+00	 1.876365E+00	 8.079722E-01	 4.356931E-01	-9.962305E-03	-1.638509E-01	-2.856387E-01	-2.973320E-01	-2.854657E-01	-2.408730E-01	-1.963212E-01	-1.468563E-01	-1.065663E-01
0.88600	 3.569206E+00	 3.313347E+00	 4.589392E+00	 2.305859E+00	 1.939708E+00	 8.493427E-01	 4.729183E-01	 9.833888E-03	-1.517400E-01	-2.842398E-01	-3.010504E-01	-2.936366E-01	-2.506322E-01	-2.067062E-01	-1.564953E-01	-1.150133E-01
0.88882	 3.597970E+00	 3.350081E+00	 4.666412E+00	 2.355905E+00	 2.005245E+00	 8.923778E-01	 5.121520E-01	 3.111131E-02	-1.382511E-01	-2.819973E-01	-3.041976E-01	-3.016429E-01	-2.604725E-01	-2.174002E-01	-1.665677E-01	-1.239614E-01
0.89163	 3.627658E+00	 3.387734E+00	 4.745356E+00	 2.407122E+00	 2.072930E+00	 9.370636E-01	 5.534192E-01	 5.391847E-02	-1.233084E-01	-2.788329E-01	-3.066893E-01	-3.094154E-01	-2.703351E-01	-2.283647E-01	-1.770512E-01	-1.334054E-01
0.89443	 3.658231E+00	 3.426254E+00	 4.826071E+00	 2.459401E+00	 2.142633E+00	 9.833244E-01	 5.966866E-01	 7.826927E-02	-1.068588E-01	-2.746736E-01	-3.084375E-01	-3.168724E-01	-2.801444E-01	-2.395423E-01	-1.879053E-01	-1.433239E-01
0.89722	 3.689705E+00	 3.465678E+00	 4.908576E+00	 2.512745E+00	 2.214398E+00	 1.031189E+00	 6.420234E-01	 1.042293E-01	-8.881648E-02	-2.694448E-01	-3.093649E-01	-3.239556E-01	-2.898511E-01	-2.509036E-01	-1.991141E-01	-1.537169E-01
0.90000	 3.722144E+00	 3.506194E+00	 4.993009E+00	 2.567300E+00	 2.288392E+00	 1.080791E+00	 6.895883E-01	 1.319316E-01	-6.904524E-02	-2.630393E-01	-3.093755E-01	-3.306000E-01	-2.994064E-01	-2.624253E-01	-2.106710E-01	-1.645955E-01
0.90277	 3.755580E+00	 3.548043E+00	 5.079383E+00	 2.623225E+00	 2.364670E+00	 1.132238E+00	 7.394804E-01	 1.615088E-01	-4.740599E-02	-2.553130E-01	-3.083312E-01	-3.366869E-01	-3.087092E-01	-2.740345E-01	-2.225268E-01	-1.759357E-01
0.90554	 3.790016E+00	 3.591364E+00	 5.167649E+00	 2.680590E+00	 2.443215E+00	 1.185567E+00	 7.917422E-01	 1.930475E-01	-2.379255E-02	-2.461427E-01	-3.061042E-01	-3.420985E-01	-3.176529E-01	-2.856484E-01	-2.346198E-01	-1.877010E-01
0.90830	 3.825466E+00	 3.636144E+00	 5.257839E+00	 2.739362E+00	 2.524071E+00	 1.240785E+00	 8.464377E-01	 2.265998E-01	 1.878638E-03	-2.354558E-01	-3.026119E-01	-3.467684E-01	-3.261751E-01	-2.972243E-01	-2.469192E-01	-1.998791E-01
0.91104	 3.861924E+00	 3.682358E+00	 5.349929E+00	 2.799492E+00	 2.607235E+00	 1.297870E+00	 9.035994E-01	 2.622022E-01	 2.968002E-02	-2.231793E-01	-2.977660E-01	-3.506187E-01	-3.341996E-01	-3.087044E-01	-2.593786E-01	-2.124441E-01
0.91378	 3.899333E+00	 3.730037E+00	 5.443715E+00	 2.860941E+00	 2.692535E+00	 1.356754E+00	 9.631600E-01	 2.998668E-01	 5.965898E-02	-2.092182E-01	-2.914485E-01	-3.535203E-01	-3.415962E-01	-3.199731E-01	-2.718992E-01	-2.253220E-01
0.91652	 3.937620E+00	 3.779179E+00	 5.538961E+00	 2.923636E+00	 2.779763E+00	 1.417330E+00	 1.025017E+00	 3.395754E-01	 9.183622E-02	-1.934974E-01	-2.835563E-01	-3.553523E-01	-3.482381E-01	-3.309128E-01	-2.843760E-01	-2.384301E-01
0.91924	 3.976740E+00	 3.829754E+00	 5.635547E+00	 2.987498E+00	 2.868813E+00	 1.479513E+00	 1.089121E+00	 3.813124E-01	 1.262349E-01	-1.759661E-01	-2.740125E-01	-3.560294E-01	-3.540315E-01	-3.414378E-01	-2.967303E-01	-2.517073E-01
0.92195	 4.016682E+00	 3.881817E+00	 5.733430E+00	 3.052547E+00	 2.959656E+00	 1.543293E+00	 1.155473E+00	 4.251060E-01	 1.629071E-01	-1.565514E-01	-2.627270E-01	-3.554569E-01	-3.588773E-01	-3.514589E-01	-3.088819E-01	-2.650909E-01
0.92466	 4.057426E+00	 3.935478E+00	 5.832533E+00	 3.118843E+00	 3.052229E+00	 1.608667E+00	 1.224058E+00	 4.709894E-01	 2.019025E-01	-1.351663E-01	-2.495967E-01	-3.535203E-01	-3.626571E-01	-3.608650E-01	-3.207302E-01	-2.784986E-01
0.92736	 4.098906E+00	 3.990739E+00	 5.932663E+00	 3.186341E+00	 3.146333E+00	 1.675527E+00	 1.294753E+00	 5.189168E-01	 2.432056E-01	-1.117663E-01	-2.345472E-01	-3.501174E-01	-3.652536E-01	-3.695369E-01	-3.321607E-01	-2.918288E-01
0.93005	 4.141050E+00	 4.047488E+00	 6.033629E+00	 3.254902E+00	 3.241717E+00	 1.743695E+00	 1.367372E+00	 5.687751E-01	 2.867445E-01	-8.635713E-02	-2.175430E-01	-3.451769E-01	-3.665706E-01	-3.773683E-01	-3.430639E-01	-3.049782E-01
0.93274	 4.183938E+00	 4.105749E+00	 6.135654E+00	 3.324584E+00	 3.338510E+00	 1.813211E+00	 1.441979E+00	 6.205921E-01	 3.325714E-01	-5.889122E-02	-1.985175E-01	-3.386375E-01	-3.665372E-01	-3.842971E-01	-3.533790E-01	-3.178967E-01
0.93541	 4.227987E+00	 4.166080E+00	 6.239819E+00	 3.396074E+00	 3.437703E+00	 1.884741E+00	 1.519284E+00	 6.748456E-01	 3.811330E-01	-2.907584E-02	-1.772281E-01	-3.303624E-01	-3.650602E-01	-3.902977E-01	-3.631109E-01	-3.306266E-01
0.93808	 4.273892E+00	 4.229536E+00	 6.347879E+00	 3.470633E+00	 3.541015E+00	 1.959528E+00	 1.600591E+00	 7.324618E-01	 4.332804E-01	 3.667105E-03	-1.532073E-01	-3.200797E-01	-3.619640E-01	-3.953225E-01	-3.722786E-01	-3.432592E-01
0.94074	 4.322222E+00	 4.296844E+00	 6.461251E+00	 3.549190E+00	 3.649830E+00	 2.038541E+00	 1.686992E+00	 7.942108E-01	 4.897715E-01	 3.986795E-02	-1.259893E-01	-3.074929E-01	-3.570246E-01	-3.992698E-01	-3.808396E-01	-3.558309E-01
0.94340	 4.373117E+00	 4.367797E+00	 6.580246E+00	 3.631648E+00	 3.764364E+00	 2.121809E+00	 1.778689E+00	 8.601822E-01	 5.508113E-01	 7.968102E-02	-9.535891E-02	-2.924283E-01	-3.500521E-01	-4.019987E-01	-3.886621E-01	-3.682572E-01
0.94604	 4.426525E+00	 4.441892E+00	 6.704671E+00	 3.717572E+00	 3.884314E+00	 2.209003E+00	 1.875494E+00	 9.301964E-01	 6.163665E-01	 1.231142E-01	-6.120216E-02	-2.747506E-01	-3.408576E-01	-4.033355E-01	-3.955590E-01	-3.803853E-01
0.94868	 4.482685E+00	 4.519221E+00	 6.835042E+00	 3.807162E+00	 4.010111E+00	 2.300387E+00	 1.977786E+00	 1.004513E+00	 6.867832E-01	 1.704504E-01	-2.319028E-02	-2.541836E-01	-3.291575E-01	-4.030623E-01	-4.013295E-01	-3.920810E-01
0.95131	 4.542496E+00	 4.600883E+00	 6.973519E+00	 3.901772E+00	 4.143929E+00	 2.397454E+00	 2.087350E+00	 1.084383E+00	 7.633589E-01	 2.226061E-01	 1.953034E-02	-2.301518E-01	-3.144742E-01	-4.009154E-01	-4.057994E-01	-4.033251E-01
0.95394	 4.607179E+00	 4.688417E+00	 7.123038E+00	 4.003265E+00	 4.288828E+00	 2.502313E+00	 2.206773E+00	 1.171636E+00	 8.480138E-01	 2.809360E-01	 6.822615E-02	-2.018058E-01	-2.961068E-01	-3.965127E-01	-4.087231E-01	-4.141030E-01
0.95656	 4.677295E+00	 4.782351E+00	 7.284787E+00	 4.112285E+00	 4.446034E+00	 2.615774E+00	 2.337217E+00	 1.267111E+00	 9.417858E-01	 3.462532E-01	 1.237877E-01	-1.684266E-01	-2.733473E-01	-3.893215E-01	-4.096245E-01	-4.241123E-01
0.95917	 4.752714E+00	 4.882132E+00	 7.458201E+00	 4.228220E+00	 4.614930E+00	 2.737328E+00	 2.478362E+00	 1.370578E+00	 1.044707E+00	 4.186917E-01	 1.865697E-01	-1.295790E-01	-2.456323E-01	-3.787864E-01	-4.079061E-01	-4.328408E-01
0.96177	 4.833539E+00	 4.987391E+00	 7.643350E+00	 4.350758E+00	 4.795628E+00	 2.866892E+00	 2.630518E+00	 1.482190E+00	 1.157232E+00	 4.986063E-01	 2.571297E-01	-8.475332E-02	-2.123494E-01	-3.643731E-01	-4.030017E-01	-4.398466E-01
0.96437	 4.920371E+00	 5.098449E+00	 7.841519E+00	 4.480357E+00	 4.989544E+00	 3.005261E+00	 2.795092E+00	 1.602857E+00	 1.280612E+00	 5.868824E-01	 3.365195E-01	-3.313458E-02	-1.726350E-01	-3.454185E-01	-3.942588E-01	-4.446848E-01
0.96695	 5.013905E+00	 5.216019E+00	 8.054135E+00	 4.617796E+00	 5.198235E+00	 3.153431E+00	 2.973645E+00	 1.733680E+00	 1.416298E+00	 6.846130E-01	 4.260170E-01	 2.632122E-02	-1.253850E-01	-3.210212E-01	-3.807880E-01	-4.466950E-01
0.96954	 5.114677E+00	 5.340715E+00	 8.282172E+00	 4.763668E+00	 5.422771E+00	 3.312123E+00	 3.167377E+00	 1.875548E+00	 1.565554E+00	 7.928020E-01	 5.268694E-01	 9.469403E-02	-6.940719E-02	-2.901401E-01	-3.615236E-01	-4.450165E-01
0.97211	 5.223127E+00	 5.472758E+00	 8.526376E+00	 4.918148E+00	 5.663930E+00	 3.481698E+00	 3.377233E+00	 2.029077E+00	 1.729481E+00	 9.122714E-01	 6.402341E-01	 1.729760E-01	-3.529343E-03	-2.517292E-01	-3.353399E-01	-4.387072E-01
0.97468	 5.340107E+00	 5.612702E+00	 8.788476E+00	 5.081827E+00	 5.923483E+00	 3.663081E+00	 3.605015E+00	 2.195430E+00	 1.909866E+00	 1.044278E+00	 7.677649E-01	 2.624756E-01	 7.374642E-02	-2.045233E-01	-3.008963E-01	-4.266838E-01
0.97724	 5.467369E+00	 5.762377E+00	 9.072260E+00	 5.256680E+00	 6.205430E+00	 3.858738E+00	 3.854539E+00	 2.377254E+00	 2.110176E+00	 1.191307E+00	 9.124010E-01	 3.654284E-01	 1.648104E-01	-1.466113E-01	-2.562752E-01	-4.074693E-01
0.97980	 5.606905E+00	 5.924080E+00	 9.381969E+00	 5.445082E+00	 6.514329E+00	 4.071516E+00	 4.130267E+00	 2.577688E+00	 2.334587E+00	 1.356393E+00	 1.077799E+00	 4.846333E-01	 2.727072E-01	-7.552222E-02	-1.989773E-01	-3.790710E-01
0.98234	 5.759620E+00	 6.098738E+00	 9.719162E+00	 5.647729E+00	 6.851850E+00	 4.302226E+00	 4.434150E+00	 2.798048E+00	 2.585406E+00	 1.541230E+00	 1.266458E+00	 6.220954E-01	 3.999387E-01	 1.097470E-02	-1.265409E-01	-3.392688E-01
0.98489	 5.925790E+00	 6.286455E+00	 1.008391E+01	 5.864380E+00	 7.218074E+00	 4.550540E+00	 4.766740E+00	 3.038603E+00	 2.863850E+00	 1.746689E+00	 1.480166E+00	 7.792568E-01	 5.486248E-01	 1.148617E-01	-3.660724E-02	-2.857716E-01
0.98742	 6.106518E+00	 6.488318E+00	 1.047825E+01	 6.095933E+00	 7.615232E+00	 4.817464E+00	 5.130584E+00	 3.300956E+00	 3.172792E+00	 1.974793E+00	 1.722013E+00	 9.584016E-01	 7.218177E-01	 2.386902E-01	 7.377244E-02	-2.158993E-01
0.98995	 6.303422E+00	 6.705971E+00	 1.090532E+01	 6.343886E+00	 8.046678E+00	 5.104618E+00	 5.529271E+00	 3.587339E+00	 3.516028E+00	 2.228212E+00	 1.995934E+00	 1.162385E+00	 9.233260E-01	 3.854999E-01	 2.081586E-01	-1.265163E-01
0.99247	 6.517787E+00	 6.940659E+00	 1.136740E+01	 6.609252E+00	 8.514675E+00	 5.412851E+00	 5.965372E+00	 3.899171E+00	 3.896561E+00	 2.509059E+00	 2.305409E+00	 1.393744E+00	 1.156852E+00	 5.581997E-01	 3.702234E-01	-1.438874E-02
0.99499	 6.751380E+00	 7.194073E+00	 1.186778E+01	 6.893546E+00	 9.022423E+00	 5.743488E+00	 6.442408E+00	 4.238448E+00	 4.318290E+00	 2.820068E+00	 2.654804E+00	 1.655514E+00	 1.426906E+00	 7.601447E-01	 5.642737E-01	 1.242022E-01
0.99750	 7.007326E+00	 7.469236E+00	 1.241260E+01	 7.199698E+00	 9.575978E+00	 6.099417E+00	 6.966607E+00	 4.608892E+00	 4.787511E+00	 3.165577E+00	 3.050653E+00	 1.952003E+00	 1.739872E+00	 9.958717E-01	 7.960499E-01	 2.942094E-01
1.00000	 7.281719E+00	 7.764496E+00	 1.299292E+01	 7.525363E+00	 1.016450E+01	 6.475377E+00	 7.525203E+00	 5.001797E+00	 5.290072E+00	 3.534909E+00	 3.478366E+00	 2.271924E+00	 2.081980E+00	 1.254038E+00	 1.053211E+00	 4.849186E-01
