r	   0/   0	   1/   0	   2/   0	   3/   0	   4/   0	   5/   0	   6/   0	   7/   0	   8/   0	   9/   0	  10/   0	  11/   0	  12/   0	  13/   0	  14/   0	  15/   0
0.07071	 0.000000E+00	-2.002372E-04	 2.445561E-03	 3.890362E-04	-7.170103E-05	-4.261679E-05	 2.627863E-05	 2.202223E-05	 4.045974E-05	 1.121150E-05	-2.135246E-06	 2.642608E-07	-5.007019E-07	 2.117192E-07	 1.994596E-07	 2.346189E-08
0.10000	 0.000000E+00	-3.069377E-04	 3.076863E-03	 4.443739E-04	-1.419863E-04	-5.498013E-05	 6.941254E-05	 4.000621E-05	 6.214796E-05	 1.743257E-05	-3.493381E-06	 1.007230E-07	-3.343097E-07	 3.848866E-07	 3.651283E-07	 7.618567E-08
0.12247	 0.000000E+00	-3.737520E-04	 2.918810E-03	 5.254710E-04	-8.398846E-05	-5.093041E-05	 8.248923E-05	 4.471292E-05	 5.477015E-05	 1.818067E-05	-3.641385E-06	 1.361136E-07	 4.160329E-07	 4.907596E-07	 3.238520E-07	 6.013774E-08
0.14142	 0.000000E+00	-4.300397E-04	 2.833468E-03	 6.024649E-04	-1.145009E-05	-2.884539E-05	 9.136288E-05	 4.027094E-05	 4.093009E-05	 1.502970E-05	-3.991958E-06	 2.860890E-07	 1.101970E-06	 5.552438E-07	 1.505992E-07	 2.666526E-08
0.15811	 0.000000E+00	-4.803701E-04	 2.770270E-03	 6.754916E-04	 6.689023E-05	-6.265513E-06	 9.223549E-05	 3.660832E-05	 2.873935E-05	 1.147755E-05	-3.580492E-06	 1.499346E-07	 1.407188E-06	 6.593905E-07	 2.102322E-08	 1.832496E-08
0.17321	 0.000000E+00	-5.263960E-04	 2.715862E-03	 7.413096E-04	 1.440823E-04	 1.545431E-05	 8.874855E-05	 3.396427E-05	 1.976424E-05	 8.795413E-06	-2.554433E-06	-1.403005E-08	 1.372091E-06	 7.051363E-07	-4.085256E-08	 8.557899E-09
0.18708	 0.000000E+00	-5.683446E-04	 2.666543E-03	 7.985138E-04	 2.164224E-04	 3.641146E-05	 8.423206E-05	 3.246767E-05	 1.405814E-05	 7.000079E-06	-1.366514E-06	-5.802950E-08	 1.165439E-06	 6.967758E-07	-4.486703E-08	-3.217803E-09
0.20000	 0.000000E+00	-6.060212E-04	 2.621456E-03	 8.471915E-04	 2.826196E-04	 5.686557E-05	 8.057199E-05	 3.196811E-05	 1.103086E-05	 5.964836E-06	-2.889202E-07	 1.392786E-08	 9.156926E-07	 6.564075E-07	-1.094613E-08	-9.196056E-09
0.21213	 0.000000E+00	-6.391935E-04	 2.580559E-03	 8.882753E-04	 3.427214E-04	 7.686121E-05	 7.854616E-05	 3.225485E-05	 9.882886E-06	 5.500196E-06	 5.794592E-07	 1.581507E-07	 6.965945E-07	 6.025372E-07	 3.988095E-08	-7.874793E-09
0.22361	 0.000000E+00	-6.678491E-04	 2.544042E-03	 9.229412E-04	 3.973938E-04	 9.649534E-05	 7.835311E-05	 3.300547E-05	 9.830912E-06	 5.394725E-06	 1.218473E-06	 3.300397E-07	 5.375936E-07	 5.469105E-07	 8.935362E-08	-2.716560E-09
0.23452	 0.000000E+00	-6.922858E-04	 2.511699E-03	 9.524812E-04	 4.476026E-04	 1.158484E-04	 7.985833E-05	 3.395765E-05	 1.027805E-05	 5.462304E-06	 1.648676E-06	 4.963444E-07	 4.381619E-07	 4.969744E-07	 1.272654E-07	 2.517078E-09
0.24495	 0.000000E+00	-7.130547E-04	 2.482888E-03	 9.780889E-04	 4.943706E-04	 1.350575E-04	 8.281789E-05	 3.492970E-05	 1.083892E-05	 5.578609E-06	 1.908388E-06	 6.352774E-07	 3.841452E-07	 4.564915E-07	 1.496900E-07	 4.753618E-09
0.25495	 0.000000E+00	-7.309384E-04	 2.456838E-03	 1.000740E-03	 5.386215E-04	 1.542865E-04	 8.697651E-05	 3.585494E-05	 1.132825E-05	 5.684356E-06	 2.044025E-06	 7.370371E-07	 3.593105E-07	 4.273067E-07	 1.575716E-07	 2.451297E-09
0.26458	 0.000000E+00	-7.467701E-04	 2.432791E-03	 1.021128E-03	 5.810892E-04	 1.735929E-04	 9.206320E-05	 3.681862E-05	 1.172426E-05	 5.758388E-06	 2.105958E-06	 8.077718E-07	 3.503873E-07	 4.089790E-07	 1.562447E-07	-3.028673E-09
0.27386	 0.000000E+00	-7.612138E-04	 2.410030E-03	 1.039683E-03	 6.222872E-04	 1.930120E-04	 9.786629E-05	 3.792610E-05	 1.206275E-05	 5.801975E-06	 2.133179E-06	 8.569730E-07	 3.485734E-07	 3.992040E-07	 1.505277E-07	-1.005039E-08
0.28284	 0.000000E+00	-7.747421E-04	 2.388097E-03	 1.056635E-03	 6.625317E-04	 2.125853E-04	 1.042452E-04	 3.925110E-05	 1.239251E-05	 5.829464E-06	 2.150984E-06	 8.918990E-07	 3.492922E-07	 3.959377E-07	 1.436782E-07	-1.764868E-08
0.29155	 0.000000E+00	-7.876061E-04	 2.366741E-03	 1.072130E-03	 7.020215E-04	 2.322974E-04	 1.110844E-04	 4.086390E-05	 1.276533E-05	 5.848398E-06	 2.174544E-06	 9.223606E-07	 3.507782E-07	 3.963772E-07	 1.382752E-07	-2.432880E-08
0.30000	 0.000000E+00	-7.998522E-04	 2.345896E-03	 1.086263E-03	 7.408682E-04	 2.521097E-04	 1.182993E-04	 4.278750E-05	 1.321012E-05	 5.862566E-06	 2.209125E-06	 9.556628E-07	 3.525877E-07	 3.975291E-07	 1.353451E-07	-2.893899E-08
0.30822	 0.000000E+00	-8.114558E-04	 2.325630E-03	 1.099110E-03	 7.791230E-04	 2.720079E-04	 1.258500E-04	 4.498417E-05	 1.372577E-05	 5.879814E-06	 2.253373E-06	 9.916916E-07	 3.543092E-07	 3.981923E-07	 1.344394E-07	-3.174586E-08
0.31623	 0.000000E+00	-8.223840E-04	 2.306004E-03	 1.110770E-03	 8.168271E-04	 2.919902E-04	 1.337173E-04	 4.740423E-05	 1.430265E-05	 5.907247E-06	 2.303571E-06	 1.027848E-06	 3.557508E-07	 3.983924E-07	 1.347630E-07	-3.353749E-08
0.32404	 0.000000E+00	-8.326072E-04	 2.287061E-03	 1.121346E-03	 8.540170E-04	 3.120375E-04	 1.418810E-04	 5.001440E-05	 1.493420E-05	 5.946199E-06	 2.356185E-06	 1.063914E-06	 3.571856E-07	 3.978318E-07	 1.357965E-07	-3.454059E-08
0.33166	 0.000000E+00	-8.421096E-04	 2.268823E-03	 1.130932E-03	 8.907249E-04	 3.321377E-04	 1.503299E-04	 5.278418E-05	 1.561139E-05	 5.997640E-06	 2.408517E-06	 1.099001E-06	 3.585552E-07	 3.964800E-07	 1.370463E-07	-3.505723E-08
0.33912	 0.000000E+00	-8.508854E-04	 2.251267E-03	 1.139635E-03	 9.269900E-04	 3.522955E-04	 1.590640E-04	 5.569425E-05	 1.632725E-05	 6.062587E-06	 2.458431E-06	 1.131243E-06	 3.594519E-07	 3.948034E-07	 1.379960E-07	-3.570191E-08
0.34641	 0.000000E+00	-8.593607E-04	 2.234925E-03	 1.147343E-03	 9.626590E-04	 3.724856E-04	 1.681194E-04	 5.871712E-05	 1.706593E-05	 6.149924E-06	 2.508838E-06	 1.156786E-06	 3.592725E-07	 3.947388E-07	 1.389441E-07	-3.744876E-08
0.35355	 0.000000E+00	-8.677494E-04	 2.219694E-03	 1.154120E-03	 9.977904E-04	 3.927327E-04	 1.774998E-04	 6.187148E-05	 1.783528E-05	 6.256107E-06	 2.559893E-06	 1.177522E-06	 3.580227E-07	 3.957240E-07	 1.400924E-07	-4.002626E-08
0.36056	 0.000000E+00	-8.758151E-04	 2.204909E-03	 1.160206E-03	 1.032646E-03	 4.131280E-04	 1.871955E-04	 6.520197E-05	 1.866282E-05	 6.374779E-06	 2.609327E-06	 1.197363E-06	 3.565286E-07	 3.965302E-07	 1.413962E-07	-4.273842E-08
0.36742	 0.000000E+00	-8.836466E-04	 2.190529E-03	 1.165631E-03	 1.067303E-03	 4.337366E-04	 1.972445E-04	 6.872499E-05	 1.956097E-05	 6.512212E-06	 2.658929E-06	 1.216369E-06	 3.555337E-07	 3.979736E-07	 1.431882E-07	-4.560005E-08
0.37417	 0.000000E+00	-8.915343E-04	 2.176736E-03	 1.170356E-03	 1.101756E-03	 4.545814E-04	 2.076866E-04	 7.245437E-05	 2.053513E-05	 6.672271E-06	 2.710780E-06	 1.234872E-06	 3.554362E-07	 4.004835E-07	 1.457663E-07	-4.853209E-08
0.38079	 0.000000E+00	-8.995709E-04	 2.163525E-03	 1.174407E-03	 1.136041E-03	 4.756796E-04	 2.185328E-04	 7.640490E-05	 2.159546E-05	 6.855978E-06	 2.764652E-06	 1.253767E-06	 3.569609E-07	 4.039457E-07	 1.490956E-07	-5.128346E-08
0.38730	 0.000000E+00	-9.076091E-04	 2.150715E-03	 1.177875E-03	 1.170240E-03	 4.970487E-04	 2.297740E-04	 8.059111E-05	 2.275531E-05	 7.062523E-06	 2.818932E-06	 1.274345E-06	 3.610009E-07	 4.079725E-07	 1.529769E-07	-5.347866E-08
0.39370	 0.000000E+00	-9.155562E-04	 2.138361E-03	 1.180799E-03	 1.204364E-03	 5.186746E-04	 2.414059E-04	 8.501539E-05	 2.401757E-05	 7.291636E-06	 2.873231E-06	 1.296913E-06	 3.678250E-07	 4.124351E-07	 1.573102E-07	-5.493880E-08
0.40000	 0.000000E+00	-9.236367E-04	 2.126946E-03	 1.183102E-03	 1.238289E-03	 5.404938E-04	 2.534422E-04	 8.966114E-05	 2.536512E-05	 7.544627E-06	 2.930060E-06	 1.319053E-06	 3.761597E-07	 4.180045E-07	 1.624586E-07	-5.606872E-08
0.40620	 0.000000E+00	-9.318900E-04	 2.116569E-03	 1.184851E-03	 1.272075E-03	 5.625061E-04	 2.658803E-04	 9.452863E-05	 2.679578E-05	 7.818325E-06	 2.988484E-06	 1.340362E-06	 3.852564E-07	 4.241939E-07	 1.684615E-07	-5.672097E-08
0.41231	 0.000000E+00	-9.400604E-04	 2.106942E-03	 1.186244E-03	 1.305963E-03	 5.847923E-04	 2.787217E-04	 9.963640E-05	 2.832439E-05	 8.110096E-06	 3.045086E-06	 1.361320E-06	 3.952550E-07	 4.303211E-07	 1.750603E-07	-5.658939E-08
0.41833	 0.000000E+00	-9.481975E-04	 2.098145E-03	 1.187339E-03	 1.340068E-03	 6.074155E-04	 2.920144E-04	 1.049953E-04	 2.995344E-05	 8.423397E-06	 3.100166E-06	 1.379902E-06	 4.055034E-07	 4.370149E-07	 1.824771E-07	-5.596010E-08
0.42426	 0.000000E+00	-9.565868E-04	 2.090457E-03	 1.188121E-03	 1.374443E-03	 6.304148E-04	 3.058210E-04	 1.106192E-04	 3.168064E-05	 8.760810E-06	 3.155280E-06	 1.394251E-06	 4.148149E-07	 4.446804E-07	 1.910948E-07	-5.503906E-08
0.43012	 0.000000E+00	-9.653698E-04	 2.083933E-03	 1.188632E-03	 1.409206E-03	 6.538544E-04	 3.201891E-04	 1.165322E-04	 3.351618E-05	 9.124401E-06	 3.209671E-06	 1.403593E-06	 4.228901E-07	 4.532111E-07	 2.008961E-07	-5.373734E-08
0.43589	 0.000000E+00	-9.744995E-04	 2.078404E-03	 1.188958E-03	 1.444541E-03	 6.778312E-04	 3.351647E-04	 1.227696E-04	 3.548171E-05	 9.516899E-06	 3.261271E-06	 1.407943E-06	 4.300456E-07	 4.622656E-07	 2.116825E-07	-5.175523E-08
0.44159	 0.000000E+00	-9.840546E-04	 2.073873E-03	 1.189100E-03	 1.480542E-03	 7.024153E-04	 3.508120E-04	 1.293651E-04	 3.759264E-05	 9.943284E-06	 3.310149E-06	 1.406316E-06	 4.359599E-07	 4.719943E-07	 2.235272E-07	-4.905725E-08
0.44721	 0.000000E+00	-9.943009E-04	 2.070540E-03	 1.188980E-03	 1.517206E-03	 7.276379E-04	 3.672052E-04	 1.363491E-04	 3.985602E-05	 1.040880E-05	 3.358648E-06	 1.396953E-06	 4.392248E-07	 4.826708E-07	 2.368646E-07	-4.578750E-08
0.45277	 0.000000E+00	-1.005355E-03	 2.068386E-03	 1.188577E-03	 1.554607E-03	 7.535601E-04	 3.844046E-04	 1.437627E-04	 4.229256E-05	 1.091858E-05	 3.406785E-06	 1.379322E-06	 4.393522E-07	 4.939575E-07	 2.517441E-07	-4.167571E-08
0.45826	 0.000000E+00	-1.017125E-03	 2.067164E-03	 1.187926E-03	 1.592880E-03	 7.802707E-04	 4.024629E-04	 1.516550E-04	 4.493496E-05	 1.147908E-05	 3.452807E-06	 1.353542E-06	 4.367638E-07	 5.053321E-07	 2.678685E-07	-3.625934E-08
0.46368	 0.000000E+00	-1.029657E-03	 2.066814E-03	 1.186975E-03	 1.632059E-03	 8.078172E-04	 4.214456E-04	 1.600682E-04	 4.780598E-05	 1.209856E-05	 3.497633E-06	 1.318408E-06	 4.308417E-07	 5.167606E-07	 2.852832E-07	-2.943354E-08
0.46904	 0.000000E+00	-1.043134E-03	 2.067437E-03	 1.185625E-03	 1.672102E-03	 8.362052E-04	 4.414155E-04	 1.690395E-04	 5.092107E-05	 1.278449E-05	 3.543701E-06	 1.272451E-06	 4.201095E-07	 5.280446E-07	 3.042037E-07	-2.115879E-08
0.47434	 0.000000E+00	-1.057615E-03	 2.069009E-03	 1.183836E-03	 1.713042E-03	 8.654684E-04	 4.624269E-04	 1.786124E-04	 5.430544E-05	 1.354477E-05	 3.591921E-06	 1.214803E-06	 4.035265E-07	 5.385453E-07	 3.245876E-07	-1.113330E-08
0.47958	 0.000000E+00	-1.073016E-03	 2.071367E-03	 1.181622E-03	 1.754995E-03	 8.956819E-04	 4.845420E-04	 1.888410E-04	 5.799514E-05	 1.438927E-05	 3.642012E-06	 1.144769E-06	 3.804637E-07	 5.474310E-07	 3.461525E-07	 1.065347E-09
0.48477	 0.000000E+00	-1.089360E-03	 2.074495E-03	 1.178945E-03	 1.798006E-03	 9.268890E-04	 5.078337E-04	 1.997754E-04	 6.201942E-05	 1.532943E-05	 3.695627E-06	 1.060502E-06	 3.493865E-07	 5.541813E-07	 3.688379E-07	 1.553695E-08
0.48990	 0.000000E+00	-1.106750E-03	 2.078481E-03	 1.175728E-03	 1.842051E-03	 9.590847E-04	 5.323595E-04	 2.114556E-04	 6.640098E-05	 1.637584E-05	 3.755263E-06	 9.599935E-07	 3.082875E-07	 5.581054E-07	 3.925351E-07	 3.229240E-08
0.49497	 0.000000E+00	-1.125184E-03	 2.083309E-03	 1.171930E-03	 1.887127E-03	 9.922613E-04	 5.581531E-04	 2.239172E-04	 7.116686E-05	 1.753932E-05	 3.822240E-06	 8.416181E-07	 2.555863E-07	 5.581567E-07	 4.167856E-07	 5.147420E-08
0.50000	 0.000000E+00	-1.144550E-03	 2.088852E-03	 1.167543E-03	 1.933279E-03	 1.026436E-03	 5.852502E-04	 2.372005E-04	 7.635081E-05	 1.883274E-05	 3.897639E-06	 7.036067E-07	 1.896165E-07	 5.531809E-07	 4.410390E-07	 7.322149E-08
0.50498	 0.000000E+00	-1.164820E-03	 2.095084E-03	 1.162522E-03	 1.980505E-03	 1.061607E-03	 6.136963E-04	 2.513456E-04	 8.198278E-05	 2.027002E-05	 3.984460E-06	 5.438372E-07	 1.078384E-07	 5.419677E-07	 4.649033E-07	 9.749209E-08
0.50990	 0.000000E+00	-1.186070E-03	 2.102091E-03	 1.156789E-03	 2.028754E-03	 1.097740E-03	 6.435360E-04	 2.663897E-04	 8.808793E-05	 2.186509E-05	 4.087460E-06	 3.600458E-07	 6.838953E-09	 5.230370E-07	 4.880971E-07	 1.241323E-07
0.51478	 0.000000E+00	-1.208285E-03	 2.109848E-03	 1.150297E-03	 2.078008E-03	 1.134814E-03	 6.747980E-04	 2.823692E-04	 9.469919E-05	 2.363388E-05	 4.210416E-06	 1.505410E-07	-1.159379E-07	 4.946539E-07	 5.098424E-07	 1.531040E-07
0.51962	 0.000000E+00	-1.231349E-03	 2.118202E-03	 1.143022E-03	 2.128276E-03	 1.172823E-03	 7.075050E-04	 2.993225E-04	 1.018566E-04	 2.559491E-05	 4.356999E-06	-8.602078E-08	-2.625989E-07	 4.549567E-07	 5.290465E-07	 1.843678E-07
0.52440	 0.000000E+00	-1.255245E-03	 2.127081E-03	 1.134898E-03	 2.179513E-03	 1.211737E-03	 7.416874E-04	 3.172864E-04	 1.095948E-04	 2.776783E-05	 4.533623E-06	-3.511921E-07	-4.363211E-07	 4.020204E-07	 5.448464E-07	 2.176305E-07
0.52915	 0.000000E+00	-1.280004E-03	 2.136460E-03	 1.125847E-03	 2.231662E-03	 1.251520E-03	 7.773782E-04	 3.363008E-04	 1.179501E-04	 3.017354E-05	 4.748213E-06	-6.458877E-07	-6.406831E-07	 3.334259E-07	 5.562568E-07	 2.526379E-07
0.53385	 0.000000E+00	-1.305625E-03	 2.146289E-03	 1.115803E-03	 2.284688E-03	 1.292146E-03	 8.146108E-04	 3.564097E-04	 1.269654E-04	 3.283633E-05	 5.009625E-06	-9.705889E-07	-8.789711E-07	 2.466104E-07	 5.619979E-07	 2.890648E-07
0.53852	 0.000000E+00	-1.332074E-03	 2.156479E-03	 1.104706E-03	 2.338559E-03	 1.333595E-03	 8.534159E-04	 3.776594E-04	 1.366888E-04	 3.578355E-05	 5.327858E-06	-1.325012E-06	-1.154103E-06	 1.387969E-07	 5.604648E-07	 3.265415E-07
0.54314	 0.000000E+00	-1.359339E-03	 2.166974E-03	 1.092484E-03	 2.393223E-03	 1.375833E-03	 8.938241E-04	 4.000958E-04	 1.471689E-04	 3.904466E-05	 5.715045E-06	-1.708336E-06	-1.469274E-06	 7.006639E-09	 5.499335E-07	 3.645237E-07
0.54772	 0.000000E+00	-1.387453E-03	 2.177768E-03	 1.079050E-03	 2.448606E-03	 1.418808E-03	 9.358616E-04	 4.237627E-04	 1.584527E-04	 4.265028E-05	 6.185490E-06	-2.118885E-06	-1.827920E-06	-1.521328E-07	 5.285440E-07	 4.023555E-07
0.55227	 0.000000E+00	-1.416416E-03	 2.188822E-03	 1.064335E-03	 2.504661E-03	 1.462483E-03	 9.795546E-04	 4.487062E-04	 1.705933E-04	 4.663430E-05	 6.754588E-06	-2.554216E-06	-2.233049E-06	-3.422082E-07	 4.940059E-07	 4.392505E-07
0.55678	 0.000000E+00	-1.446184E-03	 2.200043E-03	 1.048283E-03	 2.561356E-03	 1.506831E-03	 1.024928E-03	 4.749744E-04	 1.836486E-04	 5.103393E-05	 7.439302E-06	-3.010942E-06	-2.687188E-06	-5.669183E-07	 4.436568E-07	 4.742328E-07
0.56125	 0.000000E+00	-1.476766E-03	 2.211373E-03	 1.030820E-03	 2.618639E-03	 1.551811E-03	 1.072014E-03	 5.026168E-04	 1.976764E-04	 5.588850E-05	 8.259398E-06	-3.484954E-06	-3.193336E-06	-8.303549E-07	 3.747385E-07	 5.060991E-07
0.56569	 0.000000E+00	-1.508150E-03	 2.222737E-03	 1.011880E-03	 2.676453E-03	 1.597379E-03	 1.120830E-03	 5.316764E-04	 2.127350E-04	 6.123966E-05	 9.236380E-06	-3.970770E-06	-3.753568E-06	-1.136455E-06	 2.840196E-07	 5.333268E-07
0.57009	 0.000000E+00	-1.540325E-03	 2.234085E-03	 9.913949E-04	 2.734732E-03	 1.643475E-03	 1.171386E-03	 5.621935E-04	 2.288820E-04	 6.713034E-05	 1.039432E-05	-4.461299E-06	-4.369781E-06	-1.489517E-06	 1.680618E-07	 5.542147E-07
0.57446	 0.000000E+00	-1.573309E-03	 2.245414E-03	 9.692993E-04	 2.793431E-03	 1.690053E-03	 1.223711E-03	 5.942171E-04	 2.461799E-04	 7.360688E-05	 1.175990E-05	-4.948535E-06	-5.044156E-06	-1.894420E-06	 2.311457E-08	 5.668173E-07
0.57879	 0.000000E+00	-1.607098E-03	 2.256697E-03	 9.455354E-04	 2.852503E-03	 1.737060E-03	 1.277822E-03	 6.277890E-04	 2.646919E-04	 8.071791E-05	 1.336155E-05	-5.423110E-06	-5.777671E-06	-2.355710E-06	-1.550442E-07	 5.687342E-07
0.58310	 0.000000E+00	-1.641636E-03	 2.267854E-03	 9.200609E-04	 2.911901E-03	 1.784437E-03	 1.333714E-03	 6.629411E-04	 2.844791E-04	 8.851299E-05	 1.522921E-05	-5.873761E-06	-6.569967E-06	-2.877674E-06	-3.710151E-07	 5.572702E-07
0.58737	 0.000000E+00	-1.676901E-03	 2.278860E-03	 8.928270E-04	 2.971576E-03	 1.832122E-03	 1.391396E-03	 6.997084E-04	 3.056028E-04	 9.704311E-05	 1.739593E-05	-6.287836E-06	-7.420991E-06	-3.465123E-06	-6.295532E-07	 5.293946E-07
0.59161	 0.000000E+00	-1.712917E-03	 2.289749E-03	 8.637783E-04	 3.031470E-03	 1.880039E-03	 1.450871E-03	 7.381212E-04	 3.281216E-04	 1.063600E-04	 1.989716E-05	-6.651099E-06	-8.330043E-06	-4.122860E-06	-9.357511E-07	 4.816171E-07
0.59582	 0.000000E+00	-1.749655E-03	 2.300518E-03	 8.328777E-04	 3.091534E-03	 1.928109E-03	 1.512127E-03	 7.781999E-04	 3.520927E-04	 1.165162E-04	 2.276981E-05	-6.947231E-06	-9.294671E-06	-4.855150E-06	-1.295021E-06	 4.100879E-07
0.60000	 0.000000E+00	-1.787069E-03	 2.311133E-03	 8.000965E-04	 3.151743E-03	 1.976275E-03	 1.575164E-03	 8.199734E-04	 3.775806E-04	 1.275690E-04	 2.605394E-05	-7.158166E-06	-1.031167E-05	-5.666272E-06	-1.713097E-06	 3.105282E-07
0.60415	 0.000000E+00	-1.825137E-03	 2.321583E-03	 7.653961E-04	 3.212056E-03	 2.024467E-03	 1.639978E-03	 8.634661E-04	 4.046473E-04	 1.395764E-04	 2.979222E-05	-7.263683E-06	-1.137664E-05	-6.560192E-06	-2.195946E-06	 1.781971E-07
0.60828	 0.000000E+00	-1.863867E-03	 2.331883E-03	 7.287324E-04	 3.272417E-03	 2.072596E-03	 1.706557E-03	 9.086947E-04	 4.333499E-04	 1.525958E-04	 3.403001E-05	-7.241126E-06	-1.248400E-05	-7.540583E-06	-2.749569E-06	 7.991601E-09
0.61237	 0.000000E+00	-1.903253E-03	 2.342014E-03	 6.900670E-04	 3.332782E-03	 2.120585E-03	 1.774890E-03	 9.556761E-04	 4.637485E-04	 1.666877E-04	 3.881521E-05	-7.065742E-06	-1.362658E-05	-8.610472E-06	-3.380171E-06	-2.056926E-07
0.61644	 0.000000E+00	-1.943201E-03	 2.351851E-03	 6.493882E-04	 3.393137E-03	 2.168388E-03	 1.844965E-03	 1.004429E-03	 4.959103E-04	 1.819169E-04	 4.419775E-05	-6.710383E-06	-1.479462E-05	-9.771787E-06	-4.094239E-06	-4.688236E-07
0.62048	 0.000000E+00	-1.983683E-03	 2.361366E-03	 6.066594E-04	 3.453432E-03	 2.215925E-03	 1.916774E-03	 1.054971E-03	 5.298972E-04	 1.983482E-04	 5.023160E-05	-6.145273E-06	-1.597781E-05	-1.102650E-05	-4.898139E-06	-7.878347E-07
0.62450	 0.000000E+00	-2.024750E-03	 2.370644E-03	 5.618289E-04	 3.513574E-03	 2.263068E-03	 1.990274E-03	 1.107292E-03	 5.657534E-04	 2.160390E-04	 5.697195E-05	-5.337823E-06	-1.716390E-05	-1.237553E-05	-5.797821E-06	-1.169442E-06
0.62849	 0.000000E+00	-2.066350E-03	 2.379705E-03	 5.148883E-04	 3.573513E-03	 2.309713E-03	 2.065415E-03	 1.161378E-03	 6.035250E-04	 2.350486E-04	 6.447494E-05	-4.252905E-06	-1.833759E-05	-1.381834E-05	-6.799228E-06	-1.620561E-06
0.63246	 0.000000E+00	-2.108404E-03	 2.388529E-03	 4.658335E-04	 3.633207E-03	 2.355773E-03	 2.142153E-03	 1.217219E-03	 6.432632E-04	 2.554402E-04	 7.279991E-05	-2.853028E-06	-1.948156E-05	-1.535319E-05	-7.908078E-06	-2.148572E-06
0.63640	 0.000000E+00	-2.150871E-03	 2.397100E-03	 4.146462E-04	 3.692596E-03	 2.401147E-03	 2.220442E-03	 1.274801E-03	 6.850137E-04	 2.772753E-04	 8.200836E-05	-1.097677E-06	-2.057614E-05	-1.697704E-05	-9.129543E-06	-2.760994E-06
0.64031	 0.000000E+00	-2.193755E-03	 2.405435E-03	 3.613007E-04	 3.751626E-03	 2.445733E-03	 2.300243E-03	 1.334109E-03	 7.288230E-04	 3.006163E-04	 9.216500E-05	 1.056621E-06	-2.159978E-05	-1.868609E-05	-1.046854E-05	-3.465625E-06
0.64420	 0.000000E+00	-2.237057E-03	 2.413498E-03	 3.057663E-04	 3.810243E-03	 2.489439E-03	 2.381520E-03	 1.395133E-03	 7.747397E-04	 3.255284E-04	 1.033374E-04	 3.656143E-06	-2.252813E-05	-2.047447E-05	-1.192924E-05	-4.270538E-06
0.64807	 0.000000E+00	-2.280639E-03	 2.421080E-03	 2.480542E-04	 3.868449E-03	 2.532240E-03	 2.464254E-03	 1.457877E-03	 8.228307E-04	 3.520873E-04	 1.155966E-04	 6.750282E-06	-2.333274E-05	-2.233399E-05	-1.351560E-05	-5.183899E-06
0.65192	 0.000000E+00	-2.324468E-03	 2.428135E-03	 1.881382E-04	 3.926184E-03	 2.574046E-03	 2.548415E-03	 1.522331E-03	 8.731479E-04	 3.803620E-04	 1.290165E-04	 1.039164E-05	-2.398395E-05	-2.425593E-05	-1.523063E-05	-6.213949E-06
0.65574	 0.000000E+00	-2.368642E-03	 2.434818E-03	 1.259703E-04	 3.983329E-03	 2.614686E-03	 2.633922E-03	 1.588443E-03	 9.257072E-04	 4.104038E-04	 1.436686E-04	 1.463545E-05	-2.444930E-05	-2.622924E-05	-1.707540E-05	-7.368420E-06
0.65955	 0.000000E+00	-2.413082E-03	 2.441197E-03	 6.158207E-05	 4.039850E-03	 2.654042E-03	 2.720680E-03	 1.656150E-03	 9.805276E-04	 4.422646E-04	 1.596230E-04	 1.953895E-05	-2.469141E-05	-2.823937E-05	-1.905007E-05	-8.654712E-06
0.66332	 0.000000E+00	-2.457699E-03	 2.447298E-03	-4.999452E-06	 4.095712E-03	 2.692010E-03	 2.808613E-03	 1.725399E-03	 1.037632E-03	 4.759986E-04	 1.769520E-04	 2.516127E-05	-2.467076E-05	-3.026978E-05	-2.115352E-05	-1.008016E-05
0.66708	 0.000000E+00	-2.502451E-03	 2.453132E-03	-7.376628E-05	 4.150884E-03	 2.728494E-03	 2.897660E-03	 1.796144E-03	 1.097046E-03	 5.116612E-04	 1.957304E-04	 3.156423E-05	-2.434529E-05	-3.230213E-05	-2.338345E-05	-1.165182E-05
0.67082	 0.000000E+00	-2.547325E-03	 2.458715E-03	-1.447162E-04	 4.205353E-03	 2.763406E-03	 2.987780E-03	 1.868346E-03	 1.158801E-03	 5.493089E-04	 2.160352E-04	 3.881227E-05	-2.367042E-05	-3.431636E-05	-2.573649E-05	-1.337651E-05
0.67454	 0.000000E+00	-2.592337E-03	 2.464007E-03	-2.178615E-04	 4.259089E-03	 2.796659E-03	 3.078931E-03	 1.941968E-03	 1.222924E-03	 5.889978E-04	 2.379449E-04	 4.697185E-05	-2.259878E-05	-3.628940E-05	-2.820728E-05	-1.526061E-05
0.67823	 0.000000E+00	-2.637315E-03	 2.468752E-03	-2.931590E-04	 4.312104E-03	 2.828245E-03	 3.171083E-03	 2.016983E-03	 1.289462E-03	 6.307948E-04	 2.615408E-04	 5.611234E-05	-2.107747E-05	-3.819388E-05	-3.078862E-05	-1.730944E-05
0.68191	 0.000000E+00	-2.682217E-03	 2.472889E-03	-3.706047E-04	 4.364333E-03	 2.858071E-03	 3.264178E-03	 2.093340E-03	 1.358433E-03	 6.747512E-04	 2.869029E-04	 6.630552E-05	-1.905162E-05	-4.000099E-05	-3.347083E-05	-1.952711E-05
0.68557	 0.000000E+00	-2.727163E-03	 2.476629E-03	-4.502225E-04	 4.415679E-03	 2.885951E-03	 3.358107E-03	 2.170939E-03	 1.429812E-03	 7.208918E-04	 3.141032E-04	 7.762306E-05	-1.646468E-05	-4.167969E-05	-3.624138E-05	-2.191629E-05
0.68920	 0.000000E+00	-2.772060E-03	 2.480087E-03	-5.319417E-04	 4.466157E-03	 2.911781E-03	 3.452773E-03	 2.249682E-03	 1.503585E-03	 7.692460E-04	 3.432124E-04	 9.013720E-05	-1.325516E-05	-4.319416E-05	-3.908570E-05	-2.447842E-05
0.69282	 0.000000E+00	-2.816824E-03	 2.483345E-03	-6.157088E-04	 4.515763E-03	 2.935460E-03	 3.548089E-03	 2.329479E-03	 1.579745E-03	 8.198462E-04	 3.743042E-04	 1.039227E-04	-9.359134E-06	-4.450570E-05	-4.198675E-05	-2.721400E-05
0.69642	 0.000000E+00	-2.861392E-03	 2.486427E-03	-7.014839E-04	 4.564474E-03	 2.956890E-03	 3.643970E-03	 2.410240E-03	 1.658280E-03	 8.727215E-04	 4.074510E-04	 1.190551E-04	-4.709716E-06	-4.557230E-05	-4.492460E-05	-3.012171E-05
0.70000	 0.000000E+00	-2.905698E-03	 2.489335E-03	-7.892193E-04	 4.612273E-03	 2.975981E-03	 3.740332E-03	 2.491871E-03	 1.739170E-03	 9.278941E-04	 4.427219E-04	 1.356098E-04	 7.624749E-07	-4.634881E-05	-4.787629E-05	-3.319817E-05
0.70356	 0.000000E+00	-2.949689E-03	 2.492078E-03	-8.788704E-04	 4.659140E-03	 2.992645E-03	 3.837093E-03	 2.574277E-03	 1.822396E-03	 9.853847E-04	 4.801860E-04	 1.536638E-04	 7.129536E-06	-4.678726E-05	-5.081613E-05	-3.643832E-05
0.70711	 0.000000E+00	-2.993324E-03	 2.494677E-03	-9.703894E-04	 4.705058E-03	 3.006789E-03	 3.934170E-03	 2.657358E-03	 1.907930E-03	 1.045206E-03	 5.199094E-04	 1.732937E-04	 1.446595E-05	-4.683640E-05	-5.371517E-05	-3.983485E-05
0.71063	 0.000000E+00	-3.036550E-03	 2.497148E-03	-1.063722E-03	 4.750018E-03	 3.018329E-03	 4.031478E-03	 2.741007E-03	 1.995738E-03	 1.107367E-03	 5.619544E-04	 1.945753E-04	 2.284833E-05	-4.644172E-05	-5.654118E-05	-4.337807E-05
0.71414	 0.000000E+00	-3.079312E-03	 2.499501E-03	-1.158815E-03	 4.794018E-03	 3.027188E-03	 4.128945E-03	 2.825127E-03	 2.085793E-03	 1.171878E-03	 6.063870E-04	 2.175873E-04	 3.235650E-05	-4.554572E-05	-5.925911E-05	-4.705646E-05
0.71764	 0.000000E+00	-3.121558E-03	 2.501753E-03	-1.255612E-03	 4.837054E-03	 3.033286E-03	 4.226493E-03	 2.909609E-03	 2.178058E-03	 1.238740E-03	 6.532667E-04	 2.424061E-04	 4.307208E-05	-4.408755E-05	-6.183015E-05	-5.085552E-05
0.72111	 0.000000E+00	-3.163245E-03	 2.503943E-03	-1.354051E-03	 4.879119E-03	 3.036536E-03	 4.324032E-03	 2.994333E-03	 2.272482E-03	 1.307945E-03	 7.026470E-04	 2.691060E-04	 5.507782E-05	-4.200341E-05	-6.421162E-05	-5.475766E-05
0.72457	 0.000000E+00	-3.204318E-03	 2.506105E-03	-1.454075E-03	 4.920220E-03	 3.036866E-03	 4.421494E-03	 3.079192E-03	 2.369028E-03	 1.379489E-03	 7.545868E-04	 2.977645E-04	 6.846000E-05	-3.922635E-05	-6.635799E-05	-5.874332E-05
0.72801	 0.000000E+00	-3.244682E-03	 2.508267E-03	-1.555606E-03	 4.960367E-03	 3.034206E-03	 4.518794E-03	 3.164063E-03	 2.467645E-03	 1.453362E-03	 8.091371E-04	 3.284557E-04	 8.330619E-05	-3.568627E-05	-6.821955E-05	-6.278934E-05
0.73144	 0.000000E+00	-3.284182E-03	 2.510583E-03	-1.658503E-03	 4.999617E-03	 3.028478E-03	 4.615821E-03	 3.248789E-03	 2.568250E-03	 1.529523E-03	 8.663328E-04	 3.612459E-04	 9.970490E-05	-3.131158E-05	-6.974289E-05	-6.686842E-05
0.73485	 0.000000E+00	-3.323048E-03	 2.513715E-03	-1.762723E-03	 5.037962E-03	 3.019406E-03	 4.712395E-03	 3.333120E-03	 2.670671E-03	 1.607866E-03	 9.261783E-04	 3.961882E-04	 1.177361E-04	-2.603199E-05	-7.087031E-05	-7.095009E-05
0.73824	 0.000000E+00	-3.361205E-03	 2.517862E-03	-1.868122E-03	 5.075518E-03	 3.006921E-03	 4.808397E-03	 3.416857E-03	 2.774785E-03	 1.688308E-03	 9.886778E-04	 4.333308E-04	 1.374804E-04	-1.976903E-05	-7.153972E-05	-7.499936E-05
0.74162	 0.000000E+00	-3.398227E-03	 2.522562E-03	-1.974514E-03	 5.112401E-03	 2.991169E-03	 4.903838E-03	 3.499960E-03	 2.880603E-03	 1.770868E-03	 1.053887E-03	 4.727471E-04	 1.590321E-04	-1.243682E-05	-7.168706E-05	-7.897980E-05
0.74498	 0.000000E+00	-3.434153E-03	 2.527588E-03	-2.081934E-03	 5.148507E-03	 2.972102E-03	 4.998716E-03	 3.582388E-03	 2.988133E-03	 1.855564E-03	 1.121878E-03	 5.145225E-04	 1.824908E-04	-3.951689E-06	-7.124551E-05	-8.285370E-05
0.74833	 0.000000E+00	-3.469072E-03	 2.532922E-03	-2.190373E-03	 5.183791E-03	 2.949637E-03	 5.092968E-03	 3.664018E-03	 3.097299E-03	 1.942346E-03	 1.192675E-03	 5.587178E-04	 2.079482E-04	 5.769229E-06	-7.014329E-05	-8.657656E-05
0.75166	 0.000000E+00	-3.502945E-03	 2.538597E-03	-2.299742E-03	 5.218289E-03	 2.923723E-03	 5.186528E-03	 3.744707E-03	 3.208016E-03	 2.031153E-03	 1.266296E-03	 6.053877E-04	 2.354946E-04	 1.681260E-05	-6.830425E-05	-9.009976E-05
0.75498	 0.000000E+00	-3.535643E-03	 2.544600E-03	-2.409940E-03	 5.252049E-03	 2.894337E-03	 5.279355E-03	 3.824345E-03	 3.320238E-03	 2.121957E-03	 1.342780E-03	 6.546013E-04	 2.652302E-04	 2.927069E-05	-6.564857E-05	-9.337256E-05
0.75829	 0.000000E+00	-3.566984E-03	 2.551125E-03	-2.520780E-03	 5.285177E-03	 2.861431E-03	 5.371348E-03	 3.902743E-03	 3.433840E-03	 2.214662E-03	 1.422117E-03	 7.063977E-04	 2.972456E-04	 4.323054E-05	-6.209347E-05	-9.633809E-05
0.76158	 0.000000E+00	-3.597305E-03	 2.559097E-03	-2.632190E-03	 5.317731E-03	 2.824676E-03	 5.462290E-03	 3.979545E-03	 3.548533E-03	 2.309032E-03	 1.504220E-03	 7.607717E-04	 3.316029E-04	 5.876926E-05	-5.755311E-05	-9.893454E-05
0.76485	 0.000000E+00	-3.626535E-03	 2.568811E-03	-2.744000E-03	 5.349938E-03	 2.784038E-03	 5.552120E-03	 4.054543E-03	 3.664181E-03	 2.404940E-03	 1.589059E-03	 8.177447E-04	 3.683782E-04	 7.598091E-05	-5.193706E-05	-1.010965E-04
0.76811	 0.000000E+00	-3.654114E-03	 2.579609E-03	-2.855966E-03	 5.381940E-03	 2.739770E-03	 5.640909E-03	 4.127737E-03	 3.780826E-03	 2.502407E-03	 1.676683E-03	 8.773806E-04	 4.076718E-04	 9.497311E-05	-4.515068E-05	-1.027548E-04
0.77136	 0.000000E+00	-3.680090E-03	 2.591171E-03	-2.968137E-03	 5.413573E-03	 2.691827E-03	 5.728658E-03	 4.199085E-03	 3.898461E-03	 2.601420E-03	 1.767135E-03	 9.397469E-04	 4.495865E-04	 1.158454E-04	-3.709635E-05	-1.038386E-04
0.77460	 0.000000E+00	-3.704671E-03	 2.603571E-03	-3.080557E-03	 5.444816E-03	 2.640101E-03	 5.815366E-03	 4.268473E-03	 4.017034E-03	 2.701919E-03	 1.860440E-03	 1.004900E-03	 4.942254E-04	 1.386970E-04	-2.767199E-05	-1.042730E-04
0.77782	 0.000000E+00	-3.727840E-03	 2.616869E-03	-3.193119E-03	 5.475769E-03	 2.584568E-03	 5.901009E-03	 4.335750E-03	 4.136446E-03	 2.803796E-03	 1.956577E-03	 1.072865E-03	 5.416734E-04	 1.636275E-04	-1.677194E-05	-1.039752E-04
0.78102	 0.000000E+00	-3.749417E-03	 2.630896E-03	-3.305671E-03	 5.506499E-03	 2.525276E-03	 5.985576E-03	 4.400800E-03	 4.256626E-03	 2.906969E-03	 2.055535E-03	 1.143671E-03	 5.920168E-04	 1.907398E-04	-4.287302E-06	-1.028574E-04
0.78422	 0.000000E+00	-3.769390E-03	 2.645578E-03	-3.418165E-03	 5.537006E-03	 2.462193E-03	 6.069076E-03	 4.463527E-03	 4.377541E-03	 3.011387E-03	 2.157338E-03	 1.217370E-03	 6.453601E-04	 2.201441E-04	 9.897043E-06	-1.008296E-04
0.78740	 0.000000E+00	-3.787743E-03	 2.660916E-03	-3.530505E-03	 5.567320E-03	 2.395289E-03	 6.151479E-03	 4.523786E-03	 4.499094E-03	 3.116937E-03	 2.261960E-03	 1.293981E-03	 7.017865E-04	 2.519411E-04	 2.589641E-05	-9.779586E-05
0.79057	 0.000000E+00	-3.804408E-03	 2.676938E-03	-3.642543E-03	 5.597494E-03	 2.324550E-03	 6.232736E-03	 4.581400E-03	 4.621152E-03	 3.223470E-03	 2.369339E-03	 1.373495E-03	 7.613628E-04	 2.862253E-04	 4.382646E-05	-9.365519E-05
0.79373	 0.000000E+00	-3.819310E-03	 2.693660E-03	-3.754158E-03	 5.627606E-03	 2.249969E-03	 6.312861E-03	 4.636244E-03	 4.743660E-03	 3.330900E-03	 2.479476E-03	 1.455944E-03	 8.241849E-04	 3.231076E-04	 6.381193E-05	-8.830297E-05
0.79687	 0.000000E+00	-3.832353E-03	 2.711118E-03	-3.865164E-03	 5.657715E-03	 2.171552E-03	 6.391798E-03	 4.688136E-03	 4.866469E-03	 3.439055E-03	 2.592289E-03	 1.541303E-03	 8.903091E-04	 3.626774E-04	 8.597076E-05	-8.163110E-05
0.80000	 0.000000E+00	-3.843490E-03	 2.729413E-03	-3.975368E-03	 5.687869E-03	 2.089289E-03	 6.469451E-03	 4.736841E-03	 4.989356E-03	 3.547692E-03	 2.707630E-03	 1.629491E-03	 9.597541E-04	 4.050036E-04	 1.104145E-04	-7.352832E-05
0.80312	 0.000000E+00	-3.852722E-03	 2.748596E-03	-4.084740E-03	 5.718202E-03	 2.003135E-03	 6.545921E-03	 4.782275E-03	 5.112355E-03	 3.656779E-03	 2.825559E-03	 1.720583E-03	 1.032652E-03	 4.502227E-04	 1.372910E-04	-6.387116E-05
0.80623	 0.000000E+00	-3.860052E-03	 2.768581E-03	-4.193293E-03	 5.748822E-03	 1.913058E-03	 6.621354E-03	 4.824397E-03	 5.235564E-03	 3.766336E-03	 2.946186E-03	 1.814688E-03	 1.109162E-03	 4.984945E-04	 1.667649E-04	-5.252315E-05
0.80932	 0.000000E+00	-3.865612E-03	 2.789042E-03	-4.301109E-03	 5.779571E-03	 1.818982E-03	 6.695761E-03	 4.863111E-03	 5.358960E-03	 3.876283E-03	 3.069516E-03	 1.911838E-03	 1.189381E-03	 5.499514E-04	 1.989923E-04	-3.933904E-05
0.81240	 0.000000E+00	-3.868954E-03	 2.808749E-03	-4.408219E-03	 5.810310E-03	 1.721121E-03	 6.769393E-03	 4.898633E-03	 5.482919E-03	 3.986912E-03	 3.195862E-03	 2.012294E-03	 1.273583E-03	 6.048318E-04	 2.341886E-04	-2.414741E-05
0.81548	 0.000000E+00	-3.870135E-03	 2.827342E-03	-4.514802E-03	 5.840838E-03	 1.619305E-03	 6.842393E-03	 4.930997E-03	 5.607700E-03	 4.098414E-03	 3.325520E-03	 2.116329E-03	 1.362074E-03	 6.633840E-04	 2.725948E-04	-6.766549E-06
0.81854	 0.000000E+00	-3.869694E-03	 2.845744E-03	-4.620879E-03	 5.871202E-03	 1.513132E-03	 6.914593E-03	 4.959738E-03	 5.732957E-03	 4.210391E-03	 3.458292E-03	 2.223838E-03	 1.454902E-03	 7.256993E-04	 3.143801E-04	 1.296709E-05
0.82158	 0.000000E+00	-3.867435E-03	 2.864427E-03	-4.726086E-03	 5.901819E-03	 1.402610E-03	 6.985982E-03	 4.984498E-03	 5.858439E-03	 4.322497E-03	 3.593993E-03	 2.334711E-03	 1.552097E-03	 7.918836E-04	 3.597154E-04	 3.523364E-05
0.82462	 0.000000E+00	-3.862975E-03	 2.883184E-03	-4.830231E-03	 5.932880E-03	 1.287767E-03	 7.056716E-03	 5.005179E-03	 5.984295E-03	 4.434762E-03	 3.732795E-03	 2.449109E-03	 1.653898E-03	 8.621850E-04	 4.088576E-04	 6.025814E-05
0.82765	 0.000000E+00	-3.856257E-03	 2.901896E-03	-4.933272E-03	 5.964360E-03	 1.168469E-03	 7.126853E-03	 5.021612E-03	 6.110579E-03	 4.547140E-03	 3.874815E-03	 2.567158E-03	 1.760530E-03	 9.368344E-04	 4.620679E-04	 8.827274E-05
0.83066	 0.000000E+00	-3.847492E-03	 2.920843E-03	-5.035118E-03	 5.996320E-03	 1.044539E-03	 7.196384E-03	 5.033468E-03	 6.237108E-03	 4.659317E-03	 4.019931E-03	 2.688786E-03	 1.872070E-03	 1.015971E-03	 5.195592E-04	 1.194975E-04
0.83367	 0.000000E+00	-3.836867E-03	 2.939506E-03	-5.135862E-03	 6.028487E-03	 9.158559E-04	 7.265354E-03	 5.040609E-03	 6.363931E-03	 4.771206E-03	 4.168227E-03	 2.814071E-03	 1.988680E-03	 1.099826E-03	 5.815941E-04	 1.541987E-04
0.83666	 0.000000E+00	-3.823003E-03	 2.954680E-03	-5.235243E-03	 6.060118E-03	 7.830961E-04	 7.334004E-03	 5.043583E-03	 6.491775E-03	 4.883469E-03	 4.320339E-03	 2.943544E-03	 2.110870E-03	 1.188861E-03	 6.485712E-04	 1.927229E-04
0.83964	 0.000000E+00	-3.805844E-03	 2.965293E-03	-5.333330E-03	 6.090278E-03	 6.460682E-04	 7.402147E-03	 5.042362E-03	 6.620784E-03	 4.996242E-03	 4.476546E-03	 3.077502E-03	 2.239031E-03	 1.283407E-03	 7.208601E-04	 2.353815E-04
0.84261	 0.000000E+00	-3.786762E-03	 2.973780E-03	-5.430203E-03	 6.119184E-03	 5.039216E-04	 7.469454E-03	 5.035973E-03	 6.750156E-03	 5.108554E-03	 4.636256E-03	 3.215513E-03	 2.373032E-03	 1.383440E-03	 7.986386E-04	 2.823901E-04
0.84558	 0.000000E+00	-3.765374E-03	 2.981209E-03	-5.525049E-03	 6.147831E-03	 3.568747E-04	 7.536038E-03	 5.023823E-03	 6.879435E-03	 5.219659E-03	 4.798991E-03	 3.357162E-03	 2.512707E-03	 1.488977E-03	 8.820722E-04	 3.340063E-04
0.84853	 0.000000E+00	-3.740271E-03	 2.986018E-03	-5.617077E-03	 6.176134E-03	 2.055142E-04	 7.602006E-03	 5.005986E-03	 7.008871E-03	 5.329666E-03	 4.964985E-03	 3.502637E-03	 2.658341E-03	 1.600366E-03	 9.715288E-04	 3.906158E-04
0.85147	 0.000000E+00	-3.711248E-03	 2.987547E-03	-5.706121E-03	 6.203475E-03	 4.969578E-05	 7.667193E-03	 4.982264E-03	 7.138517E-03	 5.438523E-03	 5.134416E-03	 3.652120E-03	 2.810272E-03	 1.717947E-03	 1.067419E-03	 4.526079E-04
0.85440	 0.000000E+00	-3.679162E-03	 2.987431E-03	-5.792079E-03	 6.230116E-03	-1.111028E-04	 7.731503E-03	 4.951878E-03	 7.267836E-03	 5.545393E-03	 5.306830E-03	 3.805215E-03	 2.968411E-03	 1.841742E-03	 1.169971E-03	 5.202735E-04
0.85732	 0.000000E+00	-3.643877E-03	 2.985823E-03	-5.874446E-03	 6.256354E-03	-2.767358E-04	 7.795043E-03	 4.914418E-03	 7.396606E-03	 5.649711E-03	 5.481947E-03	 3.961615E-03	 3.132682E-03	 1.971840E-03	 1.279422E-03	 5.939535E-04
0.86023	 0.000000E+00	-3.603408E-03	 2.978978E-03	-5.952352E-03	 6.281123E-03	-4.462138E-04	 7.857832E-03	 4.870432E-03	 7.525480E-03	 5.752070E-03	 5.660410E-03	 4.121848E-03	 3.303655E-03	 2.108814E-03	 1.396319E-03	 6.741985E-04
0.86313	 0.000000E+00	-3.557532E-03	 2.965510E-03	-6.025579E-03	 6.303043E-03	-6.196392E-04	 7.919416E-03	 4.819807E-03	 7.654493E-03	 5.852495E-03	 5.842469E-03	 4.286176E-03	 3.481772E-03	 2.253091E-03	 1.521188E-03	 7.615081E-04
0.86603	 0.000000E+00	-3.507766E-03	 2.948482E-03	-6.093944E-03	 6.322651E-03	-7.977012E-04	 7.979572E-03	 4.761362E-03	 7.782604E-03	 5.949495E-03	 6.027105E-03	 4.453657E-03	 3.666535E-03	 2.404355E-03	 1.654076E-03	 8.560770E-04
0.86891	 0.000000E+00	-3.453618E-03	 2.928978E-03	-6.156186E-03	 6.341111E-03	-9.797325E-04	 8.038597E-03	 4.694550E-03	 7.909254E-03	 6.041952E-03	 6.213479E-03	 4.623380E-03	 3.857385E-03	 2.562289E-03	 1.794950E-03	 9.581041E-04
0.87178	 0.000000E+00	-3.392813E-03	 2.903583E-03	-6.210847E-03	 6.357481E-03	-1.164420E-03	 8.096400E-03	 4.619879E-03	 8.034872E-03	 6.130212E-03	 6.401994E-03	 4.795607E-03	 4.054687E-03	 2.727326E-03	 1.944286E-03	 1.068140E-03
0.87464	 0.000000E+00	-3.324986E-03	 2.870924E-03	-6.257387E-03	 6.370272E-03	-1.351639E-03	 8.152388E-03	 4.537242E-03	 8.159362E-03	 6.214162E-03	 6.592766E-03	 4.970429E-03	 4.258757E-03	 2.899799E-03	 2.102570E-03	 1.186705E-03
0.87750	 0.000000E+00	-3.251519E-03	 2.834167E-03	-6.295332E-03	 6.380206E-03	-1.541694E-03	 8.206464E-03	 4.445566E-03	 8.281640E-03	 6.292118E-03	 6.784532E-03	 5.146539E-03	 4.468770E-03	 3.079078E-03	 2.269617E-03	 1.313846E-03
0.88034	 0.000000E+00	-3.171846E-03	 2.794351E-03	-6.323067E-03	 6.388450E-03	-1.733411E-03	 8.259008E-03	 4.344566E-03	 8.401088E-03	 6.362818E-03	 6.976164E-03	 5.322615E-03	 4.683756E-03	 3.264417E-03	 2.445056E-03	 1.449500E-03
0.88318	 0.000000E+00	-3.083426E-03	 2.747413E-03	-6.338632E-03	 6.393567E-03	-1.924867E-03	 8.309673E-03	 4.235133E-03	 8.517976E-03	 6.426622E-03	 7.167830E-03	 5.498656E-03	 4.903774E-03	 3.455937E-03	 2.629093E-03	 1.594018E-03
0.88600	 0.000000E+00	-2.985850E-03	 2.691725E-03	-6.341251E-03	 6.393696E-03	-2.115607E-03	 8.357637E-03	 4.117377E-03	 8.632088E-03	 6.483425E-03	 7.359526E-03	 5.674593E-03	 5.128953E-03	 3.653784E-03	 2.822065E-03	 1.747819E-03
0.88882	 0.000000E+00	-2.880682E-03	 2.630971E-03	-6.330411E-03	 6.389902E-03	-2.305693E-03	 8.403034E-03	 3.990382E-03	 8.742403E-03	 6.531452E-03	 7.549865E-03	 5.848830E-03	 5.358205E-03	 3.857010E-03	 3.023534E-03	 1.910735E-03
0.89163	 0.000000E+00	-2.767331E-03	 2.566043E-03	-6.304209E-03	 6.383211E-03	-2.493321E-03	 8.446177E-03	 3.854347E-03	 8.848152E-03	 6.569410E-03	 7.737323E-03	 6.019570E-03	 5.589980E-03	 4.064231E-03	 3.232546E-03	 2.082184E-03
0.89443	 0.000000E+00	-2.642202E-03	 2.490345E-03	-6.259883E-03	 6.370634E-03	-2.675415E-03	 8.485917E-03	 3.711221E-03	 8.949470E-03	 6.598332E-03	 7.922019E-03	 6.186909E-03	 5.824119E-03	 4.275326E-03	 3.448974E-03	 2.262196E-03
0.89722	 0.000000E+00	-2.504711E-03	 2.401450E-03	-6.196433E-03	 6.349248E-03	-2.851215E-03	 8.520784E-03	 3.561564E-03	 9.045996E-03	 6.618516E-03	 8.104046E-03	 6.350968E-03	 6.060784E-03	 4.490451E-03	 3.673073E-03	 2.451100E-03
0.90000	 0.000000E+00	-2.356955E-03	 2.305522E-03	-6.113187E-03	 6.321318E-03	-3.020718E-03	 8.551080E-03	 3.404239E-03	 9.136158E-03	 6.627491E-03	 8.281191E-03	 6.509255E-03	 6.298024E-03	 4.707817E-03	 3.903687E-03	 2.648126E-03
0.90277	 0.000000E+00	-2.197541E-03	 2.205199E-03	-6.006992E-03	 6.289488E-03	-3.181040E-03	 8.577076E-03	 3.239693E-03	 9.218224E-03	 6.623303E-03	 8.450567E-03	 6.658807E-03	 6.532980E-03	 4.924875E-03	 4.138815E-03	 2.851806E-03
0.90554	 0.000000E+00	-2.022101E-03	 2.093850E-03	-5.874099E-03	 6.250757E-03	-3.328338E-03	 8.596964E-03	 3.070368E-03	 9.291683E-03	 6.607165E-03	 8.611789E-03	 6.799604E-03	 6.765116E-03	 5.141240E-03	 4.378004E-03	 3.061869E-03
0.90830	 0.000000E+00	-1.830148E-03	 1.968615E-03	-5.713444E-03	 6.201957E-03	-3.461474E-03	 8.609411E-03	 2.897475E-03	 9.356550E-03	 6.580024E-03	 8.765295E-03	 6.932097E-03	 6.994686E-03	 5.357083E-03	 4.621349E-03	 3.278459E-03
0.91104	 0.000000E+00	-1.624513E-03	 1.835849E-03	-5.524766E-03	 6.146054E-03	-3.579773E-03	 8.616022E-03	 2.721082E-03	 9.412252E-03	 6.540128E-03	 8.909050E-03	 7.053628E-03	 7.219147E-03	 5.569751E-03	 4.866646E-03	 3.499719E-03
0.91378	 0.000000E+00	-1.404866E-03	 1.695961E-03	-5.306172E-03	 6.083942E-03	-3.680247E-03	 8.617199E-03	 2.543186E-03	 9.458084E-03	 6.487134E-03	 9.040912E-03	 7.162138E-03	 7.435784E-03	 5.776480E-03	 5.111390E-03	 3.723283E-03
0.91652	 0.000000E+00	-1.163896E-03	 1.530808E-03	-5.053453E-03	 6.005016E-03	-3.757743E-03	 8.607860E-03	 2.369042E-03	 9.494379E-03	 6.426464E-03	 9.163142E-03	 7.261505E-03	 7.646816E-03	 5.979643E-03	 5.357079E-03	 3.950278E-03
0.91924	 0.000000E+00	-9.010621E-04	 1.333568E-03	-4.766073E-03	 5.900382E-03	-3.811710E-03	 8.582573E-03	 2.200386E-03	 9.519515E-03	 6.360626E-03	 9.276535E-03	 7.353886E-03	 7.853450E-03	 6.180887E-03	 5.604603E-03	 4.181822E-03
0.92195	 0.000000E+00	-6.221913E-04	 1.120711E-03	-4.444475E-03	 5.777905E-03	-3.842363E-03	 8.544010E-03	 2.035875E-03	 9.531112E-03	 6.285486E-03	 9.376356E-03	 7.433739E-03	 8.050185E-03	 6.374848E-03	 5.848992E-03	 4.413921E-03
0.92466	 0.000000E+00	-3.243323E-04	 9.051074E-04	-4.081676E-03	 5.652733E-03	-3.842040E-03	 8.500243E-03	 1.878667E-03	 9.530024E-03	 6.198967E-03	 9.458307E-03	 7.495187E-03	 8.230480E-03	 6.554684E-03	 6.083751E-03	 4.640713E-03
0.92736	 0.000000E+00	-6.214355E-06	 6.969819E-04	-3.672744E-03	 5.534585E-03	-3.805196E-03	 8.456149E-03	 1.731708E-03	 9.516482E-03	 6.100100E-03	 9.519036E-03	 7.534322E-03	 8.389143E-03	 6.714969E-03	 6.303371E-03	 4.856902E-03
0.93005	 0.000000E+00	 3.336941E-04	 4.996078E-04	-3.213981E-03	 5.427820E-03	-3.726928E-03	 8.414858E-03	 1.598985E-03	 9.491900E-03	 5.990373E-03	 9.557566E-03	 7.549953E-03	 8.523238E-03	 6.852382E-03	 6.503908E-03	 5.058327E-03
0.93274	 0.000000E+00	 6.985429E-04	 3.105299E-04	-2.700883E-03	 5.332534E-03	-3.602395E-03	 8.377966E-03	 1.484739E-03	 9.458455E-03	 5.872944E-03	 9.575182E-03	 7.543375E-03	 8.632550E-03	 6.966308E-03	 6.683933E-03	 5.243103E-03
0.93541	 0.000000E+00	 1.091058E-03	 1.301407E-04	-2.128028E-03	 5.250153E-03	-3.427347E-03	 8.347773E-03	 1.391592E-03	 9.418330E-03	 5.749644E-03	 9.573436E-03	 7.515443E-03	 8.717611E-03	 7.056852E-03	 6.843186E-03	 5.410791E-03
0.93808	 0.000000E+00	 1.511324E-03	-3.067829E-05	-1.489487E-03	 5.190099E-03	-3.197292E-03	 8.331508E-03	 1.321004E-03	 9.374810E-03	 5.619370E-03	 9.552499E-03	 7.463878E-03	 8.776871E-03	 7.121437E-03	 6.979586E-03	 5.559143E-03
0.94074	 0.000000E+00	 1.962329E-03	-1.676818E-04	-7.771162E-04	 5.159925E-03	-2.904018E-03	 8.337130E-03	 1.278038E-03	 9.333501E-03	 5.484179E-03	 9.514479E-03	 7.388541E-03	 8.809861E-03	 7.158171E-03	 7.091375E-03	 5.685408E-03
0.94340	 0.000000E+00	 2.448803E-03	-2.904171E-04	 1.633038E-05	 5.154967E-03	-2.538598E-03	 8.365952E-03	 1.270911E-03	 9.299246E-03	 5.351250E-03	 9.464049E-03	 7.294309E-03	 8.819182E-03	 7.168838E-03	 7.178957E-03	 5.788753E-03
0.94604	 0.000000E+00	 2.970874E-03	-4.051385E-04	 8.939335E-04	 5.168211E-03	-2.095482E-03	 8.416612E-03	 1.306665E-03	 9.274662E-03	 5.227335E-03	 9.404879E-03	 7.185757E-03	 8.806816E-03	 7.154984E-03	 7.241863E-03	 5.868150E-03
0.94868	 0.000000E+00	 3.528783E-03	-5.098694E-04	 1.861378E-03	 5.201162E-03	-1.566966E-03	 8.493176E-03	 1.392538E-03	 9.263964E-03	 5.117554E-03	 9.339723E-03	 7.064915E-03	 8.772868E-03	 7.115712E-03	 7.277650E-03	 5.920701E-03
0.95131	 0.000000E+00	 4.127280E-03	-6.030165E-04	 2.932229E-03	 5.257846E-03	-9.391041E-04	 8.603052E-03	 1.537814E-03	 9.274279E-03	 5.027653E-03	 9.273380E-03	 6.934705E-03	 8.719436E-03	 7.051471E-03	 7.286121E-03	 5.945019E-03
0.95394	 0.000000E+00	 4.773725E-03	-6.880454E-04	 4.124733E-03	 5.337363E-03	-1.929551E-04	 8.751241E-03	 1.755007E-03	 9.313061E-03	 4.966342E-03	 9.212826E-03	 6.801036E-03	 8.651508E-03	 6.965678E-03	 7.269838E-03	 5.942274E-03
0.95656	 0.000000E+00	 5.471780E-03	-7.611031E-04	 5.452869E-03	 5.444596E-03	 6.905125E-04	 8.945547E-03	 2.059868E-03	 9.388349E-03	 4.944936E-03	 9.164159E-03	 6.669012E-03	 8.571183E-03	 6.858349E-03	 7.226235E-03	 5.909174E-03
0.95917	 0.000000E+00	 6.211695E-03	-7.911189E-04	 6.916834E-03	 5.605976E-03	 1.722327E-03	 9.207944E-03	 2.466389E-03	 9.514642E-03	 4.972106E-03	 9.133583E-03	 6.539311E-03	 8.476425E-03	 6.722595E-03	 7.145461E-03	 5.834011E-03
0.96177	 0.000000E+00	 6.988320E-03	-7.665329E-04	 8.515833E-03	 5.837864E-03	 2.914624E-03	 9.557952E-03	 2.991193E-03	 9.711447E-03	 5.062493E-03	 9.135718E-03	 6.422552E-03	 8.375299E-03	 6.561987E-03	 7.028325E-03	 5.713247E-03
0.96437	 0.000000E+00	 7.802861E-03	-7.154725E-04	 1.024906E-02	 6.116553E-03	 4.276818E-03	 9.987117E-03	 3.649191E-03	 9.986902E-03	 5.235943E-03	 9.187626E-03	 6.341732E-03	 8.287618E-03	 6.397515E-03	 6.892452E-03	 5.561893E-03
0.96695	 0.000000E+00	 8.643753E-03	-6.633849E-04	 1.210013E-02	 6.404238E-03	 5.801822E-03	 1.047106E-02	 4.443993E-03	 1.033633E-02	 5.505396E-03	 9.299801E-03	 6.317148E-03	 8.232412E-03	 6.252118E-03	 6.758124E-03	 5.400608E-03
0.96954	 0.000000E+00	 9.499756E-03	-6.411074E-04	 1.404607E-02	 6.662041E-03	 7.477437E-03	 1.098290E-02	 5.376112E-03	 1.075262E-02	 5.883774E-03	 9.481952E-03	 6.369793E-03	 8.230120E-03	 6.150628E-03	 6.648887E-03	 5.253886E-03
0.97211	 0.000000E+00	 1.034848E-02	-6.651399E-04	 1.604732E-02	 6.856490E-03	 9.275224E-03	 1.149450E-02	 6.432573E-03	 1.122407E-02	 6.374174E-03	 9.739200E-03	 6.514396E-03	 8.299429E-03	 6.115093E-03	 6.589574E-03	 5.147611E-03
0.97468	 0.000000E+00	 1.115598E-02	-7.328866E-04	 1.804729E-02	 6.969276E-03	 1.115175E-02	 1.198671E-02	 7.586861E-03	 1.174283E-02	 6.968198E-03	 1.007663E-02	 6.757564E-03	 8.458725E-03	 6.162380E-03	 6.606655E-03	 5.106302E-03
0.97724	 0.000000E+00	 1.188303E-02	-8.440632E-04	 1.997344E-02	 6.982761E-03	 1.304922E-02	 1.243957E-02	 8.798770E-03	 1.230165E-02	 7.647213E-03	 1.050064E-02	 7.101560E-03	 8.730508E-03	 6.310202E-03	 6.735939E-03	 5.160140E-03
0.97980	 0.000000E+00	 1.245951E-02	-9.923551E-04	 2.169107E-02	 6.870493E-03	 1.484667E-02	 1.281567E-02	 9.977437E-03	 1.287771E-02	 8.355706E-03	 1.100834E-02	 7.528320E-03	 9.136663E-03	 6.570658E-03	 7.023640E-03	 5.345735E-03
0.98234	 0.000000E+00	 1.276800E-02	-1.205248E-03	 2.294501E-02	 6.554026E-03	 1.628841E-02	 1.301621E-02	 1.091963E-02	 1.339670E-02	 8.958688E-03	 1.156575E-02	 7.976666E-03	 9.690516E-03	 6.945133E-03	 7.532319E-03	 5.713683E-03
0.98489	 0.000000E+00	 1.261645E-02	-1.580785E-03	 2.329157E-02	 5.840623E-03	 1.689575E-02	 1.281321E-02	 1.122048E-02	 1.367215E-02	 9.170325E-03	 1.206438E-02	 8.293985E-03	 1.037537E-02	 7.401058E-03	 8.340885E-03	 6.329479E-03
0.98742	 0.000000E+00	 1.166656E-02	-2.265066E-03	 2.195897E-02	 4.406459E-03	 1.580790E-02	 1.180922E-02	 1.011754E-02	 1.335309E-02	 8.419507E-03	 1.227086E-02	 8.132516E-03	 1.110904E-02	 7.801720E-03	 9.529072E-03	 7.238413E-03
0.98995	 0.000000E+00	 9.301670E-03	-3.508035E-03	 1.752154E-02	 1.693119E-03	 1.139371E-02	 9.294241E-03	 6.120433E-03	 1.177666E-02	 5.544432E-03	 1.170633E-02	 6.730298E-03	 1.166901E-02	 7.775020E-03	 1.115876E-02	 8.412699E-03
0.99247	 0.000000E+00	 4.322340E-03	-5.749649E-03	 7.184540E-03	-3.324596E-03	 3.899082E-04	 3.908503E-03	-3.818359E-03	 7.618420E-03	-1.908152E-03	 9.358866E-03	 2.392711E-03	 1.150056E-02	 6.389469E-03	 1.319811E-02	 9.604274E-03
0.99499	 0.000000E+00	-5.554350E-03	-9.757934E-03	-1.444355E-02	-1.250746E-02	-2.363097E-02	-6.929751E-03	-2.583078E-02	-1.714901E-03	-1.903496E-02	 3.161181E-03	-8.567626E-03	 9.309944E-03	 1.427023E-03	 1.527283E-02	 9.923149E-03
0.99750	 0.000000E+00	-2.326854E-02	-1.644620E-02	-5.459727E-02	-2.817279E-02	-6.970518E-02	-2.670894E-02	-6.896464E-02	-2.000394E-02	-5.382627E-02	-1.018567E-02	-3.243172E-02	 2.629655E-03	-1.141353E-02	 1.599562E-02	 6.953979E-03
1.00000	 0.000000E+00	-4.545541E-02	-2.436660E-02	-1.056999E-01	-4.695344E-02	-1.291720E-01	-5.105026E-02	-1.251765E-01	-4.300588E-02	-9.975259E-02	-2.726397E-02	-6.457188E-02	-6.241706E-03	-2.934683E-02	 1.638838E-02	 1.893727E-03
