r	   0/   0	   1/   0	   2/   0	   3/   0	   4/   0	   5/   0	   6/   0	   7/   0	   8/   0	   9/   0	  10/   0	  11/   0	  12/   0	  13/   0	  14/   0	  15/   0
0.07071	 5.493816E+00	 1.998290E-01	 1.271532E+00	-1.685650E-02	 9.430173E-03	-1.209829E-03	-4.652960E-03	 9.123141E-04	 9.057288E-04	-1.696387E-04	-2.004969E-05	 1.090645E-05	-5.930725E-06	 1.505422E-05	 4.770373E-06	-1.228823E-06
0.10000	 5.804921E+00	 2.691401E-01	 1.404913E+00	-2.754966E-02	-5.196705E-03	-2.157564E-03	-6.263554E-03	 7.889137E-04	 1.594451E-03	-2.513105E-04	-1.012436E-04	 2.003792E-05	-3.795880E-06	 1.652768E-05	 7.946052E-06	-1.420872E-06
0.12247	 5.864583E+00	 3.241244E-01	 1.454309E+00	-3.246864E-02	-2.056857E-02	-4.738050E-03	-5.561449E-03	 4.314973E-04	 1.645359E-03	-2.802700E-04	-2.377145E-04	 2.031723E-05	 1.141216E-05	 1.125484E-05	 7.093629E-06	-1.748809E-06
0.14142	 5.889384E+00	 3.774269E-01	 1.468177E+00	-3.475408E-02	-2.773363E-02	-6.055654E-03	-3.894427E-03	 4.845579E-05	 1.265346E-03	-1.966352E-04	-2.953167E-04	 4.514338E-05	 3.726480E-05	 3.909209E-06	 2.032003E-06	-1.938187E-06
0.15811	 5.904433E+00	 4.333818E-01	 1.475164E+00	-3.562207E-02	-3.243120E-02	-6.642910E-03	-2.405249E-03	-2.288288E-04	 8.325951E-04	-9.986793E-05	-2.596585E-04	 7.264590E-05	 6.129384E-05	 5.367265E-07	-4.152124E-06	-1.085999E-06
0.17321	 5.915416E+00	 4.888241E-01	 1.480428E+00	-3.441602E-02	-3.603331E-02	-7.820155E-03	-1.592888E-03	-2.798896E-04	 4.619528E-04	-2.628855E-05	-1.959279E-04	 7.448196E-05	 7.176829E-05	 1.424168E-06	-8.243991E-06	 5.413332E-08
0.18708	 5.924271E+00	 5.408213E-01	 1.485934E+00	-3.230253E-02	-3.933366E-02	-9.457104E-03	-1.379142E-03	-2.697442E-04	 1.885949E-04	 2.523778E-05	-1.304270E-04	 6.061402E-05	 6.771967E-05	 3.019327E-06	-9.454720E-06	 7.660462E-07
0.20000	 5.931888E+00	 5.869091E-01	 1.492275E+00	-3.024766E-02	-4.272722E-02	-1.138118E-02	-1.585680E-03	-2.696856E-04	 6.989315E-06	 4.883518E-05	-7.748414E-05	 4.322914E-05	 5.525202E-05	 3.949878E-06	-8.709146E-06	 1.048482E-06
0.21213	 5.938562E+00	 6.253218E-01	 1.499333E+00	-2.890364E-02	-4.635045E-02	-1.345747E-02	-2.056069E-03	-3.061482E-04	-1.031956E-04	 4.971509E-05	-4.237395E-05	 2.736047E-05	 4.010625E-05	 4.096672E-06	-6.956938E-06	 1.083168E-06
0.22361	 5.944427E+00	 6.553184E-01	 1.506786E+00	-2.862667E-02	-5.021140E-02	-1.558659E-02	-2.671029E-03	-3.844073E-04	-1.658839E-04	 3.682959E-05	-2.324033E-05	 1.488469E-05	 2.596180E-05	 3.595637E-06	-4.952353E-06	 1.006954E-06
0.23452	 5.949613E+00	 6.773479E-01	 1.514360E+00	-2.948618E-02	-5.426072E-02	-1.770007E-02	-3.351382E-03	-5.030686E-04	-2.008735E-04	 1.865639E-05	-1.509549E-05	 6.365491E-06	 1.465982E-05	 2.706176E-06	-3.182870E-06	 9.039618E-07
0.24495	 5.954247E+00	 6.928808E-01	 1.521921E+00	-3.129398E-02	-5.843003E-02	-1.976691E-02	-4.053837E-03	-6.581282E-04	-2.222982E-04	 1.126526E-06	-1.291903E-05	 1.513132E-06	 6.691289E-06	 1.726445E-06	-1.871382E-06	 8.213619E-07
0.25495	 5.958559E+00	 7.040269E-01	 1.529497E+00	-3.369115E-02	-6.265447E-02	-2.178961E-02	-4.762748E-03	-8.454723E-04	-2.393779E-04	-1.242333E-05	-1.309630E-05	-5.604550E-07	 1.760393E-06	 9.136739E-07	-1.057859E-06	 7.701838E-07
0.26458	 5.962706E+00	 7.127694E-01	 1.537147E+00	-3.630649E-02	-6.688482E-02	-2.379831E-02	-5.478817E-03	-1.057168E-03	-2.582300E-04	-2.217009E-05	-1.377218E-05	-8.742870E-07	-8.743657E-07	 3.776495E-07	-6.714182E-07	 7.438346E-07
0.27386	 5.966766E+00	 7.205452E-01	 1.544897E+00	-3.886091E-02	-7.108947E-02	-2.583193E-02	-6.209117E-03	-1.283640E-03	-2.826585E-04	-3.025498E-05	-1.437715E-05	-2.979267E-07	-2.036341E-06	 1.080890E-07	-5.929040E-07	 7.312008E-07
0.28284	 5.970819E+00	 7.282460E-01	 1.552757E+00	-4.118537E-02	-7.525016E-02	-2.791904E-02	-6.961787E-03	-1.519138E-03	-3.143486E-04	-3.832796E-05	-1.496121E-05	 4.619676E-07	-2.352069E-06	 7.144156E-08	-7.107660E-07	 7.117902E-07
0.29155	 5.974880E+00	 7.361485E-01	 1.560695E+00	-4.323598E-02	-7.935748E-02	-3.007525E-02	-7.742509E-03	-1.759852E-03	-3.538765E-04	-4.785896E-05	-1.575529E-05	 1.041817E-06	-2.290933E-06	 1.773194E-07	-9.306818E-07	 6.779762E-07
0.30000	 5.978908E+00	 7.440344E-01	 1.568643E+00	-4.507371E-02	-8.340803E-02	-3.230355E-02	-8.552981E-03	-2.003065E-03	-4.011031E-04	-6.006159E-05	-1.693981E-05	 1.416842E-06	-2.184500E-06	 2.943213E-07	-1.176729E-06	 6.460560E-07
0.30822	 5.982868E+00	 7.515596E-01	 1.576540E+00	-4.678816E-02	-8.740102E-02	-3.459540E-02	-9.392504E-03	-2.249460E-03	-4.551237E-04	-7.486487E-05	-1.858373E-05	 1.594973E-06	-2.170766E-06	 3.614093E-07	-1.404149E-06	 6.280396E-07
0.31623	 5.986756E+00	 7.584812E-01	 1.584347E+00	-4.844705E-02	-9.133693E-02	-3.693749E-02	-1.025971E-02	-2.502169E-03	-5.147835E-04	-9.129840E-05	-2.067215E-05	 1.523205E-06	-2.258692E-06	 3.912722E-07	-1.597821E-06	 6.207458E-07
0.32404	 5.990561E+00	 7.646377E-01	 1.592039E+00	-5.010001E-02	-9.521770E-02	-3.931823E-02	-1.115269E-02	-2.763673E-03	-5.792179E-04	-1.086534E-04	-2.313063E-05	 1.243612E-06	-2.440756E-06	 3.809469E-07	-1.755788E-06	 6.274626E-07
0.33166	 5.994269E+00	 7.699776E-01	 1.599606E+00	-5.177367E-02	-9.904568E-02	-4.172965E-02	-1.206951E-02	-3.035535E-03	-6.479340E-04	-1.265470E-04	-2.583001E-05	 8.639456E-07	-2.710390E-06	 3.175306E-07	-1.879006E-06	 6.574519E-07
0.33912	 5.997902E+00	 7.746568E-01	 1.607070E+00	-5.344920E-02	-1.028225E-01	-4.416765E-02	-1.300954E-02	-3.319706E-03	-7.206278E-04	-1.444841E-04	-2.867833E-05	 3.883865E-07	-3.023823E-06	 2.377382E-07	-1.978049E-06	 7.029781E-07
0.34641	 6.001495E+00	 7.789792E-01	 1.614483E+00	-5.507244E-02	-1.065486E-01	-4.663309E-02	-1.397403E-02	-3.617969E-03	-7.972751E-04	-1.621926E-04	-3.165465E-05	-2.213706E-07	-3.335047E-06	 1.865132E-07	-2.069263E-06	 7.475426E-07
0.35355	 6.005079E+00	 7.832607E-01	 1.621923E+00	-5.658358E-02	-1.102225E-01	-4.913157E-02	-1.496583E-02	-3.931297E-03	-8.782622E-04	-1.799276E-04	-3.474526E-05	-9.306848E-07	-3.642448E-06	 1.646725E-07	-2.161846E-06	 7.849145E-07
0.36056	 6.008684E+00	 7.877774E-01	 1.629490E+00	-5.792910E-02	-1.138411E-01	-5.167115E-02	-1.598917E-02	-4.260586E-03	-9.641870E-04	-1.981599E-04	-3.795318E-05	-1.689513E-06	-3.964488E-06	 1.569028E-07	-2.260020E-06	 8.122038E-07
0.36742	 6.012343E+00	 7.927411E-01	 1.637287E+00	-5.906628E-02	-1.174002E-01	-5.426013E-02	-1.704910E-02	-4.607070E-03	-1.055680E-03	-2.173605E-04	-4.132633E-05	-2.476532E-06	-4.318328E-06	 1.513124E-07	-2.367175E-06	 8.238523E-07
0.37417	 6.016073E+00	 7.982616E-01	 1.645391E+00	-5.997161E-02	-1.208968E-01	-5.690484E-02	-1.815016E-02	-4.971904E-03	-1.153284E-03	-2.380103E-04	-4.496143E-05	-3.269932E-06	-4.714059E-06	 1.268882E-07	-2.489129E-06	 8.173767E-07
0.38079	 6.019880E+00	 8.043406E-01	 1.653833E+00	-6.064329E-02	-1.243303E-01	-5.960799E-02	-1.929521E-02	-5.355950E-03	-1.257354E-03	-2.605096E-04	-4.898889E-05	-4.051474E-06	-5.142719E-06	 6.029204E-08	-2.638240E-06	 7.920759E-07
0.38730	 6.023762E+00	 8.108904E-01	 1.662609E+00	-6.109848E-02	-1.277021E-01	-6.236877E-02	-2.048531E-02	-5.759846E-03	-1.368149E-03	-2.851062E-04	-5.350193E-05	-4.811514E-06	-5.590409E-06	-6.491056E-08	-2.825641E-06	 7.470622E-07
0.39370	 6.027707E+00	 8.177579E-01	 1.671698E+00	-6.136943E-02	-1.310149E-01	-6.518415E-02	-2.172025E-02	-6.184086E-03	-1.485906E-03	-3.119131E-04	-5.851465E-05	-5.535626E-06	-6.052672E-06	-2.599762E-07	-3.054713E-06	 6.835416E-07
0.40000	 6.031703E+00	 8.247670E-01	 1.681087E+00	-6.149555E-02	-1.342725E-01	-6.805066E-02	-2.299949E-02	-6.629235E-03	-1.610851E-03	-3.409240E-04	-6.398126E-05	-6.206472E-06	-6.527270E-06	-5.289676E-07	-3.324457E-06	 6.037796E-07
0.40620	 6.035739E+00	 8.317672E-01	 1.690792E+00	-6.151257E-02	-1.374778E-01	-7.096671E-02	-2.432359E-02	-7.096375E-03	-1.743316E-03	-3.720535E-04	-6.980497E-05	-6.810203E-06	-7.016962E-06	-8.663379E-07	-3.628302E-06	 5.090025E-07
0.41231	 6.039818E+00	 8.386747E-01	 1.700873E+00	-6.144253E-02	-1.406320E-01	-7.393410E-02	-2.569531E-02	-7.587472E-03	-1.883838E-03	-4.051863E-04	-7.587443E-05	-7.354058E-06	-7.528116E-06	-1.251751E-06	-3.955769E-06	 3.954208E-07
0.41833	 6.043952E+00	 8.454745E-01	 1.711424E+00	-6.129283E-02	-1.437346E-01	-7.695793E-02	-2.711951E-02	-8.105281E-03	-2.033157E-03	-4.402717E-04	-8.211085E-05	-7.855159E-06	-8.063010E-06	-1.659724E-06	-4.298442E-06	 2.554727E-07
0.42426	 6.048156E+00	 8.521916E-01	 1.722550E+00	-6.106243E-02	-1.467841E-01	-8.004533E-02	-2.860240E-02	-8.652932E-03	-2.192170E-03	-4.774115E-04	-8.848605E-05	-8.305924E-06	-8.615220E-06	-2.077334E-06	-4.653749E-06	 8.512883E-08
0.43012	 6.052448E+00	 8.588795E-01	 1.734349E+00	-6.074401E-02	-1.497787E-01	-8.320386E-02	-3.015046E-02	-9.233676E-03	-2.361853E-03	-5.168204E-04	-9.502752E-05	-8.686026E-06	-9.163132E-06	-2.497417E-06	-5.027254E-06	-1.183356E-07
0.43589	 6.056846E+00	 8.656209E-01	 1.746915E+00	-6.032242E-02	-1.527151E-01	-8.644163E-02	-3.177072E-02	-9.851137E-03	-2.543410E-03	-5.587963E-04	-1.017775E-04	-8.976127E-06	-9.682547E-06	-2.909695E-06	-5.425184E-06	-3.597187E-07
0.44159	 6.061374E+00	 8.725183E-01	 1.760339E+00	-5.977627E-02	-1.555892E-01	-8.976708E-02	-3.347060E-02	-1.050929E-02	-2.738303E-03	-6.037408E-04	-1.087837E-04	-9.150056E-06	-1.015207E-05	-3.305565E-06	-5.852239E-06	-6.434010E-07
0.44721	 6.066054E+00	 8.796843E-01	 1.774700E+00	-5.907949E-02	-1.583950E-01	-9.318856E-02	-3.525778E-02	-1.121242E-02	-2.948227E-03	-6.521567E-04	-1.161132E-04	-9.178854E-06	-1.054829E-05	-3.676813E-06	-6.313085E-06	-9.741436E-07
0.45277	 6.070908E+00	 8.872321E-01	 1.790072E+00	-5.820335E-02	-1.611256E-01	-9.671410E-02	-3.714002E-02	-1.196514E-02	-3.175130E-03	-7.046481E-04	-1.238469E-04	-9.031109E-06	-1.084792E-05	-4.014948E-06	-6.810759E-06	-1.357132E-06
0.45826	 6.075956E+00	 8.952585E-01	 1.806511E+00	-5.712038E-02	-1.637735E-01	-1.003506E-01	-3.912466E-02	-1.277214E-02	-3.421145E-03	-7.619186E-04	-1.320856E-04	-8.667949E-06	-1.102316E-05	-4.313966E-06	-7.348700E-06	-1.796797E-06
0.46368	 6.081215E+00	 9.038381E-01	 1.824059E+00	-5.580632E-02	-1.663308E-01	-1.041035E-01	-4.121840E-02	-1.363815E-02	-3.688556E-03	-8.247553E-04	-1.409509E-04	-8.046564E-06	-1.103952E-05	-4.567188E-06	-7.930242E-06	-2.297340E-06
0.46904	 6.086697E+00	 9.130169E-01	 1.842742E+00	-5.424181E-02	-1.687898E-01	-1.079769E-01	-4.342718E-02	-1.456782E-02	-3.979749E-03	-8.940194E-04	-1.505905E-04	-7.118779E-06	-1.085262E-05	-4.767080E-06	-8.559906E-06	-2.862082E-06
0.47434	 6.092412E+00	 9.228209E-01	 1.862591E+00	-5.241058E-02	-1.711421E-01	-1.119746E-01	-4.575720E-02	-1.556618E-02	-4.297350E-03	-9.706530E-04	-1.611591E-04	-5.834193E-06	-1.041584E-05	-4.900805E-06	-9.237761E-06	-3.494653E-06
0.47958	 6.098373E+00	 9.332631E-01	 1.883645E+00	-5.029742E-02	-1.733779E-01	-1.161015E-01	-4.821564E-02	-1.663908E-02	-4.644386E-03	-1.055705E-03	-1.728105E-04	-4.144401E-06	-9.686424E-06	-4.946319E-06	-9.954354E-06	-4.199383E-06
0.48477	 6.104589E+00	 9.443309E-01	 1.905938E+00	-4.789195E-02	-1.754871E-01	-1.203612E-01	-5.080932E-02	-1.779254E-02	-5.024068E-03	-1.150322E-03	-1.857395E-04	-2.003482E-06	-8.609185E-06	-4.875443E-06	-1.069926E-05	-4.980577E-06
0.48990	 6.111061E+00	 9.559739E-01	 1.929472E+00	-4.519343E-02	-1.774609E-01	-1.247544E-01	-5.354306E-02	-1.903193E-02	-5.439486E-03	-1.255717E-03	-2.002058E-04	 6.375225E-07	-7.102320E-06	-4.657474E-06	-1.146890E-05	-5.841194E-06
0.49497	 6.117783E+00	 9.681092E-01	 1.954223E+00	-4.220995E-02	-1.792919E-01	-1.292792E-01	-5.641950E-02	-2.036183E-02	-5.893606E-03	-1.373135E-03	-2.164978E-04	 3.833267E-06	-5.068783E-06	-4.257281E-06	-1.225939E-05	-6.782317E-06
0.50000	 6.124751E+00	 9.806579E-01	 1.980168E+00	-3.894888E-02	-1.809721E-01	-1.339333E-01	-5.944109E-02	-2.178709E-02	-6.389661E-03	-1.503917E-03	-2.349091E-04	 7.626377E-06	-2.414179E-06	-3.622653E-06	-1.305406E-05	-7.806630E-06
0.50498	 6.131964E+00	 9.935533E-01	 2.007286E+00	-3.541474E-02	-1.824923E-01	-1.387144E-01	-6.261046E-02	-2.331285E-02	-6.931157E-03	-1.649535E-03	-2.557718E-04	 1.204621E-05	 9.564150E-07	-2.688870E-06	-1.382663E-05	-8.916753E-06
0.50990	 6.139416E+00	 1.006736E+00	 2.035557E+00	-3.161077E-02	-1.838426E-01	-1.436199E-01	-6.592995E-02	-2.494433E-02	-7.521797E-03	-1.811631E-03	-2.794904E-04	 1.711544E-05	 5.149672E-06	-1.383813E-06	-1.454670E-05	-1.011317E-05
0.51478	 6.147107E+00	 1.020153E+00	 2.064951E+00	-2.754073E-02	-1.850134E-01	-1.486458E-01	-6.940080E-02	-2.668631E-02	-8.165279E-03	-1.991979E-03	-3.065545E-04	 2.284095E-05	 1.028525E-05	 3.723824E-07	-1.518204E-05	-1.139457E-05
0.51962	 6.155029E+00	 1.033752E+00	 2.095428E+00	-2.320834E-02	-1.859954E-01	-1.537870E-01	-7.302309E-02	-2.854315E-02	-8.865321E-03	-2.192488E-03	-3.375391E-04	 2.921053E-05	 1.649237E-05	 2.668103E-06	-1.569588E-05	-1.275725E-05
0.52440	 6.163180E+00	 1.047501E+00	 2.126951E+00	-1.861415E-02	-1.867787E-01	-1.590378E-01	-7.679665E-02	-3.051916E-02	-9.625796E-03	-2.415237E-03	-3.731058E-04	 3.618353E-05	 2.390056E-05	 5.602884E-06	-1.604228E-05	-1.419522E-05
0.52915	 6.171558E+00	 1.061387E+00	 2.159494E+00	-1.375362E-02	-1.873517E-01	-1.643934E-01	-8.072178E-02	-3.261906E-02	-1.045092E-02	-2.662547E-03	-4.140217E-04	 4.368888E-05	 3.263859E-05	 9.287857E-06	-1.616337E-05	-1.569871E-05
0.53385	 6.180168E+00	 1.075416E+00	 2.193041E+00	-8.616333E-03	-1.877015E-01	-1.698491E-01	-8.479924E-02	-3.484796E-02	-1.134525E-02	-2.936995E-03	-4.611939E-04	 5.160706E-05	 4.283543E-05	 1.384713E-05	-1.599205E-05	-1.725470E-05
0.53852	 6.189010E+00	 1.089607E+00	 2.227576E+00	-3.189279E-03	-1.878147E-01	-1.753997E-01	-8.902944E-02	-3.721086E-02	-1.231349E-02	-3.241390E-03	-5.156874E-04	 5.976466E-05	 5.462142E-05	 1.941368E-05	-1.545446E-05	-1.884539E-05
0.54314	 6.198090E+00	 1.103981E+00	 2.263085E+00	 2.541830E-03	-1.876772E-01	-1.810394E-01	-9.341247E-02	-3.971275E-02	-1.336047E-02	-3.578775E-03	-5.787224E-04	 6.792986E-05	 6.812289E-05	 2.612983E-05	-1.446750E-05	-2.044707E-05
0.54772	 6.207411E+00	 1.118561E+00	 2.299556E+00	 8.591680E-03	-1.872747E-01	-1.867623E-01	-9.794806E-02	-4.235853E-02	-1.449122E-02	-3.952410E-03	-6.516724E-04	 7.580317E-05	 8.345459E-05	 3.414816E-05	-1.293523E-05	-2.202931E-05
0.55227	 6.216977E+00	 1.133367E+00	 2.336979E+00	 1.497484E-02	-1.865920E-01	-1.925620E-01	-1.026360E-01	-4.515324E-02	-1.571097E-02	-4.365808E-03	-7.360746E-04	 8.301499E-05	 1.007197E-04	 4.363161E-05	-1.074780E-05	-2.355256E-05
0.55678	 6.226791E+00	 1.148418E+00	 2.375346E+00	 2.170554E-02	-1.856141E-01	-1.984318E-01	-1.074755E-01	-4.810177E-02	-1.702503E-02	-4.822674E-03	-8.336362E-04	 8.910427E-05	 1.200002E-04	 5.475209E-05	-7.782179E-06	-2.496942E-05
0.56125	 6.236857E+00	 1.163730E+00	 2.414653E+00	 2.879819E-02	-1.843251E-01	-2.043647E-01	-1.124658E-01	-5.120918E-02	-1.843900E-02	-5.327001E-03	-9.462494E-04	 9.352144E-05	 1.413569E-04	 6.769147E-05	-3.895921E-06	-2.622040E-05
0.56569	 6.247177E+00	 1.179313E+00	 2.454883E+00	 3.626482E-02	-1.827102E-01	-2.103523E-01	-1.176045E-01	-5.447963E-02	-1.995821E-02	-5.882867E-03	-1.075989E-03	 9.559767E-05	 1.648167E-04	 8.263306E-05	 1.061110E-06	-2.723663E-05
0.57009	 6.257754E+00	 1.195173E+00	 2.496021E+00	 4.411646E-02	-1.807550E-01	-2.163857E-01	-1.228889E-01	-5.791700E-02	-2.158794E-02	-6.494528E-03	-1.225115E-03	 9.454990E-05	 1.903668E-04	 9.976066E-05	 7.253618E-06	-2.793873E-05
0.57446	 6.268591E+00	 1.211319E+00	 2.538073E+00	 5.236663E-02	-1.784422E-01	-2.224575E-01	-1.283176E-01	-6.152645E-02	-2.333435E-02	-7.166704E-03	-1.396098E-03	 8.949425E-05	 2.179539E-04	 1.192665E-04	 1.487713E-05	-2.822698E-05
0.57879	 6.279692E+00	 1.227751E+00	 2.581033E+00	 6.102502E-02	-1.757560E-01	-2.285591E-01	-1.338880E-01	-6.531226E-02	-2.520321E-02	-7.904188E-03	-1.591611E-03	 7.940155E-05	 2.474747E-04	 1.413369E-04	 2.413475E-05	-2.798817E-05
0.58310	 6.291054E+00	 1.244448E+00	 2.624879E+00	 7.009422E-02	-1.726837E-01	-2.346800E-01	-1.395951E-01	-6.927705E-02	-2.719957E-02	-8.711661E-03	-1.814467E-03	 6.310410E-05	 2.787665E-04	 1.661404E-04	 3.523266E-05	-2.709791E-05
0.58737	 6.302678E+00	 1.261391E+00	 2.669599E+00	 7.957711E-02	-1.692114E-01	-2.408107E-01	-1.454344E-01	-7.342404E-02	-2.932891E-02	-9.594127E-03	-2.067679E-03	 3.930738E-05	 3.116020E-04	 1.938413E-04	 4.840443E-05	-2.541074E-05
0.59161	 6.314565E+00	 1.278558E+00	 2.715186E+00	 8.947550E-02	-1.653248E-01	-2.469417E-01	-1.514016E-01	-7.775643E-02	-3.159681E-02	-1.055678E-02	-2.354455E-03	 6.566991E-06	 3.456830E-04	 2.245905E-04	 6.389790E-05	-2.276154E-05
0.59582	 6.326711E+00	 1.295919E+00	 2.761620E+00	 9.978710E-02	-1.610119E-01	-2.530626E-01	-1.574905E-01	-8.227617E-02	-3.400818E-02	-1.160471E-02	-2.678154E-03	-3.672117E-05	 3.806270E-04	 2.585071E-04	 8.196109E-05	-1.897176E-05
0.60000	 6.339117E+00	 1.313454E+00	 2.808896E+00	 1.105128E-01	-1.562588E-01	-2.591636E-01	-1.636957E-01	-8.698585E-02	-3.656844E-02	-1.274339E-02	-3.042391E-03	-9.233692E-05	 4.159634E-04	 2.956930E-04	 1.028621E-04	-1.384154E-05
0.60415	 6.351785E+00	 1.331140E+00	 2.857005E+00	 1.216526E-01	-1.510519E-01	-2.652346E-01	-1.700114E-01	-9.188763E-02	-3.928281E-02	-1.397836E-02	-3.450973E-03	-1.622351E-04	 4.511202E-04	 3.362122E-04	 1.268717E-04	-7.152396E-06
0.60828	 6.364713E+00	 1.348956E+00	 2.905936E+00	 1.332054E-01	-1.453783E-01	-2.712649E-01	-1.764305E-01	-9.698299E-02	-4.215621E-02	-1.531524E-02	-3.907898E-03	-2.485543E-04	 4.854172E-04	 3.800844E-04	 1.542608E-04	 1.330623E-06
0.61237	 6.377903E+00	 1.366883E+00	 2.955679E+00	 1.451708E-01	-1.392248E-01	-2.772440E-01	-1.829461E-01	-1.022733E-01	-4.519358E-02	-1.675978E-02	-4.417380E-03	-3.536284E-04	 5.180547E-04	 4.272833E-04	 1.853019E-04	 1.186128E-05
0.61644	 6.391353E+00	 1.384899E+00	 3.006219E+00	 1.575465E-01	-1.325792E-01	-2.831605E-01	-1.895499E-01	-1.077589E-01	-4.839933E-02	-1.831769E-02	-4.983771E-03	-4.799749E-04	 5.481037E-04	 4.777177E-04	 2.202554E-04	 2.470658E-05
0.62048	 6.405065E+00	 1.402991E+00	 3.057547E+00	 1.703323E-01	-1.254280E-01	-2.890035E-01	-1.962340E-01	-1.134405E-01	-5.177816E-02	-1.999493E-02	-5.611690E-03	-6.303256E-04	 5.745023E-04	 5.312420E-04	 2.593827E-04	 4.015292E-05
0.62450	 6.419037E+00	 1.421140E+00	 3.109644E+00	 1.835255E-01	-1.177599E-01	-2.947610E-01	-2.029888E-01	-1.193175E-01	-5.533393E-02	-2.179723E-02	-6.305832E-03	-8.075993E-04	 5.960365E-04	 5.876238E-04	 3.029165E-04	 5.849400E-05
0.62849	 6.433269E+00	 1.439330E+00	 3.162490E+00	 1.971223E-01	-1.095645E-01	-3.004209E-01	-2.098040E-01	-1.253884E-01	-5.907005E-02	-2.373026E-02	-7.071027E-03	-1.014906E-03	 6.113410E-04	 6.465449E-04	 3.510672E-04	 8.003221E-05
0.63246	 6.447759E+00	 1.457550E+00	 3.216065E+00	 2.111213E-01	-1.008307E-01	-3.059712E-01	-2.166693E-01	-1.316517E-01	-6.298995E-02	-2.579981E-02	-7.912310E-03	-1.255579E-03	 6.188853E-04	 7.075995E-04	 4.040219E-04	 1.050806E-04
0.63640	 6.462508E+00	 1.475790E+00	 3.270353E+00	 2.255203E-01	-9.154813E-02	-3.113994E-01	-2.235736E-01	-1.381052E-01	-6.709651E-02	-2.801150E-02	-8.834816E-03	-1.533148E-03	 6.169649E-04	 7.702710E-04	 4.619236E-04	 1.339504E-04
0.64031	 6.477518E+00	 1.494046E+00	 3.325347E+00	 2.403203E-01	-8.170438E-02	-3.166942E-01	-2.305068E-01	-1.447472E-01	-7.139306E-02	-3.037136E-02	-9.843987E-03	-1.851397E-03	 6.036994E-04	 8.339469E-04	 5.248904E-04	 1.669638E-04
0.64420	 6.492790E+00	 1.512319E+00	 3.381039E+00	 2.555231E-01	-7.128691E-02	-3.218435E-01	-2.374581E-01	-1.515757E-01	-7.588259E-02	-3.288534E-02	-1.094542E-02	-2.214345E-03	 5.770084E-04	 8.978877E-04	 5.929850E-04	 2.044371E-04
0.64807	 6.508327E+00	 1.530607E+00	 3.437423E+00	 2.711297E-01	-6.028371E-02	-3.268356E-01	-2.444164E-01	-1.585881E-01	-8.056770E-02	-3.555931E-02	-1.214482E-02	-2.626226E-03	 5.346184E-04	 9.612212E-04	 6.662114E-04	 2.466773E-04
0.65192	 6.524131E+00	 1.548909E+00	 3.494494E+00	 2.871409E-01	-4.868221E-02	-3.316585E-01	-2.513704E-01	-1.657817E-01	-8.545089E-02	-3.839923E-02	-1.344810E-02	-3.091506E-03	 4.740567E-04	 1.022943E-03	 7.445180E-04	 2.939871E-04
0.65574	 6.540202E+00	 1.567224E+00	 3.552237E+00	 3.035571E-01	-3.647237E-02	-3.362996E-01	-2.583071E-01	-1.731523E-01	-9.053357E-02	-4.141053E-02	-1.486111E-02	-3.614832E-03	 3.926300E-04	 1.081878E-03	 8.277584E-04	 3.466363E-04
0.65955	 6.556542E+00	 1.585552E+00	 3.610637E+00	 3.203774E-01	-2.364539E-02	-3.407462E-01	-2.652133E-01	-1.806945E-01	-9.581651E-02	-4.459841E-02	-1.638972E-02	-4.201035E-03	 2.874377E-04	 1.136685E-03	 9.156977E-04	 4.048664E-04
0.66332	 6.573150E+00	 1.603885E+00	 3.669681E+00	 3.375991E-01	-1.019255E-02	-3.449865E-01	-2.720757E-01	-1.884034E-01	-1.013002E-01	-4.796793E-02	-1.803985E-02	-4.855115E-03	 1.553833E-04	 1.185863E-03	 1.008013E-03	 4.688905E-04
0.66708	 6.590028E+00	 1.622216E+00	 3.729366E+00	 3.552192E-01	 3.896177E-03	-3.490096E-01	-2.788817E-01	-1.962741E-01	-1.069855E-01	-5.152428E-02	-1.981756E-02	-5.582285E-03	-6.839844E-06	 1.227750E-03	 1.104290E-03	 5.388892E-04
0.67082	 6.607180E+00	 1.640533E+00	 3.789698E+00	 3.732350E-01	 1.863310E-02	-3.528054E-01	-2.856197E-01	-2.043030E-01	-1.128733E-01	-5.527301E-02	-2.172921E-02	-6.388025E-03	-2.027619E-04	 1.260515E-03	 1.204029E-03	 6.150154E-04
0.67454	 6.624607E+00	 1.658825E+00	 3.850677E+00	 3.916415E-01	 3.402871E-02	-3.563639E-01	-2.922770E-01	-2.124851E-01	-1.189641E-01	-5.921918E-02	-2.378102E-02	-7.277953E-03	-4.361248E-04	 1.282133E-03	 1.306606E-03	 6.973634E-04
0.67823	 6.642309E+00	 1.677080E+00	 3.912293E+00	 4.104323E-01	 5.009013E-02	-3.596741E-01	-2.988396E-01	-2.208138E-01	-1.252567E-01	-6.336704E-02	-2.597897E-02	-8.257763E-03	-7.108775E-04	 1.290363E-03	 1.411238E-03	 7.859461E-04
0.68191	 6.660287E+00	 1.695289E+00	 3.974534E+00	 4.296021E-01	 6.682376E-02	-3.627252E-01	-3.052928E-01	-2.292818E-01	-1.317493E-01	-6.772048E-02	-2.832894E-02	-9.333279E-03	-1.031190E-03	 1.282748E-03	 1.516999E-03	 8.806987E-04
0.68557	 6.678543E+00	 1.713447E+00	 4.037389E+00	 4.491464E-01	 8.423703E-02	-3.655063E-01	-3.116223E-01	-2.378816E-01	-1.384400E-01	-7.228335E-02	-3.083685E-02	-1.051049E-02	-1.401451E-03	 1.256624E-03	 1.622817E-03	 9.814802E-04
0.68920	 6.697077E+00	 1.731548E+00	 4.100858E+00	 4.690620E-01	 1.023390E-01	-3.680073E-01	-3.178138E-01	-2.466065E-01	-1.453271E-01	-7.705958E-02	-3.350876E-02	-1.179560E-02	-1.826283E-03	 1.209112E-03	 1.727470E-03	 1.088068E-03
0.69282	 6.715893E+00	 1.749593E+00	 4.164941E+00	 4.893474E-01	 1.211401E-01	-3.702177E-01	-3.238534E-01	-2.554494E-01	-1.524087E-01	-8.205310E-02	-3.635080E-02	-1.319500E-02	-2.310556E-03	 1.137100E-03	 1.829571E-03	 1.200145E-03
0.69642	 6.734994E+00	 1.767578E+00	 4.229634E+00	 5.099995E-01	 1.406483E-01	-3.721273E-01	-3.297264E-01	-2.644025E-01	-1.596818E-01	-8.726718E-02	-3.936883E-02	-1.471513E-02	-2.859328E-03	 1.037238E-03	 1.927538E-03	 1.317271E-03
0.70000	 6.754379E+00	 1.785497E+00	 4.294928E+00	 5.310123E-01	 1.608696E-01	-3.737262E-01	-3.354174E-01	-2.734568E-01	-1.671427E-01	-9.270433E-02	-4.256835E-02	-1.636238E-02	-3.477805E-03	 9.059607E-04	 2.019596E-03	 1.438873E-03
0.70356	 6.774051E+00	 1.803346E+00	 4.360819E+00	 5.523817E-01	 1.818114E-01	-3.750046E-01	-3.409114E-01	-2.826036E-01	-1.747874E-01	-9.836714E-02	-4.595493E-02	-1.814332E-02	-4.171428E-03	 7.394593E-04	 2.103783E-03	 1.564260E-03
0.70711	 6.794011E+00	 1.821123E+00	 4.427302E+00	 5.741035E-01	 2.034804E-01	-3.759530E-01	-3.461932E-01	-2.918337E-01	-1.826114E-01	-1.042578E-01	-4.953394E-02	-2.006455E-02	-4.945812E-03	 5.336915E-04	 2.177932E-03	 1.692594E-03
0.71063	 6.814262E+00	 1.838821E+00	 4.494375E+00	 5.961719E-01	 2.258828E-01	-3.765623E-01	-3.512474E-01	-3.011378E-01	-1.906098E-01	-1.103779E-01	-5.331047E-02	-2.213266E-02	-5.806725E-03	 2.843866E-04	 2.239659E-03	 1.822879E-03
0.71414	 6.834806E+00	 1.856441E+00	 4.562040E+00	 6.185854E-01	 2.490283E-01	-3.768232E-01	-3.560591E-01	-3.105072E-01	-1.987781E-01	-1.167297E-01	-5.728997E-02	-2.435456E-02	-6.760230E-03	-1.299867E-05	 2.286378E-03	 1.953980E-03
0.71764	 6.855648E+00	 1.873980E+00	 4.630300E+00	 6.413402E-01	 2.729245E-01	-3.767270E-01	-3.606131E-01	-3.199324E-01	-2.071108E-01	-1.233145E-01	-6.147740E-02	-2.673702E-02	-7.812500E-03	-3.632392E-04	 2.315259E-03	 2.084576E-03
0.72111	 6.876788E+00	 1.891436E+00	 4.699153E+00	 6.644313E-01	 2.975779E-01	-3.762650E-01	-3.648938E-01	-3.294031E-01	-2.156017E-01	-1.301330E-01	-6.587737E-02	-2.928675E-02	-8.969827E-03	-7.713415E-04	 2.323236E-03	 2.213147E-03
0.72457	 6.898234E+00	 1.908811E+00	 4.768613E+00	 6.878596E-01	 3.230005E-01	-3.754280E-01	-3.688859E-01	-3.389108E-01	-2.242455E-01	-1.371869E-01	-7.049511E-02	-3.201094E-02	-1.023889E-02	-1.242631E-03	 2.307005E-03	 2.338015E-03
0.72801	 6.919987E+00	 1.926106E+00	 4.838683E+00	 7.116224E-01	 3.492010E-01	-3.742073E-01	-3.725740E-01	-3.484453E-01	-2.330359E-01	-1.444767E-01	-7.533513E-02	-3.491649E-02	-1.162639E-02	-1.782645E-03	 2.263002E-03	 2.457272E-03
0.73144	 6.942053E+00	 1.943319E+00	 4.909369E+00	 7.357162E-01	 3.761875E-01	-3.725945E-01	-3.759420E-01	-3.579961E-01	-2.419654E-01	-1.520024E-01	-8.040156E-02	-3.801020E-02	-1.313915E-02	-2.397157E-03	 2.187403E-03	 2.568781E-03
0.73485	 6.964438E+00	 1.960456E+00	 4.980687E+00	 7.601440E-01	 4.039741E-01	-3.705801E-01	-3.789742E-01	-3.675540E-01	-2.510281E-01	-1.597649E-01	-8.569933E-02	-4.129947E-02	-1.478442E-02	-3.092312E-03	 2.076106E-03	 2.670208E-03
0.73824	 6.987146E+00	 1.977519E+00	 5.052643E+00	 7.849032E-01	 4.325695E-01	-3.681553E-01	-3.816541E-01	-3.771081E-01	-2.602158E-01	-1.677637E-01	-9.123217E-02	-4.479112E-02	-1.656934E-02	-3.874404E-03	 1.924739E-03	 2.758947E-03
0.74162	 7.010182E+00	 1.994508E+00	 5.125243E+00	 8.099916E-01	 4.619829E-01	-3.653119E-01	-3.839652E-01	-3.866471E-01	-2.695201E-01	-1.759977E-01	-9.700359E-02	-4.849191E-02	-1.850117E-02	-4.749978E-03	 1.728650E-03	 2.832137E-03
0.74498	 7.033554E+00	 2.011433E+00	 5.198508E+00	 8.354143E-01	 4.922308E-01	-3.620394E-01	-3.858907E-01	-3.961614E-01	-2.789340E-01	-1.844672E-01	-1.030181E-01	-5.240939E-02	-2.058773E-02	-5.726023E-03	 1.482863E-03	 2.886680E-03
0.74833	 7.057267E+00	 2.028294E+00	 5.272446E+00	 8.611688E-01	 5.233221E-01	-3.583295E-01	-3.874136E-01	-4.056389E-01	-2.884477E-01	-1.931704E-01	-1.092786E-01	-5.655014E-02	-2.283649E-02	-6.809575E-03	 1.182140E-03	 2.919168E-03
0.75166	 7.081325E+00	 2.045093E+00	 5.347068E+00	 8.872544E-01	 5.552683E-01	-3.541734E-01	-3.885167E-01	-4.150682E-01	-2.980519E-01	-2.021054E-01	-1.157879E-01	-6.092092E-02	-2.525515E-02	-8.007980E-03	 8.209332E-04	 2.925909E-03
0.75498	 7.105742E+00	 2.061845E+00	 5.422406E+00	 9.136808E-01	 5.880919E-01	-3.495594E-01	-3.891819E-01	-4.244397E-01	-3.077393E-01	-2.112727E-01	-1.225508E-01	-6.552972E-02	-2.785227E-02	-9.329198E-03	 3.932800E-04	 2.902927E-03
0.75829	 7.130524E+00	 2.078551E+00	 5.498477E+00	 9.404477E-01	 6.218053E-01	-3.444786E-01	-3.893914E-01	-4.337412E-01	-3.174992E-01	-2.206697E-01	-1.295694E-01	-7.038316E-02	-3.063579E-02	-1.078112E-02	-1.070240E-04	 2.845897E-03
0.76158	 7.155678E+00	 2.095216E+00	 5.575299E+00	 9.675561E-01	 6.564237E-01	-3.389216E-01	-3.891269E-01	-4.429608E-01	-3.273212E-01	-2.302939E-01	-1.368463E-01	-7.548802E-02	-3.361391E-02	-1.237197E-02	-6.865305E-04	 2.750161E-03
0.76485	 7.181220E+00	 2.111854E+00	 5.652920E+00	 9.950202E-01	 6.919774E-01	-3.328746E-01	-3.883683E-01	-4.520892E-01	-3.371979E-01	-2.401462E-01	-1.443865E-01	-8.085302E-02	-3.679612E-02	-1.411084E-02	-1.352351E-03	 2.610704E-03
0.76811	 7.207159E+00	 2.128472E+00	 5.731361E+00	 1.022842E+00	 7.284837E-01	-3.263273E-01	-3.870963E-01	-4.611138E-01	-3.471177E-01	-2.502236E-01	-1.521919E-01	-8.648496E-02	-4.019097E-02	-1.600663E-02	-2.111795E-03	 2.422131E-03
0.77136	 7.233504E+00	 2.145069E+00	 5.810645E+00	 1.051023E+00	 7.659583E-01	-3.192701E-01	-3.852909E-01	-4.700214E-01	-3.570681E-01	-2.605220E-01	-1.602639E-01	-9.239024E-02	-4.380690E-02	-1.806836E-02	-2.972492E-03	 2.178666E-03
0.77460	 7.260273E+00	 2.161662E+00	 5.890826E+00	 1.079577E+00	 8.044380E-01	-3.116873E-01	-3.829297E-01	-4.788020E-01	-3.670406E-01	-2.710421E-01	-1.686072E-01	-9.857804E-02	-4.765428E-02	-2.030636E-02	-3.942836E-03	 1.874067E-03
0.77782	 7.287479E+00	 2.178258E+00	 5.971940E+00	 1.108513E+00	 8.439491E-01	-3.035661E-01	-3.799906E-01	-4.874433E-01	-3.770235E-01	-2.817813E-01	-1.772244E-01	-1.050559E-01	-5.174260E-02	-2.273073E-02	-5.031449E-03	 1.501677E-03
0.78102	 7.315132E+00	 2.194855E+00	 6.054013E+00	 1.137830E+00	 8.845103E-01	-2.948959E-01	-3.764514E-01	-4.959306E-01	-3.870022E-01	-2.927345E-01	-1.861156E-01	-1.118300E-01	-5.608068E-02	-2.535144E-02	-6.247167E-03	 1.054435E-03
0.78422	 7.343249E+00	 2.211467E+00	 6.137091E+00	 1.167541E+00	 9.261581E-01	-2.856600E-01	-3.722869E-01	-5.042518E-01	-3.969654E-01	-3.039003E-01	-1.952844E-01	-1.189090E-01	-6.067922E-02	-2.817982E-02	-7.599698E-03	 5.247070E-04
0.78740	 7.371844E+00	 2.228097E+00	 6.221207E+00	 1.197651E+00	 9.689172E-01	-2.758455E-01	-3.674725E-01	-5.123921E-01	-4.068982E-01	-3.152739E-01	-2.047312E-01	-1.262998E-01	-6.554772E-02	-3.122671E-02	-9.098851E-03	-9.552944E-05
0.79057	 7.400926E+00	 2.244743E+00	 6.306377E+00	 1.228158E+00	 1.012805E+00	-2.654418E-01	-3.619841E-01	-5.203349E-01	-4.167831E-01	-3.268478E-01	-2.144543E-01	-1.340072E-01	-7.069476E-02	-3.450267E-02	-1.075457E-02	-8.146890E-04
0.79373	 7.430513E+00	 2.261419E+00	 6.392657E+00	 1.259078E+00	 1.057866E+00	-2.544288E-01	-3.557917E-01	-5.280666E-01	-4.266072E-01	-3.386206E-01	-2.244573E-01	-1.420408E-01	-7.613203E-02	-3.802039E-02	-1.257812E-02	-1.641981E-03
0.79687	 7.460617E+00	 2.278123E+00	 6.480059E+00	 1.290411E+00	 1.104114E+00	-2.427957E-01	-3.488694E-01	-5.355684E-01	-4.363506E-01	-3.505833E-01	-2.347368E-01	-1.504050E-01	-8.186809E-02	-4.179090E-02	-1.458025E-02	-2.586757E-03
0.80000	 7.491242E+00	 2.294841E+00	 6.568582E+00	 1.322138E+00	 1.151547E+00	-2.305386E-01	-3.411952E-01	-5.428199E-01	-4.459890E-01	-3.627210E-01	-2.452848E-01	-1.591002E-01	-8.790881E-02	-4.582379E-02	-1.677127E-02	-3.658545E-03
0.80312	 7.522429E+00	 2.311609E+00	 6.658363E+00	 1.354306E+00	 1.200255E+00	-2.176244E-01	-3.327298E-01	-5.498107E-01	-4.555140E-01	-3.750398E-01	-2.561110E-01	-1.681415E-01	-9.427048E-02	-5.013560E-02	-1.916548E-02	-4.869005E-03
0.80623	 7.554227E+00	 2.328474E+00	 6.749565E+00	 1.386969E+00	 1.250342E+00	-2.040146E-01	-3.234287E-01	-5.565301E-01	-4.649168E-01	-3.875474E-01	-2.672270E-01	-1.775463E-01	-1.009715E-01	-5.474483E-02	-2.177879E-02	-6.231071E-03
0.80932	 7.586667E+00	 2.345439E+00	 6.842275E+00	 1.420138E+00	 1.301859E+00	-1.896901E-01	-3.132579E-01	-5.629594E-01	-4.741759E-01	-4.002356E-01	-2.786303E-01	-1.873211E-01	-1.080228E-01	-5.966571E-02	-2.462534E-02	-7.757465E-03
0.81240	 7.619804E+00	 2.362546E+00	 6.936671E+00	 1.453865E+00	 1.354919E+00	-1.746079E-01	-3.021654E-01	-5.690841E-01	-4.832783E-01	-4.131105E-01	-2.903319E-01	-1.974839E-01	-1.154445E-01	-6.491896E-02	-2.772341E-02	-9.463491E-03
0.81548	 7.653703E+00	 2.379848E+00	 7.032969E+00	 1.488223E+00	 1.409674E+00	-1.587112E-01	-2.900865E-01	-5.748894E-01	-4.922132E-01	-4.261847E-01	-3.023489E-01	-2.080595E-01	-1.232616E-01	-7.052955E-02	-3.109442E-02	-1.136667E-02
0.81854	 7.688401E+00	 2.397349E+00	 7.131258E+00	 1.523225E+00	 1.466183E+00	-1.419733E-01	-2.769744E-01	-5.803499E-01	-5.009518E-01	-4.394476E-01	-3.146778E-01	-2.190554E-01	-1.314877E-01	-7.651517E-02	-3.475622E-02	-1.348341E-02
0.82158	 7.723936E+00	 2.415051E+00	 7.231640E+00	 1.558886E+00	 1.524519E+00	-1.243626E-01	-2.627763E-01	-5.854390E-01	-5.094644E-01	-4.528897E-01	-3.273162E-01	-2.304810E-01	-1.401378E-01	-8.289513E-02	-3.872821E-02	-1.583154E-02
0.82462	 7.760380E+00	 2.433004E+00	 7.334332E+00	 1.595275E+00	 1.584844E+00	-1.058153E-01	-2.474134E-01	-5.901330E-01	-5.177301E-01	-4.665188E-01	-3.402781E-01	-2.423610E-01	-1.492390E-01	-8.969803E-02	-4.303614E-02	-1.843315E-02
0.82765	 7.797796E+00	 2.451240E+00	 7.439518E+00	 1.632445E+00	 1.647298E+00	-8.627394E-02	-2.308074E-01	-5.944034E-01	-5.257204E-01	-4.803353E-01	-3.535705E-01	-2.547155E-01	-1.588159E-01	-9.695133E-02	-4.770597E-02	-2.131133E-02
0.83066	 7.836231E+00	 2.469766E+00	 7.547310E+00	 1.670415E+00	 1.711976E+00	-6.569697E-02	-2.128892E-01	-5.982146E-01	-5.333957E-01	-4.943257E-01	-3.671880E-01	-2.675542E-01	-1.688855E-01	-1.046783E-01	-5.276186E-02	-2.448899E-02
0.83367	 7.875737E+00	 2.488600E+00	 7.657839E+00	 1.709217E+00	 1.778991E+00	-4.403244E-02	-1.935776E-01	-6.015286E-01	-5.407145E-01	-5.084791E-01	-3.811279E-01	-2.808909E-01	-1.794687E-01	-1.129054E-01	-5.823081E-02	-2.799149E-02
0.83666	 7.916372E+00	 2.507765E+00	 7.771241E+00	 1.748889E+00	 1.848470E+00	-2.122357E-02	-1.727840E-01	-6.043038E-01	-5.476324E-01	-5.227841E-01	-3.953868E-01	-2.947397E-01	-1.905872E-01	-1.216609E-01	-6.414172E-02	-3.184620E-02
0.83964	 7.958180E+00	 2.527266E+00	 7.887614E+00	 1.789447E+00	 1.920511E+00	 2.776708E-03	-1.504241E-01	-6.064950E-01	-5.540972E-01	-5.372206E-01	-4.099529E-01	-3.091086E-01	-2.022583E-01	-1.309701E-01	-7.052258E-02	-3.608078E-02
0.84261	 8.001209E+00	 2.547107E+00	 8.007049E+00	 1.830905E+00	 1.995210E+00	 2.801437E-02	-1.264113E-01	-6.080532E-01	-5.600517E-01	-5.517642E-01	-4.248101E-01	-3.240023E-01	-2.144972E-01	-1.408579E-01	-7.740184E-02	-4.072402E-02
0.84558	 8.045515E+00	 2.567302E+00	 8.129673E+00	 1.873291E+00	 2.072689E+00	 5.454599E-02	-1.006469E-01	-6.089272E-01	-5.654361E-01	-5.663927E-01	-4.399440E-01	-3.394290E-01	-2.273224E-01	-1.513526E-01	-8.481104E-02	-4.580764E-02
0.84853	 8.091171E+00	 2.587875E+00	 8.255665E+00	 1.916646E+00	 2.153110E+00	 8.244046E-02	-7.301647E-02	-6.090626E-01	-5.701876E-01	-5.810861E-01	-4.553423E-01	-3.554009E-01	-2.407561E-01	-1.624863E-01	-9.278554E-02	-5.136693E-02
0.85147	 8.138257E+00	 2.608852E+00	 8.385222E+00	 1.961015E+00	 2.236650E+00	 1.117736E-01	-4.339444E-02	-6.084001E-01	-5.742373E-01	-5.958227E-01	-4.709908E-01	-3.719308E-01	-2.548216E-01	-1.742936E-01	-1.013634E-01	-5.744022E-02
0.85440	 8.186854E+00	 2.630260E+00	 8.518535E+00	 2.006443E+00	 2.323488E+00	 1.426219E-01	-1.164941E-02	-6.068748E-01	-5.775082E-01	-6.105744E-01	-4.868691E-01	-3.890280E-01	-2.695401E-01	-1.868087E-01	-1.105838E-01	-6.406785E-02
0.85732	 8.237041E+00	 2.652118E+00	 8.655784E+00	 2.052964E+00	 2.413795E+00	 1.750609E-01	 2.235503E-02	-6.044166E-01	-5.799147E-01	-6.253075E-01	-5.029504E-01	-4.066978E-01	-2.849301E-01	-2.000653E-01	-1.204865E-01	-7.129187E-02
0.86023	 8.288897E+00	 2.674447E+00	 8.797136E+00	 2.100612E+00	 2.507744E+00	 2.091667E-01	 5.876221E-02	-6.009499E-01	-5.813636E-01	-6.399823E-01	-5.192016E-01	-4.249425E-01	-3.010077E-01	-2.140963E-01	-1.311120E-01	-7.915626E-02
0.86313	 8.342496E+00	 2.697260E+00	 8.942744E+00	 2.149411E+00	 2.605503E+00	 2.450128E-01	 9.771902E-02	-5.963942E-01	-5.817527E-01	-6.545525E-01	-5.355819E-01	-4.437591E-01	-3.177848E-01	-2.289331E-01	-1.425007E-01	-8.770612E-02
0.86603	 8.397907E+00	 2.720558E+00	 9.092724E+00	 2.199371E+00	 2.707213E+00	 2.826632E-01	 1.393690E-01	-5.906659E-01	-5.809722E-01	-6.689630E-01	-5.520396E-01	-4.631365E-01	-3.352662E-01	-2.446025E-01	-1.546906E-01	-9.698622E-02
0.86891	 8.455195E+00	 2.744339E+00	 9.247192E+00	 2.250493E+00	 2.813016E+00	 3.221785E-01	 1.838587E-01	-5.836786E-01	-5.789050E-01	-6.831525E-01	-5.685156E-01	-4.830582E-01	-3.534517E-01	-2.611285E-01	-1.677184E-01	-1.070418E-01
0.87178	 8.514441E+00	 2.768616E+00	 9.406300E+00	 2.302796E+00	 2.923092E+00	 3.636341E-01	 2.313556E-01	-5.753390E-01	-5.754255E-01	-6.970589E-01	-5.849484E-01	-5.035095E-01	-3.723424E-01	-2.785385E-01	-1.816242E-01	-1.179221E-01
0.87464	 8.575730E+00	 2.793413E+00	 9.570210E+00	 2.356308E+00	 3.037637E+00	 4.071136E-01	 2.820416E-01	-5.655459E-01	-5.703984E-01	-7.106146E-01	-6.012700E-01	-5.244732E-01	-3.919368E-01	-2.968598E-01	-1.964491E-01	-1.296788E-01
0.87750	 8.639129E+00	 2.818740E+00	 9.739018E+00	 2.411031E+00	 3.156800E+00	 4.526819E-01	 3.360852E-01	-5.541970E-01	-5.636798E-01	-7.237394E-01	-6.173968E-01	-5.459181E-01	-4.122201E-01	-3.161100E-01	-2.122269E-01	-1.423600E-01
0.88034	 8.704673E+00	 2.844574E+00	 9.912724E+00	 2.466924E+00	 3.280648E+00	 5.003677E-01	 3.936222E-01	-5.411963E-01	-5.551228E-01	-7.363390E-01	-6.332266E-01	-5.677939E-01	-4.331587E-01	-3.362915E-01	-2.289797E-01	-1.560056E-01
0.88318	 8.772394E+00	 2.870880E+00	 1.009130E+01	 2.523923E+00	 3.409223E+00	 5.501820E-01	 4.547745E-01	-5.264530E-01	-5.445798E-01	-7.483127E-01	-6.486456E-01	-5.900388E-01	-4.547057E-01	-3.573964E-01	-2.467204E-01	-1.706499E-01
0.88600	 8.842363E+00	 2.897703E+00	 1.027486E+01	 2.582044E+00	 3.542702E+00	 6.021969E-01	 5.197334E-01	-5.098539E-01	-5.318859E-01	-7.595656E-01	-6.635482E-01	-6.126072E-01	-4.768285E-01	-3.794321E-01	-2.654746E-01	-1.863392E-01
0.88882	 8.914669E+00	 2.925164E+00	 1.046357E+01	 2.641368E+00	 3.681326E+00	 6.565294E-01	 5.887380E-01	-4.912597E-01	-5.168541E-01	-7.699956E-01	-6.778248E-01	-6.354583E-01	-4.994990E-01	-4.024146E-01	-2.852752E-01	-2.031286E-01
0.89163	 8.989288E+00	 2.953306E+00	 1.065722E+01	 2.701847E+00	 3.825014E+00	 7.131713E-01	 6.618710E-01	-4.705679E-01	-4.993188E-01	-7.794639E-01	-6.913184E-01	-6.584877E-01	-5.226264E-01	-4.263013E-01	-3.061059E-01	-2.210336E-01
0.89443	 9.066139E+00	 2.982096E+00	 1.085543E+01	 2.763331E+00	 3.973501E+00	 7.720217E-01	 7.391080E-01	-4.477153E-01	-4.791434E-01	-7.878221E-01	-7.038518E-01	-6.815558E-01	-5.460808E-01	-4.510101E-01	-3.279135E-01	-2.400391E-01
0.89722	 9.145262E+00	 3.011618E+00	 1.105824E+01	 2.825797E+00	 4.126910E+00	 8.331093E-01	 8.206199E-01	-4.225927E-01	-4.561481E-01	-7.949534E-01	-7.152859E-01	-7.045869E-01	-5.697914E-01	-4.765190E-01	-3.506936E-01	-2.601719E-01
0.90000	 9.226764E+00	 3.042300E+00	 1.126588E+01	 2.889506E+00	 4.285587E+00	 8.966375E-01	 9.067226E-01	-3.949949E-01	-4.300850E-01	-8.007069E-01	-7.254681E-01	-7.275126E-01	-5.937022E-01	-5.028300E-01	-3.744668E-01	-2.814855E-01
0.90277	 9.310667E+00	 3.074891E+00	 1.147821E+01	 2.954951E+00	 4.449546E+00	 9.628550E-01	 9.975737E-01	-3.646652E-01	-4.007095E-01	-8.048342E-01	-7.341676E-01	-7.501554E-01	-6.176639E-01	-5.298564E-01	-3.991846E-01	-3.039779E-01
0.90554	 9.396945E+00	 3.109874E+00	 1.169498E+01	 3.022413E+00	 4.618682E+00	 1.031886E+00	 1.093242E+00	-3.314150E-01	-3.678189E-01	-8.071070E-01	-7.411566E-01	-7.723254E-01	-6.415059E-01	-5.574855E-01	-4.247696E-01	-3.276216E-01
0.90830	 9.485631E+00	 3.147154E+00	 1.191630E+01	 3.091738E+00	 4.793160E+00	 1.103690E+00	 1.193913E+00	-2.951658E-01	-3.312204E-01	-8.074093E-01	-7.462754E-01	-7.939291E-01	-6.651284E-01	-5.856741E-01	-4.511902E-01	-3.524275E-01
0.91104	 9.576718E+00	 3.186661E+00	 1.214212E+01	 3.162793E+00	 4.973022E+00	 1.178207E+00	 1.299707E+00	-2.558492E-01	-2.907374E-01	-8.056113E-01	-7.493474E-01	-8.148443E-01	-6.884017E-01	-6.143481E-01	-4.783863E-01	-3.783825E-01
0.91378	 9.670052E+00	 3.228703E+00	 1.237187E+01	 3.235720E+00	 5.157826E+00	 1.255415E+00	 1.410488E+00	-2.133692E-01	-2.462529E-01	-8.014957E-01	-7.501358E-01	-8.348303E-01	-7.110928E-01	-6.433203E-01	-5.062033E-01	-4.053884E-01
0.91652	 9.765435E+00	 3.273521E+00	 1.260487E+01	 3.310588E+00	 5.347060E+00	 1.335217E+00	 1.526062E+00	-1.676773E-01	-1.976914E-01	-7.948701E-01	-7.484212E-01	-8.536500E-01	-7.329647E-01	-6.723909E-01	-5.344699E-01	-4.333269E-01
0.91924	 9.862752E+00	 3.321128E+00	 1.284080E+01	 3.387295E+00	 5.540496E+00	 1.417479E+00	 1.646366E+00	-1.187661E-01	-1.449641E-01	-7.856109E-01	-7.440310E-01	-8.711403E-01	-7.538396E-01	-7.014187E-01	-5.630576E-01	-4.621149E-01
0.92195	 9.961956E+00	 3.371753E+00	 1.307951E+01	 3.465959E+00	 5.738052E+00	 1.502203E+00	 1.771415E+00	-6.655766E-02	-8.795005E-02	-7.735666E-01	-7.367838E-01	-8.871320E-01	-7.735406E-01	-7.302635E-01	-5.918418E-01	-4.916719E-01
0.92466	 1.006296E+01	 3.425835E+00	 1.332068E+01	 3.546884E+00	 5.939497E+00	 1.589456E+00	 1.901156E+00	-1.094142E-02	-2.654650E-02	-7.585454E-01	-7.264787E-01	-9.014129E-01	-7.918556E-01	-7.587428E-01	-6.206641E-01	-5.218820E-01
0.92736	 1.016558E+01	 3.483596E+00	 1.356376E+01	 3.630191E+00	 6.144317E+00	 1.679140E+00	 2.035334E+00	 4.807843E-02	 3.924605E-02	-7.403987E-01	-7.129423E-01	-9.137648E-01	-8.085542E-01	-7.866397E-01	-6.493267E-01	-5.525824E-01
0.93005	 1.026966E+01	 3.544898E+00	 1.380832E+01	 3.715724E+00	 6.351942E+00	 1.770994E+00	 2.173593E+00	 1.103710E-01	 1.093409E-01	-7.190595E-01	-6.960530E-01	-9.240094E-01	-8.234261E-01	-8.137454E-01	-6.776267E-01	-5.835953E-01
0.93274	 1.037544E+01	 3.609599E+00	 1.405500E+01	 3.803438E+00	 6.562697E+00	 1.865002E+00	 2.316076E+00	 1.759375E-01	 1.838558E-01	-6.944562E-01	-6.756702E-01	-9.320495E-01	-8.363388E-01	-8.399693E-01	-7.054691E-01	-6.148574E-01
0.93541	 1.048387E+01	 3.678350E+00	 1.430646E+01	 3.894192E+00	 6.778818E+00	 1.962067E+00	 2.464174E+00	 2.453714E-01	 2.635498E-01	-6.662778E-01	-6.514521E-01	-9.378155E-01	-8.472287E-01	-8.654028E-01	-7.329559E-01	-6.465448E-01
0.93808	 1.059653E+01	 3.752670E+00	 1.456685E+01	 3.989822E+00	 7.004103E+00	 2.064015E+00	 2.620419E+00	 3.199190E-01	 3.498573E-01	-6.338641E-01	-6.227563E-01	-9.411437E-01	-8.559903E-01	-8.902179E-01	-7.603025E-01	-6.790089E-01
0.94074	 1.071477E+01	 3.833363E+00	 1.483968E+01	 4.091526E+00	 7.241721E+00	 2.172229E+00	 2.787018E+00	 4.006095E-01	 4.441287E-01	-5.965758E-01	-5.888717E-01	-9.417787E-01	-8.623860E-01	-9.144679E-01	-7.875938E-01	-7.124992E-01
0.94340	 1.083907E+01	 3.919396E+00	 1.512608E+01	 4.198656E+00	 7.492440E+00	 2.286524E+00	 2.964581E+00	 4.874649E-01	 5.468782E-01	-5.542071E-01	-5.493347E-01	-9.394696E-01	-8.660599E-01	-9.379789E-01	-8.146268E-01	-7.469509E-01
0.94604	 1.096949E+01	 4.009333E+00	 1.542598E+01	 4.310130E+00	 7.755846E+00	 2.406224E+00	 3.152947E+00	 5.801510E-01	 6.582263E-01	-5.066961E-01	-5.037896E-01	-9.339322E-01	-8.665824E-01	-9.604446E-01	-8.410428E-01	-7.821316E-01
0.94868	 1.110670E+01	 4.102899E+00	 1.574085E+01	 4.426021E+00	 8.033055E+00	 2.531631E+00	 3.352998E+00	 6.789784E-01	 7.788934E-01	-4.536415E-01	-4.516063E-01	-9.247658E-01	-8.634543E-01	-9.815878E-01	-8.665365E-01	-8.179223E-01
0.95131	 1.125284E+01	 4.201216E+00	 1.607604E+01	 4.547911E+00	 8.329148E+00	 2.664787E+00	 3.568454E+00	 7.855955E-01	 9.112810E-01	-3.939234E-01	-3.913990E-01	-9.113905E-01	-8.560472E-01	-1.001331E+00	-8.910375E-01	-8.546171E-01
0.95394	 1.141080E+01	 4.305931E+00	 1.643879E+01	 4.677982E+00	 8.651315E+00	 2.808585E+00	 3.804786E+00	 9.024601E-01	 1.059000E+00	-3.258589E-01	-3.210862E-01	-8.929436E-01	-8.434362E-01	-1.019573E+00	-9.144630E-01	-8.926765E-01
0.95656	 1.158200E+01	 4.417341E+00	 1.683214E+01	 4.816811E+00	 9.002610E+00	 2.964073E+00	 4.064644E+00	 1.030706E+00	 1.224183E+00	-2.483098E-01	-2.390120E-01	-8.684246E-01	-8.244234E-01	-1.035668E+00	-9.361190E-01	-9.318806E-01
0.95917	 1.176634E+01	 4.534202E+00	 1.725507E+01	 4.963271E+00	 9.381942E+00	 3.130390E+00	 4.347722E+00	 1.169992E+00	 1.407221E+00	-1.609312E-01	-1.442526E-01	-8.369544E-01	-7.978010E-01	-1.048617E+00	-9.548582E-01	-9.714142E-01
0.96177	 1.196430E+01	 4.655128E+00	 1.770816E+01	 5.116261E+00	 9.790037E+00	 3.307124E+00	 4.655148E+00	 1.320421E+00	 1.609370E+00	-6.319921E-02	-3.553380E-02	-7.976909E-01	-7.623243E-01	-1.057580E+00	-9.696318E-01	-1.010672E+00
0.96437	 1.217748E+01	 4.779560E+00	 1.819492E+01	 5.275555E+00	 1.023068E+01	 3.495004E+00	 4.990398E+00	 1.483098E+00	 1.833415E+00	 4.602155E-02	 8.923624E-02	-7.495377E-01	-7.164295E-01	-1.061719E+00	-9.793620E-01	-1.049224E+00
0.96695	 1.240763E+01	 4.908064E+00	 1.871897E+01	 5.441824E+00	 1.070779E+01	 3.695263E+00	 5.357170E+00	 1.659505E+00	 2.082495E+00	 1.682334E-01	 2.325575E-01	-6.910108E-01	-6.581293E-01	-1.059799E+00	-9.825628E-01	-1.086303E+00
0.96954	 1.265611E+01	 5.041406E+00	 1.928272E+01	 5.615771E+00	 1.122409E+01	 3.908846E+00	 5.758399E+00	 1.850902E+00	 2.359463E+00	 3.049049E-01	 3.969689E-01	-6.204584E-01	-5.851893E-01	-1.050251E+00	-9.773585E-01	-1.120736E+00
0.97211	 1.292415E+01	 5.179314E+00	 1.988827E+01	 5.797053E+00	 1.178182E+01	 4.135914E+00	 6.196682E+00	 2.058024E+00	 2.667042E+00	 4.571834E-01	 5.850026E-01	-5.363515E-01	-4.952933E-01	-1.031444E+00	-9.616644E-01	-1.151152E+00
0.97468	 1.321406E+01	 5.321457E+00	 2.054030E+01	 5.985391E+00	 1.238575E+01	 4.377179E+00	 6.676581E+00	 2.282241E+00	 3.009412E+00	 6.266865E-01	 8.001593E-01	-4.368503E-01	-3.855658E-01	-1.001554E+00	-9.330625E-01	-1.176088E+00
0.97724	 1.353020E+01	 5.469248E+00	 2.124844E+01	 6.182286E+00	 1.304590E+01	 4.635495E+00	 7.207070E+00	 2.527026E+00	 3.394141E+00	 8.166642E-01	 1.048303E+00	-3.189909E-01	-2.516819E-01	-9.580611E-01	-8.883264E-01	-1.193780E+00
0.97980	 1.387745E+01	 5.625028E+00	 2.202323E+01	 6.389925E+00	 1.377360E+01	 4.914219E+00	 7.798674E+00	 2.796599E+00	 3.830434E+00	 1.031194E+00	 1.336850E+00	-1.789838E-01	-8.803868E-02	-8.976057E-01	-8.231929E-01	-1.201700E+00
0.98234	 1.425818E+01	 5.789807E+00	 2.286865E+01	 6.608686E+00	 1.457338E+01	 5.213886E+00	 8.456625E+00	 3.092663E+00	 4.324071E+00	 1.272644E+00	 1.671500E+00	-1.385467E-02	 1.104715E-01	-8.166945E-01	-7.330303E-01	-1.196415E+00
0.98489	 1.467330E+01	 5.963662E+00	 2.378504E+01	 6.837867E+00	 1.544599E+01	 5.533387E+00	 9.183205E+00	 3.415424E+00	 4.878825E+00	 1.542285E+00	 2.056931E+00	 1.786665E-01	 3.486164E-01	-7.119770E-01	-6.130925E-01	-1.174043E+00
0.98742	 1.512567E+01	 6.147537E+00	 2.477757E+01	 7.077817E+00	 1.639743E+01	 5.873145E+00	 9.985266E+00	 3.766813E+00	 5.502011E+00	 1.842879E+00	 2.500457E+00	 4.017666E-01	 6.329345E-01	-5.796204E-01	-4.576607E-01	-1.130416E+00
0.98995	 1.561942E+01	 6.342866E+00	 2.585422E+01	 7.329418E+00	 1.743646E+01	 6.234153E+00	 1.087217E+01	 4.149446E+00	 6.203061E+00	 2.178040E+00	 3.011289E+00	 6.593301E-01	 9.716165E-01	-4.152579E-01	-2.597929E-01	-1.060824E+00
0.99247	 1.615796E+01	 6.550859E+00	 2.702087E+01	 7.593285E+00	 1.856916E+01	 6.616342E+00	 1.185105E+01	 4.564666E+00	 6.989965E+00	 2.550705E+00	 3.598092E+00	 9.549435E-01	 1.373151E+00	-2.146209E-01	-1.189617E-02	-9.602768E-01
0.99499	 1.674594E+01	 6.773003E+00	 2.828596E+01	 7.870413E+00	 1.980392E+01	 7.019899E+00	 1.293139E+01	 5.014458E+00	 7.872866E+00	 2.964665E+00	 4.271703E+00	 1.292702E+00	 1.847982E+00	 2.698587E-02	 2.949803E-01	-8.231274E-01
0.99750	 1.739146E+01	 7.011693E+00	 2.966535E+01	 8.162764E+00	 2.115627E+01	 7.446393E+00	 1.412916E+01	 5.502881E+00	 8.867378E+00	 3.425631E+00	 5.047854E+00	 1.677839E+00	 2.410640E+00	 3.154996E-01	 6.724984E-01	-6.419016E-01
1.00000	 1.808405E+01	 7.272527E+00	 3.113496E+01	 8.476293E+00	 2.259811E+01	 7.895682E+00	 1.541377E+01	 6.021367E+00	 9.942216E+00	 3.920391E+00	 5.896280E+00	 2.095463E+00	 3.034503E+00	 6.347490E-01	 1.098343E+00	-4.327361E-01
