r	   0/   0	   1/   0	   2/   0	   3/   0	   4/   0	   5/   0	   6/   0	   7/   0	   8/   0	   9/   0	  10/   0	  11/   0	  12/   0	  13/   0	  14/   0	  15/   0
0.07071	 1.063469E+00	 2.094566E-02	-2.496388E-01	-7.074854E-03	-4.164889E-03	 1.306413E-04	 9.278087E-04	-4.291108E-05	-8.173179E-05	 4.552509E-06	 6.009813E-07	 1.517339E-06	 1.550051E-06	-4.128434E-07	-3.022548E-07	 5.634263E-08
0.10000	 1.011436E+00	 2.883645E-02	-2.432399E-01	-9.245821E-03	-1.730485E-03	-4.202739E-05	 9.324209E-04	 9.690246E-05	-1.494995E-04	 3.879071E-06	 1.400647E-05	-1.491989E-06	 5.869310E-07	 5.986627E-08	-5.335007E-07	-4.424044E-09
0.12247	 1.003305E+00	 3.545077E-02	-2.505748E-01	-1.150929E-02	 4.400758E-03	 3.525823E-04	-1.211872E-04	 8.855790E-05	-7.838541E-05	 1.401772E-05	 3.140776E-05	-1.170863E-06	-2.869265E-06	-2.433277E-07	-1.231857E-07	 3.869372E-08
0.14142	 1.001150E+00	 4.226600E-02	-2.528998E-01	-1.576258E-02	 5.760327E-03	 9.527586E-04	-3.509124E-04	 1.738546E-05	-3.897130E-05	 1.220991E-05	 3.497746E-05	-3.675461E-07	-6.327570E-06	-4.088727E-07	 5.140773E-07	-5.246316E-10
0.15811	 1.000348E+00	 4.752325E-02	-2.544603E-01	-1.967634E-02	 6.090830E-03	 1.127235E-03	-4.362252E-04	 1.014912E-04	 3.136603E-05	-2.175173E-05	 1.746275E-05	 1.571889E-06	-5.715255E-06	 2.993897E-07	 1.065253E-06	-3.138900E-07
0.17321	 1.000092E+00	 5.154422E-02	-2.557549E-01	-2.325693E-02	 5.942930E-03	 1.411039E-03	-3.670854E-04	 1.285195E-04	 9.051267E-05	-2.865733E-05	-2.108895E-06	 2.704635E-07	-3.992759E-06	 7.070293E-07	 1.557970E-06	-3.641543E-07
0.18708	 9.998916E-01	 5.446523E-02	-2.568146E-01	-2.602601E-02	 5.641394E-03	 1.774864E-03	-1.840767E-04	 1.325405E-04	 1.245827E-04	-2.422171E-05	-1.630725E-05	-3.650092E-08	-1.619175E-06	 4.273852E-07	 1.518909E-06	-1.890462E-07
0.20000	 9.993495E-01	 5.645566E-02	-2.575402E-01	-2.766097E-02	 5.412679E-03	 2.166629E-03	 5.438894E-05	 1.338673E-04	 1.381018E-04	-1.436229E-05	-2.421982E-05	-2.328403E-07	 8.732430E-07	 1.832169E-07	 1.087860E-06	-3.738766E-08
0.21213	 9.983231E-01	 5.774286E-02	-2.578785E-01	-2.804626E-02	 5.382090E-03	 2.552988E-03	 3.058663E-04	 1.408627E-04	 1.372365E-04	-3.128918E-06	-2.626796E-05	-4.679289E-07	 2.799846E-06	 9.327859E-08	 5.453650E-07	 4.187908E-08
0.22361	 9.969673E-01	 5.877104E-02	-2.579644E-01	-2.745905E-02	 5.574249E-03	 2.926436E-03	 5.435012E-04	 1.533685E-04	 1.289173E-04	 7.798405E-06	-2.420422E-05	-8.572533E-07	 3.879970E-06	 1.152858E-07	 6.540829E-08	 5.953978E-08
0.23452	 9.955749E-01	 6.005514E-02	-2.580318E-01	-2.642384E-02	 5.937872E-03	 3.289445E-03	 7.577786E-04	 1.723222E-04	 1.185206E-04	 1.702260E-05	-1.989592E-05	-1.277946E-06	 4.159749E-06	 1.756864E-07	-2.651305E-07	 4.028615E-08
0.24495	 9.945087E-01	 6.211495E-02	-2.583530E-01	-2.561583E-02	 6.371952E-03	 3.653676E-03	 9.525266E-04	 1.993859E-04	 1.099596E-04	 2.409784E-05	-1.486018E-05	-1.666871E-06	 3.858621E-06	 2.364673E-07	-4.326017E-07	 2.599855E-09
0.25495	 9.939536E-01	 6.520564E-02	-2.590886E-01	-2.553718E-02	 6.786701E-03	 4.031085E-03	 1.138013E-03	 2.372397E-04	 1.055214E-04	 2.882204E-05	-1.000452E-05	-1.857345E-06	 3.231109E-06	 2.624849E-07	-4.599141E-07	-3.656949E-08
0.26458	 9.938703E-01	 6.915054E-02	-2.602102E-01	-2.623843E-02	 7.145858E-03	 4.425320E-03	 1.324051E-03	 2.879920E-04	 1.056686E-04	 3.094418E-05	-5.615411E-06	-1.546074E-06	 2.504973E-06	 2.137075E-07	-3.826203E-07	-6.108166E-08
0.27386	 9.941806E-01	 7.368565E-02	-2.616496E-01	-2.761293E-02	 7.441229E-03	 4.839007E-03	 1.516142E-03	 3.495489E-04	 1.106840E-04	 3.174692E-05	-1.879833E-06	-8.992442E-07	 1.861315E-06	 1.325436E-07	-2.552135E-07	-7.550960E-08
0.28284	 9.947378E-01	 7.849098E-02	-2.632916E-01	-2.942887E-02	 7.681604E-03	 5.268041E-03	 1.716285E-03	 4.192988E-04	 1.203822E-04	 3.241192E-05	 1.205529E-06	-9.369151E-08	 1.383052E-06	 4.966394E-08	-1.144532E-07	-8.119386E-08
0.29155	 9.953035E-01	 8.313172E-02	-2.649368E-01	-3.125779E-02	 7.907483E-03	 5.701023E-03	 1.922474E-03	 4.947042E-04	 1.336385E-04	 3.333250E-05	 3.852345E-06	 8.658156E-07	 1.071303E-06	-4.036972E-08	 2.831345E-08	-7.225328E-08
0.30000	 9.957156E-01	 8.735146E-02	-2.664404E-01	-3.279207E-02	 8.159761E-03	 6.130716E-03	 2.130485E-03	 5.722311E-04	 1.496444E-04	 3.519420E-05	 6.123276E-06	 1.775404E-06	 9.230400E-07	-9.741860E-08	 1.561359E-07	-5.987990E-08
0.30822	 9.959738E-01	 9.119124E-02	-2.677894E-01	-3.401624E-02	 8.442923E-03	 6.556374E-03	 2.338622E-03	 6.498082E-04	 1.681886E-04	 3.866026E-05	 8.041426E-06	 2.403938E-06	 9.127707E-07	-7.848727E-08	 2.579639E-07	-5.855402E-08
0.31623	 9.961103E-01	 9.474884E-02	-2.690080E-01	-3.499027E-02	 8.752097E-03	 6.978865E-03	 2.547056E-03	 7.274261E-04	 1.888919E-04	 4.360331E-05	 9.747808E-06	 2.790240E-06	 9.869691E-07	-4.386455E-09	 3.411280E-07	-6.382828E-08
0.32404	 9.961430E-01	 9.807562E-02	-2.701081E-01	-3.573926E-02	 9.086656E-03	 7.399802E-03	 2.756437E-03	 8.056046E-04	 2.110788E-04	 4.949910E-05	 1.143770E-05	 3.096601E-06	 1.088453E-06	 8.030681E-08	 4.203590E-07	-6.476235E-08
0.33166	 9.961833E-01	 1.013520E-01	-2.711725E-01	-3.643561E-02	 9.421036E-03	 7.825173E-03	 2.969943E-03	 8.852952E-04	 2.347652E-04	 5.631322E-05	 1.320116E-05	 3.338863E-06	 1.200906E-06	 1.773604E-07	 4.961988E-07	-6.578471E-08
0.33912	 9.963892E-01	 1.048306E-01	-2.723279E-01	-3.735435E-02	 9.710544E-03	 8.262515E-03	 3.193218E-03	 9.686902E-04	 2.605690E-04	 6.413453E-05	 1.508944E-05	 3.549888E-06	 1.338222E-06	 2.886423E-07	 5.638967E-07	-6.898542E-08
0.34641	 9.968462E-01	 1.086236E-01	-2.736404E-01	-3.864511E-02	 9.914583E-03	 8.714295E-03	 3.432085E-03	 1.058697E-03	 2.888671E-04	 7.273534E-05	 1.725538E-05	 3.894404E-06	 1.487745E-06	 3.792650E-07	 6.339127E-07	-6.178470E-08
0.35355	 9.975858E-01	 1.127352E-01	-2.751303E-01	-4.034603E-02	 1.000112E-02	 9.178472E-03	 3.690999E-03	 1.157809E-03	 3.200795E-04	 8.204008E-05	 1.980647E-05	 4.468140E-06	 1.647098E-06	 4.350003E-07	 7.129117E-07	-3.811312E-08
0.36056	 9.986248E-01	 1.171499E-01	-2.768113E-01	-4.246871E-02	 9.945597E-03	 9.650702E-03	 3.972765E-03	 1.268054E-03	 3.549634E-04	 9.226326E-05	 2.274994E-05	 5.262890E-06	 1.844812E-06	 4.729722E-07	 7.958769E-07	-2.196680E-09
0.36742	 9.999292E-01	 1.217896E-01	-2.786664E-01	-4.495206E-02	 9.745665E-03	 1.012434E-02	 4.277174E-03	 1.390587E-03	 3.940954E-04	 1.035682E-04	 2.608762E-05	 6.275248E-06	 2.102284E-06	 5.048970E-07	 8.809358E-07	 4.454646E-08
0.37417	 1.001403E+00	 1.265077E-01	-2.806412E-01	-4.765221E-02	 9.434417E-03	 1.059271E-02	 4.599644E-03	 1.524649E-03	 4.375205E-04	 1.159926E-04	 2.979382E-05	 7.496001E-06	 2.435894E-06	 5.394926E-07	 9.666345E-07	 1.017422E-07
0.38079	 1.002935E+00	 1.311554E-01	-2.826682E-01	-5.041066E-02	 9.056902E-03	 1.105044E-02	 4.933922E-03	 1.668364E-03	 4.849850E-04	 1.295876E-04	 3.383655E-05	 8.874589E-06	 2.847731E-06	 5.928796E-07	 1.053734E-06	 1.655664E-07
0.38730	 1.004420E+00	 1.355989E-01	-2.846743E-01	-5.307435E-02	 8.652931E-03	 1.149340E-02	 5.274504E-03	 1.819725E-03	 5.360142E-04	 1.443509E-04	 3.821326E-05	 1.035564E-05	 3.312733E-06	 6.754847E-07	 1.150671E-06	 2.334080E-07
0.39370	 1.005782E+00	 1.397504E-01	-2.866016E-01	-5.553064E-02	 8.248113E-03	 1.191946E-02	 5.617985E-03	 1.977214E-03	 5.901702E-04	 1.602525E-04	 4.290485E-05	 1.188850E-05	 3.808395E-06	 7.926068E-07	 1.262751E-06	 3.034582E-07
0.40000	 1.007011E+00	 1.436055E-01	-2.884322E-01	-5.775076E-02	 7.840910E-03	 1.232835E-02	 5.964694E-03	 2.140715E-03	 6.473805E-04	 1.773288E-04	 4.789910E-05	 1.343396E-05	 4.319398E-06	 9.463067E-07	 1.391646E-06	 3.745309E-07
0.40620	 1.008182E+00	 1.472655E-01	-2.902026E-01	-5.981703E-02	 7.388934E-03	 1.271971E-02	 6.320017E-03	 2.312698E-03	 7.084278E-04	 1.958371E-04	 5.324800E-05	 1.497606E-05	 4.833259E-06	 1.137299E-06	 1.539698E-06	 4.459888E-07
0.41231	 1.009419E+00	 1.508952E-01	-2.919917E-01	-6.188564E-02	 6.833307E-03	 1.309326E-02	 6.691311E-03	 2.497017E-03	 7.747585E-04	 2.162063E-04	 5.902821E-05	 1.653491E-05	 5.366435E-06	 1.366321E-06	 1.701880E-06	 5.180999E-07
0.41833	 1.010822E+00	 1.546220E-01	-2.938685E-01	-6.408294E-02	 6.125432E-03	 1.344780E-02	 7.084630E-03	 2.697482E-03	 8.478934E-04	 2.388395E-04	 6.535207E-05	 1.817680E-05	 5.932891E-06	 1.619766E-06	 1.875596E-06	 5.975463E-07
0.42426	 1.012446E+00	 1.585151E-01	-2.958811E-01	-6.648098E-02	 5.243181E-03	 1.378253E-02	 7.502630E-03	 2.916482E-03	 9.290295E-04	 2.640811E-04	 7.232719E-05	 1.997383E-05	 6.549325E-06	 1.883926E-06	 2.058252E-06	 6.912738E-07
0.43012	 1.014344E+00	 1.626468E-01	-2.980812E-01	-6.915769E-02	 4.171354E-03	 1.409647E-02	 7.946519E-03	 3.155836E-03	 1.019402E-03	 2.924149E-04	 8.009042E-05	 2.197450E-05	 7.235421E-06	 2.160227E-06	 2.247875E-06	 8.009149E-07
0.43589	 1.016582E+00	 1.671037E-01	-3.005191E-01	-7.220724E-02	 2.875375E-03	 1.438465E-02	 8.418842E-03	 3.418806E-03	 1.120900E-03	 3.245928E-04	 8.888531E-05	 2.423049E-05	 7.989542E-06	 2.450273E-06	 2.450888E-06	 9.286447E-07
0.44159	 1.019200E+00	 1.719359E-01	-3.032308E-01	-7.568877E-02	 1.338649E-03	 1.464230E-02	 8.919688E-03	 3.707412E-03	 1.235043E-03	 3.612649E-04	 9.893314E-05	 2.681484E-05	 8.828526E-06	 2.753783E-06	 2.669051E-06	 1.078524E-06
0.44721	 1.022244E+00	 1.772008E-01	-3.062483E-01	-7.966761E-02	-4.674042E-04	 1.486090E-02	 9.449415E-03	 4.024546E-03	 1.363906E-03	 4.033414E-04	 1.105285E-04	 2.979769E-05	 9.765880E-06	 3.076027E-06	 2.905484E-06	 1.252272E-06
0.45277	 1.025719E+00	 1.829053E-01	-3.095806E-01	-8.415728E-02	-2.551048E-03	 1.503203E-02	 1.000558E-02	 4.371565E-03	 1.509028E-03	 4.516051E-04	 1.239602E-04	 3.326128E-05	 1.081633E-05	 3.418523E-06	 3.162931E-06	 1.453316E-06
0.45826	 1.029611E+00	 1.890264E-01	-3.132186E-01	-8.913815E-02	-4.912206E-03	 1.514640E-02	 1.058423E-02	 4.749150E-03	 1.671792E-03	 5.068449E-04	 1.395284E-04	 3.728838E-05	 1.199508E-05	 3.782211E-06	 3.442140E-06	 1.684331E-06
0.46368	 1.033885E+00	 1.955187E-01	-3.171403E-01	-9.456504E-02	-7.541499E-03	 1.519532E-02	 1.118024E-02	 5.157022E-03	 1.853189E-03	 5.697898E-04	 1.575398E-04	 4.195944E-05	 1.331553E-05	 4.170529E-06	 3.744321E-06	 1.946177E-06
0.46904	 1.038501E+00	 2.023272E-01	-3.213141E-01	-1.003796E-01	-1.043163E-02	 1.517004E-02	 1.178899E-02	 5.594984E-03	 2.054127E-03	 6.411164E-04	 1.782988E-04	 4.736842E-05	 1.479288E-05	 4.580594E-06	 4.068481E-06	 2.241288E-06
0.47434	 1.043477E+00	 2.094634E-01	-3.257280E-01	-1.065845E-01	-1.361683E-02	 1.505539E-02	 1.240924E-02	 6.065860E-03	 2.276988E-03	 7.221051E-04	 2.022796E-04	 5.360560E-05	 1.642767E-05	 5.018611E-06	 4.418898E-06	 2.566859E-06
0.47958	 1.048813E+00	 2.169187E-01	-3.303600E-01	-1.131604E-01	-1.712259E-02	 1.483574E-02	 1.303791E-02	 6.571978E-03	 2.524265E-03	 8.141341E-04	 2.299892E-04	 6.078935E-05	 1.823280E-05	 5.482794E-06	 4.792720E-06	 2.921495E-06
0.48477	 1.054416E+00	 2.245803E-01	-3.351553E-01	-1.199847E-01	-2.090407E-02	 1.450646E-02	 1.366539E-02	 7.110078E-03	 2.796118E-03	 9.178592E-04	 2.617609E-04	 6.903598E-05	 2.024032E-05	 5.967613E-06	 5.178335E-06	 3.304015E-06
0.48990	 1.060130E+00	 2.322621E-01	-3.400312E-01	-1.268633E-01	-2.487237E-02	 1.407301E-02	 1.427945E-02	 7.673342E-03	 3.090843E-03	 1.033292E-03	 2.977903E-04	 7.844244E-05	 2.246433E-05	 6.454927E-06	 5.564196E-06	 3.715099E-06
0.49497	 1.065872E+00	 2.398679E-01	-3.449398E-01	-1.336882E-01	-2.897582E-02	 1.353919E-02	 1.487218E-02	 8.257143E-03	 3.407495E-03	 1.160804E-03	 3.384280E-04	 8.910765E-05	 2.489906E-05	 6.938602E-06	 5.950037E-06	 4.150416E-06
0.50000	 1.071690E+00	 2.474674E-01	-3.498900E-01	-1.405115E-01	-3.324891E-02	 1.289418E-02	 1.544157E-02	 8.863044E-03	 3.748393E-03	 1.302115E-03	 3.844576E-04	 1.012330E-04	 2.756521E-05	 7.422077E-06	 6.332638E-06	 4.601715E-06
0.50498	 1.077578E+00	 2.550584E-01	-3.548758E-01	-1.473210E-01	-3.768025E-02	 1.213776E-02	 1.598323E-02	 9.488838E-03	 4.113640E-03	 1.458011E-03	 4.364520E-04	 1.150667E-04	 3.051671E-05	 7.895314E-06	 6.703013E-06	 5.070129E-06
0.50990	 1.083548E+00	 2.626668E-01	-3.598958E-01	-1.541298E-01	-4.227683E-02	 1.126448E-02	 1.649277E-02	 1.013361E-02	 4.504385E-03	 1.629860E-03	 4.952114E-04	 1.309175E-04	 3.382056E-05	 8.348452E-06	 7.044810E-06	 5.551312E-06
0.51478	 1.089537E+00	 2.702246E-01	-3.649322E-01	-1.608685E-01	-4.697589E-02	 1.028671E-02	 1.696299E-02	 1.079041E-02	 4.918008E-03	 1.817468E-03	 5.611186E-04	 1.490619E-04	 3.756865E-05	 8.782108E-06	 7.346259E-06	 6.044459E-06
0.51962	 1.095578E+00	 2.777833E-01	-3.699934E-01	-1.675771E-01	-5.179400E-02	 9.198902E-03	 1.739056E-02	 1.145837E-02	 5.355433E-03	 2.022194E-03	 6.350961E-04	 1.698971E-04	 4.185985E-05	 9.196980E-06	 7.594022E-06	 6.543070E-06
0.52440	 1.101702E+00	 2.853907E-01	-3.750982E-01	-1.742976E-01	-5.673378E-02	 8.001221E-03	 1.777264E-02	 1.213486E-02	 5.816057E-03	 2.244679E-03	 7.178921E-04	 1.938440E-04	 4.683935E-05	 9.618655E-06	 7.783671E-06	 7.043269E-06
0.52915	 1.108032E+00	 2.932039E-01	-3.802811E-01	-1.811689E-01	-6.188185E-02	 6.670085E-03	 1.810799E-02	 1.282389E-02	 6.303778E-03	 2.487657E-03	 8.110167E-04	 2.215400E-04	 5.268640E-05	 1.006302E-05	 7.899755E-06	 7.536529E-06
0.53385	 1.114605E+00	 3.012865E-01	-3.855659E-01	-1.882488E-01	-6.724679E-02	 5.200900E-03	 1.839190E-02	 1.352237E-02	 6.818054E-03	 2.751935E-03	 9.154066E-04	 2.535867E-04	 5.966484E-05	 1.059472E-05	 7.935993E-06	 8.016853E-06
0.53852	 1.121465E+00	 3.096945E-01	-3.909538E-01	-1.955822E-01	-7.286342E-02	 3.578789E-03	 1.861914E-02	 1.422996E-02	 7.360406E-03	 3.039327E-03	 1.032402E-03	 2.907026E-04	 6.803012E-05	 1.125071E-05	 7.876984E-06	 8.475957E-06
0.54314	 1.128611E+00	 3.184375E-01	-3.964439E-01	-2.031741E-01	-7.872436E-02	 1.800297E-03	 1.878333E-02	 1.494225E-02	 7.929526E-03	 3.350358E-03	 1.162926E-03	 3.335469E-04	 7.809301E-05	 1.212310E-05	 7.724801E-06	 8.902939E-06
0.54772	 1.136071E+00	 3.275477E-01	-4.020247E-01	-2.110440E-01	-8.486286E-02	-1.512732E-04	 1.887818E-02	 1.565853E-02	 8.526802E-03	 3.686869E-03	 1.308412E-03	 3.829231E-04	 9.016882E-05	 1.328319E-05	 7.472209E-06	 9.282337E-06
0.55227	 1.143841E+00	 3.370212E-01	-4.076834E-01	-2.191804E-01	-9.127868E-02	-2.282991E-03	 1.889669E-02	 1.637491E-02	 9.151374E-03	 4.049638E-03	 1.469943E-03	 4.396048E-04	 1.046362E-04	 1.485005E-05	 7.125015E-06	 9.598984E-06
0.55678	 1.151927E+00	 3.468693E-01	-4.134088E-01	-2.275838E-01	-9.798192E-02	-4.605888E-03	 1.883115E-02	 1.708804E-02	 9.802950E-03	 4.439800E-03	 1.648789E-03	 5.044558E-04	 1.219164E-04	 1.696138E-05	 6.694027E-06	 9.835768E-06
0.56125	 1.160337E+00	 3.571005E-01	-4.191833E-01	-2.362489E-01	-1.049880E-01	-7.134195E-03	 1.867250E-02	 1.779467E-02	 1.048171E-02	 4.858940E-03	 1.846515E-03	 5.784782E-04	 1.424691E-04	 1.976279E-05	 6.191940E-06	 9.971174E-06
0.56569	 1.168975E+00	 3.676055E-01	-4.249841E-01	-2.450765E-01	-1.122081E-01	-9.845543E-03	 1.841490E-02	 1.848369E-02	 1.118066E-02	 5.304502E-03	 2.062961E-03	 6.622596E-04	 1.668113E-04	 2.348968E-05	 5.666546E-06	 1.000270E-05
0.57009	 1.177923E+00	 3.784764E-01	-4.308003E-01	-2.541290E-01	-1.197315E-01	-1.277667E-02	 1.804957E-02	 1.915730E-02	 1.190394E-02	 5.780073E-03	 2.300535E-03	 7.570923E-04	 1.954797E-04	 2.831828E-05	 5.149513E-06	 9.907933E-06
0.57446	 1.187224E+00	 3.897612E-01	-4.366199E-01	-2.634309E-01	-1.276049E-01	-1.595320E-02	 1.756577E-02	 1.981354E-02	 1.265302E-02	 6.288085E-03	 2.561294E-03	 8.642774E-04	 2.291265E-04	 3.450107E-05	 4.689148E-06	 9.662973E-06
0.57879	 1.196706E+00	 4.012453E-01	-4.423975E-01	-2.727907E-01	-1.356845E-01	-1.933328E-02	 1.695964E-02	 2.043829E-02	 1.341792E-02	 6.824147E-03	 2.844286E-03	 9.842339E-04	 2.683227E-04	 4.233805E-05	 4.361441E-06	 9.270874E-06
0.58310	 1.206300E+00	 4.128318E-01	-4.481005E-01	-2.821138E-01	-1.439220E-01	-2.290447E-02	 1.622699E-02	 2.102472E-02	 1.419427E-02	 7.386925E-03	 3.149829E-03	 1.117685E-03	 3.136070E-04	 5.210546E-05	 4.258704E-06	 8.730645E-06
0.58737	 1.216101E+00	 4.246324E-01	-4.537246E-01	-2.914753E-01	-1.524088E-01	-2.670693E-02	 1.535581E-02	 2.157346E-02	 1.498591E-02	 7.980317E-03	 3.480745E-03	 1.266274E-03	 3.657837E-04	 6.414217E-05	 4.471365E-06	 8.020133E-06
0.59161	 1.225996E+00	 4.364979E-01	-4.592431E-01	-3.007440E-01	-1.610477E-01	-3.070660E-02	 1.434620E-02	 2.207461E-02	 1.578473E-02	 8.600459E-03	 3.836154E-03	 1.430441E-03	 4.254777E-04	 7.882487E-05	 5.134044E-06	 7.162517E-06
0.59582	 1.235979E+00	 4.484172E-01	-4.646516E-01	-3.099028E-01	-1.698249E-01	-3.490038E-02	 1.319382E-02	 2.252257E-02	 1.658724E-02	 9.246417E-03	 4.216595E-03	 1.611123E-03	 4.934409E-04	 9.657965E-05	 6.409379E-06	 6.181430E-06
0.60000	 1.246156E+00	 4.605277E-01	-4.699557E-01	-3.190493E-01	-1.788330E-01	-3.932976E-02	 1.188436E-02	 2.291610E-02	 1.739630E-02	 9.921833E-03	 4.625025E-03	 1.810259E-03	 5.707477E-04	 1.179138E-04	 8.467626E-06	 5.085028E-06
0.60415	 1.256417E+00	 4.726821E-01	-4.751433E-01	-3.280625E-01	-1.879623E-01	-4.395080E-02	 1.042204E-02	 2.324503E-02	 1.820206E-02	 1.062123E-02	 5.059661E-03	 2.027983E-03	 6.580331E-04	 1.433149E-04	 1.154284E-05	 3.949665E-06
0.60828	 1.266833E+00	 4.849730E-01	-4.802151E-01	-3.370039E-01	-1.972714E-01	-4.879278E-02	 8.793604E-03	 2.350574E-02	 1.900508E-02	 1.134686E-02	 5.522866E-03	 2.266114E-03	 7.564356E-04	 1.733814E-04	 1.586685E-05	 2.811978E-06
0.61237	 1.277345E+00	 4.973257E-01	-4.851686E-01	-3.458114E-01	-2.066942E-01	-5.382900E-02	 7.000094E-03	 2.368981E-02	 1.979760E-02	 1.209459E-02	 6.013531E-03	 2.525071E-03	 8.667365E-04	 2.087101E-04	 2.174477E-05	 1.776392E-06
0.61644	 1.287965E+00	 5.097511E-01	-4.900003E-01	-3.544858E-01	-2.162354E-01	-5.906316E-02	 5.035363E-03	 2.379205E-02	 2.057657E-02	 1.286370E-02	 6.532343E-03	 2.806013E-03	 9.899359E-04	 2.499406E-04	 2.948239E-05	 9.368337E-07
0.62048	 1.298736E+00	 5.223129E-01	-4.947125E-01	-3.630680E-01	-2.259241E-01	-6.451260E-02	 2.888064E-03	 2.380637E-02	 2.133968E-02	 1.365449E-02	 7.080742E-03	 3.110535E-03	 1.127276E-03	 2.978480E-04	 3.944691E-05	 4.033856E-07
0.62450	 1.309516E+00	 5.348256E-01	-4.993038E-01	-3.714202E-01	-2.356119E-01	-7.010891E-02	 5.730592E-04	 2.372329E-02	 2.207379E-02	 1.445791E-02	 7.654596E-03	 3.437688E-03	 1.279137E-03	 3.530296E-04	 5.204795E-05	 3.750316E-07
0.62849	 1.320399E+00	 5.474144E-01	-5.037732E-01	-3.796278E-01	-2.453821E-01	-7.589188E-02	-1.925885E-03	 2.353914E-02	 2.277978E-02	 1.527655E-02	 8.256607E-03	 3.789637E-03	 1.446970E-03	 4.163483E-04	 6.770667E-05	 9.887307E-07
0.63246	 1.331366E+00	 5.600630E-01	-5.081319E-01	-3.876829E-01	-2.551955E-01	-8.184087E-02	-4.605103E-03	 2.324731E-02	 2.344972E-02	 1.610522E-02	 8.884772E-03	 4.166421E-03	 1.631599E-03	 4.886247E-04	 8.694721E-05	 2.494143E-06
0.63640	 1.342449E+00	 5.728051E-01	-5.123775E-01	-3.956060E-01	-2.650784E-01	-8.796519E-02	-7.469521E-03	 2.284414E-02	 2.408069E-02	 1.694265E-02	 9.539296E-03	 4.569061E-03	 1.834147E-03	 5.707227E-04	 1.102806E-04	 5.121222E-06
0.64031	 1.353760E+00	 5.857854E-01	-5.165081E-01	-4.034941E-01	-2.751276E-01	-9.431258E-02	-1.053864E-02	 2.232454E-02	 2.467281E-02	 1.779099E-02	 1.022278E-02	 4.999893E-03	 2.056368E-03	 6.637848E-04	 1.383229E-04	 9.123479E-06
0.64420	 1.365239E+00	 5.989348E-01	-5.205319E-01	-4.113001E-01	-2.852707E-01	-1.008470E-01	-1.380362E-02	 2.168168E-02	 2.521605E-02	 1.864278E-02	 1.093156E-02	 5.458133E-03	 2.298862E-03	 7.686975E-04	 1.717382E-04	 1.487173E-05
0.64807	 1.376924E+00	 6.122874E-01	-5.244327E-01	-4.190335E-01	-2.955490E-01	-1.075909E-01	-1.727767E-02	 2.091034E-02	 2.570864E-02	 1.949839E-02	 1.166709E-02	 5.945513E-03	 2.563122E-03	 8.865369E-04	 2.111727E-04	 2.266832E-05
0.65192	 1.388789E+00	 6.258214E-01	-5.282157E-01	-4.266781E-01	-3.059214E-01	-1.145263E-01	-2.095976E-02	 2.000300E-02	 2.614219E-02	 2.035220E-02	 1.242694E-02	 6.461874E-03	 2.850026E-03	 1.018340E-03	 2.573900E-04	 3.293849E-05
0.65574	 1.400771E+00	 6.394734E-01	-5.318899E-01	-4.341935E-01	-3.163104E-01	-1.216155E-01	-2.483973E-02	 1.895323E-02	 2.650629E-02	 2.119599E-02	 1.320675E-02	 7.005950E-03	 3.159969E-03	 1.165014E-03	 3.111741E-04	 4.617035E-05
0.65955	 1.412870E+00	 6.532254E-01	-5.354411E-01	-4.415554E-01	-3.267229E-01	-1.288607E-01	-2.892066E-02	 1.775780E-02	 2.679725E-02	 2.202731E-02	 1.400573E-02	 7.578206E-03	 3.493940E-03	 1.327565E-03	 3.732817E-04	 6.280525E-05
0.66332	 1.425074E+00	 6.670363E-01	-5.388624E-01	-4.487266E-01	-3.371511E-01	-1.362528E-01	-3.319831E-02	 1.641564E-02	 2.701078E-02	 2.284204E-02	 1.482150E-02	 8.178081E-03	 3.852472E-03	 1.506894E-03	 4.445003E-04	 8.335009E-05
0.66708	 1.437460E+00	 6.809746E-01	-5.421348E-01	-4.557345E-01	-3.476764E-01	-1.438331E-01	-3.769045E-02	 1.492295E-02	 2.714703E-02	 2.364157E-02	 1.565573E-02	 8.807342E-03	 4.237196E-03	 1.704332E-03	 5.257464E-04	 1.083261E-04
0.67082	 1.450041E+00	 6.950346E-01	-5.452501E-01	-4.625613E-01	-3.583097E-01	-1.516079E-01	-4.240389E-02	 1.327488E-02	 2.720205E-02	 2.442365E-02	 1.650772E-02	 9.466513E-03	 4.649247E-03	 1.921090E-03	 6.179594E-04	 1.383136E-04
0.67454	 1.462713E+00	 7.090897E-01	-5.482297E-01	-4.691295E-01	-3.689309E-01	-1.595116E-01	-4.731549E-02	 1.146892E-02	 2.716476E-02	 2.517763E-02	 1.737055E-02	 1.015248E-02	 5.088050E-03	 2.157777E-03	 7.219900E-04	 1.739868E-04
0.67823	 1.475441E+00	 7.231156E-01	-5.510904E-01	-4.754327E-01	-3.794836E-01	-1.675131E-01	-5.241523E-02	 9.500972E-03	 2.702652E-02	 2.589577E-02	 1.823941E-02	 1.086327E-02	 5.553530E-03	 2.415197E-03	 8.387745E-04	 2.160667E-04
0.68191	 1.488260E+00	 7.371655E-01	-5.538349E-01	-4.815075E-01	-3.899884E-01	-1.756215E-01	-5.770837E-02	 7.366386E-03	 2.678260E-02	 2.657443E-02	 1.911231E-02	 1.159850E-02	 6.046326E-03	 2.694425E-03	 9.693462E-04	 2.653107E-04
0.68557	 1.501210E+00	 7.512760E-01	-5.564578E-01	-4.873720E-01	-4.004805E-01	-1.838511E-01	-6.320158E-02	 5.062053E-03	 2.643001E-02	 2.721119E-02	 1.998788E-02	 1.235803E-02	 6.567147E-03	 2.996541E-03	 1.114738E-03	 3.224907E-04
0.68920	 1.514352E+00	 7.655209E-01	-5.589517E-01	-4.930664E-01	-4.110124E-01	-1.922294E-01	-6.890898E-02	 2.581740E-03	 2.596510E-02	 2.780406E-02	 2.086540E-02	 1.314224E-02	 7.117073E-03	 3.322876E-03	 1.276138E-03	 3.884698E-04
0.69282	 1.527707E+00	 7.799379E-01	-5.613168E-01	-4.986125E-01	-4.215909E-01	-2.007620E-01	-7.483634E-02	-8.121837E-05	 2.538125E-02	 2.834800E-02	 2.174195E-02	 1.395025E-02	 7.696624E-03	 3.674601E-03	 1.454755E-03	 4.641934E-04
0.69642	 1.541165E+00	 7.943685E-01	-5.635733E-01	-5.039154E-01	-4.321012E-01	-2.093767E-01	-8.095074E-02	-2.921168E-03	 2.467125E-02	 2.883281E-02	 2.260929E-02	 1.477726E-02	 8.303896E-03	 4.051615E-03	 1.651264E-03	 5.504636E-04
0.70000	 1.554724E+00	 8.088044E-01	-5.657234E-01	-5.089682E-01	-4.425346E-01	-2.180651E-01	-8.724914E-02	-5.939483E-03	 2.383061E-02	 2.925365E-02	 2.346382E-02	 1.562144E-02	 8.938577E-03	 4.454552E-03	 1.866636E-03	 6.481802E-04
0.70356	 1.568467E+00	 8.233643E-01	-5.677530E-01	-5.138366E-01	-4.529619E-01	-2.268715E-01	-9.375519E-02	-9.146643E-03	 2.285449E-02	 2.960863E-02	 2.430514E-02	 1.648344E-02	 9.601935E-03	 4.884942E-03	 2.102289E-03	 7.584397E-04
0.70711	 1.582309E+00	 8.379129E-01	-5.696843E-01	-5.184442E-01	-4.632953E-01	-2.357324E-01	-1.004352E-01	-1.253307E-02	 2.173876E-02	 2.988887E-02	 2.512503E-02	 1.735784E-02	 1.029142E-02	 5.342256E-03	 2.358729E-03	 8.820676E-04
0.71063	 1.596329E+00	 8.525480E-01	-5.715028E-01	-5.228407E-01	-4.736047E-01	-2.446886E-01	-1.073104E-01	-1.610719E-02	 2.047954E-02	 3.009272E-02	 2.592287E-02	 1.824488E-02	 1.100793E-02	 5.827780E-03	 2.637282E-03	 1.020181E-03
0.71414	 1.610625E+00	 8.674059E-01	-5.731870E-01	-5.270949E-01	-4.839746E-01	-2.537955E-01	-1.144128E-01	-1.988376E-02	 1.907036E-02	 3.021814E-02	 2.669863E-02	 1.914567E-02	 1.175311E-02	 6.343357E-03	 2.939625E-03	 1.174102E-03
0.71764	 1.625032E+00	 8.822424E-01	-5.747859E-01	-5.310805E-01	-4.942370E-01	-2.629344E-01	-1.216763E-01	-2.384069E-02	 1.750862E-02	 3.025268E-02	 2.743931E-02	 2.005066E-02	 1.252157E-02	 6.886830E-03	 3.265533E-03	 1.344471E-03
0.72111	 1.639697E+00	 8.972563E-01	-5.762641E-01	-5.348958E-01	-5.045255E-01	-2.721926E-01	-1.291503E-01	-2.799807E-02	 1.578808E-02	 3.019657E-02	 2.814710E-02	 2.096247E-02	 1.331580E-02	 7.460447E-03	 3.616889E-03	 1.532737E-03
0.72457	 1.654725E+00	 9.125934E-01	-5.775918E-01	-5.386063E-01	-5.149330E-01	-2.816344E-01	-1.368745E-01	-3.237505E-02	 1.390021E-02	 3.004725E-02	 2.882206E-02	 2.188246E-02	 1.413771E-02	 8.066316E-03	 3.995630E-03	 1.740468E-03
0.72801	 1.669895E+00	 9.279248E-01	-5.788423E-01	-5.420512E-01	-5.252354E-01	-2.910980E-01	-1.447549E-01	-3.693626E-02	 1.184640E-02	 2.979094E-02	 2.944779E-02	 2.279751E-02	 1.497914E-02	 8.700479E-03	 4.400583E-03	 1.967957E-03
0.73144	 1.685420E+00	 9.435535E-01	-5.799527E-01	-5.453724E-01	-5.356273E-01	-3.007204E-01	-1.528742E-01	-4.171806E-02	 9.614984E-03	 2.942842E-02	 3.002909E-02	 2.371301E-02	 1.584468E-02	 9.366603E-03	 4.834514E-03	 2.217181E-03
0.73485	 1.701357E+00	 9.595589E-01	-5.809033E-01	-5.485987E-01	-5.461536E-01	-3.105355E-01	-1.612570E-01	-4.673532E-02	 7.196415E-03	 2.895418E-02	 3.056299E-02	 2.462795E-02	 1.673475E-02	 1.006602E-02	 5.299090E-03	 2.489745E-03
0.73824	 1.717436E+00	 9.755370E-01	-5.817922E-01	-5.515428E-01	-5.565438E-01	-3.203423E-01	-1.697810E-01	-5.193708E-02	 4.598461E-03	 2.835482E-02	 3.103059E-02	 2.552590E-02	 1.763818E-02	 1.079259E-02	 5.791849E-03	 2.785346E-03
0.74162	 1.733965E+00	 9.919337E-01	-5.825137E-01	-5.544009E-01	-5.670842E-01	-3.303504E-01	-1.785778E-01	-5.738414E-02	 1.800591E-03	 2.763130E-02	 3.144034E-02	 2.641641E-02	 1.856297E-02	 1.155237E-02	 6.317040E-03	 3.106828E-03
0.74498	 1.750959E+00	 1.008763E+00	-5.830622E-01	-5.571695E-01	-5.777742E-01	-3.405616E-01	-1.876529E-01	-6.308402E-02	-1.206180E-03	 2.677548E-02	 3.178592E-02	 2.729557E-02	 1.950750E-02	 1.234547E-02	 6.875782E-03	 3.455686E-03
0.74833	 1.768105E+00	 1.025550E+00	-5.835632E-01	-5.596402E-01	-5.883085E-01	-3.507395E-01	-1.968546E-01	-6.896728E-02	-4.405136E-03	 2.577607E-02	 3.204671E-02	 2.814374E-02	 2.045735E-02	 1.316322E-02	 7.463969E-03	 3.830754E-03
0.75166	 1.785861E+00	 1.042942E+00	-5.838435E-01	-5.620747E-01	-5.991116E-01	-3.612024E-01	-2.063901E-01	-7.513352E-02	-7.832167E-03	 2.463294E-02	 3.223613E-02	 2.897687E-02	 2.142608E-02	 1.401572E-02	 8.088470E-03	 4.236424E-03
0.75498	 1.804247E+00	 1.060959E+00	-5.838944E-01	-5.644666E-01	-6.101859E-01	-3.719556E-01	-2.162684E-01	-8.159341E-02	-1.149908E-02	 2.333585E-02	 3.234626E-02	 2.979006E-02	 2.241153E-02	 1.490292E-02	 8.750490E-03	 4.674430E-03
0.75829	 1.822853E+00	 1.078977E+00	-5.838945E-01	-5.665576E-01	-6.211328E-01	-3.826848E-01	-2.262806E-01	-8.824592E-02	-1.537558E-02	 2.187518E-02	 3.235243E-02	 3.055765E-02	 2.339372E-02	 1.581190E-02	 9.443157E-03	 5.142093E-03
0.76158	 1.842236E+00	 1.097771E+00	-5.836119E-01	-5.686292E-01	-6.324647E-01	-3.937862E-01	-2.366969E-01	-9.522750E-02	-1.951586E-02	 2.024590E-02	 3.226981E-02	 3.130010E-02	 2.439085E-02	 1.675660E-02	 1.017610E-02	 5.645618E-03
0.76485	 1.862475E+00	 1.117449E+00	-5.830081E-01	-5.706996E-01	-6.442333E-01	-4.053094E-01	-2.475613E-01	-1.025693E-01	-2.394203E-02	 1.843456E-02	 3.209067E-02	 3.201407E-02	 2.540261E-02	 1.773859E-02	 1.095180E-02	 6.187670E-03
0.76811	 1.882977E+00	 1.137131E+00	-5.823572E-01	-5.724342E-01	-6.558668E-01	-4.167999E-01	-2.585621E-01	-1.101144E-01	-2.859946E-02	 1.643500E-02	 3.178378E-02	 3.266393E-02	 2.639952E-02	 1.873762E-02	 1.175847E-02	 6.762736E-03
0.77136	 1.904299E+00	 1.157575E+00	-5.814107E-01	-5.740769E-01	-6.678685E-01	-4.286563E-01	-2.699829E-01	-1.180121E-01	-3.355308E-02	 1.423571E-02	 3.136104E-02	 3.326920E-02	 2.740019E-02	 1.976855E-02	 1.260683E-02	 7.378021E-03
0.77460	 1.926739E+00	 1.179186E+00	-5.800246E-01	-5.757330E-01	-6.804889E-01	-4.410892E-01	-2.819864E-01	-1.263580E-01	-3.885354E-02	 1.181801E-02	 3.081999E-02	 3.383537E-02	 2.841267E-02	 2.083962E-02	 1.350397E-02	 8.039141E-03
0.77782	 1.949603E+00	 1.200948E+00	-5.785393E-01	-5.770461E-01	-6.930625E-01	-4.535618E-01	-2.941947E-01	-1.349548E-01	-4.442503E-02	 9.182265E-03	 3.012742E-02	 3.432078E-02	 2.940074E-02	 2.192466E-02	 1.443382E-02	 8.737882E-03
0.78102	 1.973267E+00	 1.223377E+00	-5.767711E-01	-5.781581E-01	-7.059107E-01	-4.663443E-01	-3.068146E-01	-1.439202E-01	-5.032626E-02	 6.310648E-03	 2.928513E-02	 3.473553E-02	 3.037587E-02	 2.303403E-02	 1.540462E-02	 9.480401E-03
0.78422	 1.998052E+00	 1.246933E+00	-5.745467E-01	-5.791787E-01	-7.192967E-01	-4.796705E-01	-3.200365E-01	-1.533714E-01	-5.662279E-02	 3.176918E-03	 2.828788E-02	 3.508518E-02	 3.134741E-02	 2.417754E-02	 1.642502E-02	 1.027363E-02
0.78740	 2.023161E+00	 1.270448E+00	-5.722916E-01	-5.797493E-01	-7.324700E-01	-4.929132E-01	-3.333968E-01	-1.630518E-01	-6.320268E-02	-2.030239E-04	 2.710474E-02	 3.532273E-02	 3.227086E-02	 2.532084E-02	 1.747231E-02	 1.110471E-02
0.79057	 2.049142E+00	 1.294685E+00	-5.697238E-01	-5.800705E-01	-7.459039E-01	-5.064705E-01	-3.472045E-01	-1.731407E-01	-7.015804E-02	-3.858666E-03	 2.573753E-02	 3.546373E-02	 3.316427E-02	 2.648005E-02	 1.855910E-02	 1.198284E-02
0.79373	 2.076453E+00	 1.320321E+00	-5.665737E-01	-5.802923E-01	-7.599636E-01	-5.206846E-01	-3.617456E-01	-1.838233E-01	-7.759849E-02	-7.836996E-03	 2.417555E-02	 3.551738E-02	 3.404406E-02	 2.767250E-02	 1.970038E-02	 1.291964E-02
0.79687	 2.103496E+00	 1.345037E+00	-5.637639E-01	-5.798120E-01	-7.732121E-01	-5.343026E-01	-3.760314E-01	-1.945198E-01	-8.524049E-02	-1.206475E-02	 2.238302E-02	 3.540215E-02	 3.482421E-02	 2.882635E-02	 2.084467E-02	 1.388261E-02
0.80000	 2.131519E+00	 1.370407E+00	-5.607103E-01	-5.790273E-01	-7.867583E-01	-5.481904E-01	-3.906962E-01	-2.055818E-01	-9.325853E-02	-1.659391E-02	 2.036814E-02	 3.515199E-02	 3.554261E-02	 2.997458E-02	 2.201706E-02	 1.488940E-02
0.80312	 2.163261E+00	 1.400138E+00	-5.558995E-01	-5.787355E-01	-8.029516E-01	-5.643565E-01	-4.073431E-01	-2.179840E-01	-1.021850E-01	-2.162149E-02	 1.811781E-02	 3.484639E-02	 3.630597E-02	 3.121868E-02	 2.329886E-02	 1.599860E-02
0.80623	 2.196887E+00	 1.431504E+00	-5.504477E-01	-5.782251E-01	-8.201178E-01	-5.813283E-01	-4.248038E-01	-2.310378E-01	-1.116815E-01	-2.706040E-02	 1.558640E-02	 3.438365E-02	 3.700751E-02	 3.246959E-02	 2.462626E-02	 1.716998E-02
0.80932	 2.232201E+00	 1.464072E+00	-5.445345E-01	-5.773294E-01	-8.380337E-01	-5.988903E-01	-4.429095E-01	-2.446430E-01	-1.217063E-01	-3.290888E-02	 1.275285E-02	 3.373451E-02	 3.761930E-02	 3.370551E-02	 2.598481E-02	 1.839570E-02
0.81240	 2.272198E+00	 1.501941E+00	-5.363503E-01	-5.767379E-01	-8.591502E-01	-6.192585E-01	-4.635469E-01	-2.600058E-01	-1.329625E-01	-3.946213E-02	 9.556644E-03	 3.296749E-02	 3.825676E-02	 3.504588E-02	 2.747570E-02	 1.975224E-02
0.81548	 2.315270E+00	 1.542790E+00	-5.268470E-01	-5.758397E-01	-8.819609E-01	-6.411559E-01	-4.857357E-01	-2.765588E-01	-1.451761E-01	-4.665339E-02	 5.953463E-03	 3.199174E-02	 3.882526E-02	 3.641203E-02	 2.904274E-02	 2.120452E-02
0.81854	 2.359393E+00	 1.583728E+00	-5.172902E-01	-5.740196E-01	-9.046762E-01	-6.630082E-01	-5.081910E-01	-2.935075E-01	-1.579138E-01	-5.432690E-02	 1.939831E-03	 3.072363E-02	 3.921850E-02	 3.770539E-02	 3.060879E-02	 2.269907E-02
0.82158	 2.407129E+00	 1.628187E+00	-5.061117E-01	-5.717650E-01	-9.293367E-01	-6.866643E-01	-5.325211E-01	-3.118991E-01	-1.718094E-01	-6.276988E-02	-2.568863E-03	 2.919627E-02	 3.951758E-02	 3.901818E-02	 3.225649E-02	 2.430161E-02
0.82462	 2.459725E+00	 1.677721E+00	-4.925380E-01	-5.691423E-01	-9.568260E-01	-7.129424E-01	-5.595052E-01	-3.322773E-01	-1.872302E-01	-7.218267E-02	-7.670492E-03	 2.738189E-02	 3.973248E-02	 4.037929E-02	 3.402038E-02	 2.604548E-02
0.82765	 2.515260E+00	 1.729565E+00	-4.778058E-01	-5.655822E-01	-9.854194E-01	-7.403104E-01	-5.878966E-01	-3.538710E-01	-2.037573E-01	-8.241710E-02	-1.337572E-02	 2.519005E-02	 3.975048E-02	 4.168478E-02	 3.581931E-02	 2.787475E-02
0.83066	 2.573545E+00	 1.783489E+00	-4.619944E-01	-5.609548E-01	-1.014822E+00	-7.685739E-01	-6.176063E-01	-3.766662E-01	-2.214214E-01	-9.351972E-02	-1.973736E-02	 2.257410E-02	 3.953438E-02	 4.290942E-02	 3.763880E-02	 2.978366E-02
0.83367	 2.635592E+00	 1.840860E+00	-4.443991E-01	-5.553097E-01	-1.045687E+00	-7.983980E-01	-6.493138E-01	-4.011607E-01	-2.405755E-01	-1.056937E-01	-2.686390E-02	 1.949378E-02	 3.908116E-02	 4.407088E-02	 3.950471E-02	 3.179958E-02
0.83666	 2.700850E+00	 1.900796E+00	-4.253950E-01	-5.483908E-01	-1.077430E+00	-8.292621E-01	-6.826364E-01	-4.271332E-01	-2.611244E-01	-1.189289E-01	-3.479724E-02	 1.588702E-02	 3.832706E-02	 4.511579E-02	 4.137819E-02	 3.389833E-02
0.83964	 2.768724E+00	 1.962415E+00	-4.054004E-01	-5.400042E-01	-1.109447E+00	-8.606280E-01	-7.171456E-01	-4.543276E-01	-2.829460E-01	-1.331987E-01	-4.356978E-02	 1.169583E-02	 3.720849E-02	 4.598872E-02	 4.321716E-02	 3.605223E-02
0.84261	 2.839683E+00	 2.026241E+00	-3.841540E-01	-5.301111E-01	-1.141977E+00	-8.927128E-01	-7.530744E-01	-4.829283E-01	-3.061972E-01	-1.486160E-01	-5.326765E-02	 6.861959E-03	 3.568645E-02	 4.666753E-02	 4.501170E-02	 3.826055E-02
0.84558	 2.914818E+00	 2.093437E+00	-3.610159E-01	-5.186137E-01	-1.175712E+00	-9.261164E-01	-7.910288E-01	-5.133746E-01	-3.312108E-01	-1.653895E-01	-6.402452E-02	 1.314038E-03	 3.372697E-02	 4.714416E-02	 4.676834E-02	 4.053833E-02
0.84853	 2.994980E+00	 2.164817E+00	-3.354999E-01	-5.053308E-01	-1.211105E+00	-9.612305E-01	-8.314551E-01	-5.460122E-01	-3.582750E-01	-1.837180E-01	-7.598522E-02	-5.039173E-03	 3.127484E-02	 4.739230E-02	 4.847971E-02	 4.289133E-02
0.85147	 3.080402E+00	 2.240512E+00	-3.074913E-01	-4.900697E-01	-1.248106E+00	-9.980188E-01	-8.744181E-01	-5.809412E-01	-3.875244E-01	-2.037300E-01	-8.927521E-02	-1.230061E-02	 2.824913E-02	 4.735648E-02	 5.011177E-02	 4.530377E-02
0.85440	 3.170961E+00	 2.320209E+00	-2.771017E-01	-4.726163E-01	-1.286381E+00	-1.036191E+00	-9.197629E-01	-6.181100E-01	-4.189935E-01	-2.255003E-01	-1.039978E-01	-2.057173E-02	 2.455858E-02	 4.696601E-02	 5.161443E-02	 4.774569E-02
0.85732	 3.266624E+00	 2.403696E+00	-2.443637E-01	-4.527373E-01	-1.325648E+00	-1.075511E+00	-9.674091E-01	-6.575179E-01	-4.527525E-01	-2.491216E-01	-1.202651E-01	-2.995611E-02	 2.011171E-02	 4.615093E-02	 5.293794E-02	 5.018728E-02
0.86023	 3.367380E+00	 2.490851E+00	-2.092689E-01	-4.302245E-01	-1.365631E+00	-1.115763E+00	-1.017299E+00	-6.991851E-01	-4.888888E-01	-2.746995E-01	-1.381997E-01	-4.056520E-02	 1.481021E-02	 4.483588E-02	 5.402795E-02	 5.259525E-02
0.86313	 3.472756E+00	 2.580939E+00	-1.721683E-01	-4.048841E-01	-1.405735E+00	-1.156408E+00	-1.069044E+00	-7.428834E-01	-5.273100E-01	-3.022337E-01	-1.578699E-01	-5.249365E-02	 8.550204E-03	 4.292826E-02	 5.480835E-02	 5.491506E-02
0.86603	 3.582112E+00	 2.672855E+00	-1.336304E-01	-3.765276E-01	-1.445305E+00	-1.196773E+00	-1.122085E+00	-7.882288E-01	-5.677959E-01	-3.316346E-01	-1.792885E-01	-6.580872E-02	 1.235022E-03	 4.032995E-02	 5.519044E-02	 5.707732E-02
0.86891	 3.695989E+00	 2.767065E+00	-9.334653E-02	-3.449877E-01	-1.484502E+00	-1.236958E+00	-1.176639E+00	-8.354072E-01	-6.105365E-01	-3.630563E-01	-2.026023E-01	-8.063009E-02	-7.238217E-03	 3.696234E-02	 5.511457E-02	 5.904333E-02
0.87178	 3.815697E+00	 2.865272E+00	-5.028458E-02	-3.100955E-01	-1.523914E+00	-1.277572E+00	-1.233500E+00	-8.850712E-01	-6.560917E-01	-3.969019E-01	-2.281170E-01	-9.716142E-02	-1.700846E-02	 3.274286E-02	 5.453389E-02	 6.079540E-02
0.87464	 3.940667E+00	 2.966805E+00	-4.816298E-03	-2.718039E-01	-1.562876E+00	-1.317993E+00	-1.292194E+00	-9.369274E-01	-7.043215E-01	-4.331457E-01	-2.558977E-01	-1.155104E-01	-2.820628E-02	 2.754640E-02	 5.333627E-02	 6.224587E-02
0.87750	 4.068733E+00	 3.068915E+00	 4.142693E-02	-2.302166E-01	-1.599736E+00	-1.356620E+00	-1.351188E+00	-9.898589E-01	-7.544471E-01	-4.713435E-01	-2.857452E-01	-1.356479E-01	-4.090801E-02	 2.124782E-02	 5.137889E-02	 6.326233E-02
0.88034	 4.197592E+00	 3.168346E+00	 8.645381E-02	-1.855507E-01	-1.632978E+00	-1.391773E+00	-1.408742E+00	-1.042503E+00	-8.054415E-01	-5.108410E-01	-3.172961E-01	-1.574316E-01	-5.511993E-02	 1.375644E-02	 4.852784E-02	 6.370509E-02
0.88318	 4.328234E+00	 3.266309E+00	 1.308593E-01	-1.380360E-01	-1.663314E+00	-1.423864E+00	-1.465284E+00	-1.095119E+00	-8.574801E-01	-5.517356E-01	-3.506294E-01	-1.809274E-01	-7.091469E-02	 4.999096E-03	 4.470689E-02	 6.350667E-02
0.88600	 4.466536E+00	 3.371927E+00	 1.801594E-01	-8.745954E-02	-1.693884E+00	-1.456402E+00	-1.524949E+00	-1.151116E+00	-9.133727E-01	-5.959863E-01	-3.870810E-01	-2.069160E-01	-8.871028E-02	-5.179817E-03	 3.991059E-02	 6.275202E-02
0.88882	 4.609027E+00	 3.482844E+00	 2.324215E-01	-3.512774E-02	-1.722275E+00	-1.487337E+00	-1.585527E+00	-1.208960E+00	-9.720247E-01	-6.430047E-01	-4.263830E-01	-2.353741E-01	-1.086251E-01	-1.696750E-02	 3.392761E-02	 6.124215E-02
0.89163	 4.742547E+00	 3.582692E+00	 2.763673E-01	 1.571634E-02	-1.741626E+00	-1.509102E+00	-1.637774E+00	-1.261123E+00	-1.027160E+00	-6.884694E-01	-4.656324E-01	-2.647018E-01	-1.299331E-01	-3.026116E-02	 2.649528E-02	 5.852304E-02
0.89443	 4.870918E+00	 3.675116E+00	 3.147069E-01	 6.567664E-02	-1.754621E+00	-1.523639E+00	-1.684042E+00	-1.309295E+00	-1.080085E+00	-7.331424E-01	-5.052501E-01	-2.950370E-01	-1.526273E-01	-4.497716E-02	 1.771299E-02	 5.468841E-02
0.89722	 5.009192E+00	 3.780321E+00	 3.611084E-01	 1.167106E-01	-1.769442E+00	-1.538848E+00	-1.734450E+00	-1.361667E+00	-1.137898E+00	-7.820323E-01	-5.487791E-01	-3.284692E-01	-1.778417E-01	-6.151945E-02	 7.612508E-03	 5.003419E-02
0.90000	 5.155887E+00	 3.912625E+00	 4.191197E-01	 1.602646E-01	-1.785600E+00	-1.556812E+00	-1.788699E+00	-1.418733E+00	-1.200738E+00	-8.358424E-01	-5.969053E-01	-3.658819E-01	-2.064368E-01	-8.069885E-02	-4.483312E-03	 4.401256E-02
0.90277	 5.299701E+00	 4.068294E+00	 4.815712E-01	 1.890233E-01	-1.797539E+00	-1.574108E+00	-1.839626E+00	-1.475099E+00	-1.263419E+00	-8.912500E-01	-6.472571E-01	-4.061615E-01	-2.380270E-01	-1.027286E-01	-1.908247E-02	 3.594777E-02
0.90554	 5.443368E+00	 4.227121E+00	 5.446121E-01	 2.157707E-01	-1.805905E+00	-1.587196E+00	-1.887785E+00	-1.529949E+00	-1.326018E+00	-9.475777E-01	-6.993295E-01	-4.484886E-01	-2.718372E-01	-1.268551E-01	-3.556921E-02	 2.634340E-02
0.90830	 5.590351E+00	 4.377528E+00	 6.073429E-01	 2.495192E-01	-1.811715E+00	-1.594254E+00	-1.934717E+00	-1.583678E+00	-1.389558E+00	-1.005064E+00	-7.533669E-01	-4.926809E-01	-3.075975E-01	-1.526883E-01	-5.356605E-02	 1.556634E-02
0.91104	 5.730274E+00	 4.526683E+00	 6.658898E-01	 2.780022E-01	-1.810341E+00	-1.594838E+00	-1.974903E+00	-1.632645E+00	-1.449927E+00	-1.061239E+00	-8.074343E-01	-5.379163E-01	-3.450573E-01	-1.804960E-01	-7.356480E-02	 2.970687E-03
0.91378	 5.853588E+00	 4.675858E+00	 7.149504E-01	 2.916675E-01	-1.798348E+00	-1.587833E+00	-2.003096E+00	-1.672845E+00	-1.502787E+00	-1.113105E+00	-8.590291E-01	-5.827076E-01	-3.833242E-01	-2.099663E-01	-9.558050E-02	-1.172468E-02
0.91652	 5.964833E+00	 4.815841E+00	 7.547837E-01	 2.979661E-01	-1.778622E+00	-1.572515E+00	-2.021683E+00	-1.705103E+00	-1.549436E+00	-1.160982E+00	-9.083083E-01	-6.266672E-01	-4.218692E-01	-2.404286E-01	-1.189686E-01	-2.792405E-02
0.91924	 6.071508E+00	 4.951255E+00	 7.906379E-01	 3.008044E-01	-1.755137E+00	-1.551733E+00	-2.035082E+00	-1.732683E+00	-1.592899E+00	-1.206901E+00	-9.567369E-01	-6.706018E-01	-4.611319E-01	-2.720107E-01	-1.436875E-01	-4.547865E-02
0.92195	 6.176594E+00	 5.099892E+00	 8.285565E-01	 2.948214E-01	-1.729189E+00	-1.530260E+00	-2.045581E+00	-1.758387E+00	-1.635085E+00	-1.252792E+00	-1.005644E+00	-7.157367E-01	-5.020781E-01	-3.055293E-01	-1.703554E-01	-6.488171E-02
0.92466	 6.274031E+00	 5.255290E+00	 8.625487E-01	 2.769009E-01	-1.698994E+00	-1.506339E+00	-2.049205E+00	-1.778605E+00	-1.672580E+00	-1.295990E+00	-1.052819E+00	-7.605031E-01	-5.436001E-01	-3.402956E-01	-1.985869E-01	-8.598721E-02
0.92736	 6.356382E+00	 5.397150E+00	 8.812454E-01	 2.487133E-01	-1.663179E+00	-1.476050E+00	-2.040436E+00	-1.787706E+00	-1.700128E+00	-1.331968E+00	-1.094495E+00	-8.019238E-01	-5.834000E-01	-3.746445E-01	-2.272557E-01	-1.080897E-01
0.93005	 6.431437E+00	 5.518987E+00	 8.848141E-01	 2.178250E-01	-1.627655E+00	-1.441249E+00	-2.022109E+00	-1.786751E+00	-1.718672E+00	-1.360841E+00	-1.130654E+00	-8.395801E-01	-6.209463E-01	-4.079595E-01	-2.558045E-01	-1.306530E-01
0.93274	 6.544270E+00	 5.670219E+00	 9.113317E-01	 2.011038E-01	-1.610146E+00	-1.418705E+00	-2.018501E+00	-1.796262E+00	-1.748251E+00	-1.398541E+00	-1.174687E+00	-8.832842E-01	-6.635373E-01	-4.451025E-01	-2.873484E-01	-1.552755E-01
0.93541	 6.759271E+00	 5.946838E+00	 1.024218E+00	 2.161823E-01	-1.629805E+00	-1.433997E+00	-2.064330E+00	-1.848216E+00	-1.820152E+00	-1.471516E+00	-1.249290E+00	-9.508611E-01	-7.251705E-01	-4.963205E-01	-3.291624E-01	-1.866206E-01
0.93808	 7.102250E+00	 6.387860E+00	 1.251238E+00	 2.766528E-01	-1.686867E+00	-1.493570E+00	-2.171589E+00	-1.954915E+00	-1.947745E+00	-1.592123E+00	-1.366184E+00	-1.052418E+00	-8.145320E-01	-5.686332E-01	-3.868472E-01	-2.288374E-01
0.94074	 7.507979E+00	 6.871539E+00	 1.521951E+00	 3.797893E-01	-1.755763E+00	-1.563090E+00	-2.301525E+00	-2.079210E+00	-2.096830E+00	-1.731530E+00	-1.502372E+00	-1.170547E+00	-9.188796E-01	-6.533273E-01	-4.550156E-01	-2.790279E-01
0.94340	 7.898063E+00	 7.265571E+00	 1.751064E+00	 5.084453E-01	-1.812746E+00	-1.608931E+00	-2.410431E+00	-2.179075E+00	-2.226465E+00	-1.854325E+00	-1.627925E+00	-1.281637E+00	-1.019842E+00	-7.369807E-01	-5.243708E-01	-3.312978E-01
0.94604	 8.287174E+00	 7.610198E+00	 1.954119E+00	 6.578750E-01	-1.860955E+00	-1.641148E+00	-2.505653E+00	-2.263377E+00	-2.343810E+00	-1.967132E+00	-1.748048E+00	-1.390213E+00	-1.121006E+00	-8.225237E-01	-5.971493E-01	-3.873430E-01
0.94868	 8.766521E+00	 8.028154E+00	 2.215511E+00	 8.545992E-01	-1.928600E+00	-1.690284E+00	-2.632286E+00	-2.372199E+00	-2.488898E+00	-2.103391E+00	-1.892136E+00	-1.519730E+00	-1.241502E+00	-9.245909E-01	-6.844424E-01	-4.549326E-01
0.95131	 9.484919E+00	 8.695003E+00	 2.686266E+00	 1.178009E+00	-2.038602E+00	-1.785966E+00	-2.862348E+00	-2.571916E+00	-2.736153E+00	-2.326854E+00	-2.119918E+00	-1.718826E+00	-1.422479E+00	-1.075051E+00	-8.110516E-01	-5.516622E-01
0.95394	 1.042212E+01	 9.571161E+00	 3.347354E+00	 1.634408E+00	-2.168984E+00	-1.904659E+00	-3.176849E+00	-2.846123E+00	-3.073781E+00	-2.628331E+00	-2.426772E+00	-1.985775E+00	-1.665184E+00	-1.276953E+00	-9.814500E-01	-6.825072E-01
0.95656	 1.136617E+01	 1.037804E+01	 3.971661E+00	 2.123138E+00	-2.274503E+00	-1.986918E+00	-3.463931E+00	-3.090922E+00	-3.389587E+00	-2.910549E+00	-2.724590E+00	-2.249789E+00	-1.911950E+00	-1.487492E+00	-1.164348E+00	-8.270908E-01
0.95917	 1.226906E+01	 1.103205E+01	 4.500985E+00	 2.633423E+00	-2.339903E+00	-2.015275E+00	-3.700115E+00	-3.285143E+00	-3.661501E+00	-3.152761E+00	-2.993956E+00	-2.493526E+00	-2.147641E+00	-1.694394E+00	-1.350053E+00	-9.784194E-01
0.96177	 1.326662E+01	 1.165103E+01	 5.064133E+00	 3.255989E+00	-2.379153E+00	-2.000219E+00	-3.946418E+00	-3.483085E+00	-3.957071E+00	-3.411123E+00	-3.289573E+00	-2.760114E+00	-2.409391E+00	-1.926182E+00	-1.561279E+00	-1.152865E+00
0.96437	 1.442165E+01	 1.231646E+01	 5.719075E+00	 4.009355E+00	-2.402120E+00	-1.948438E+00	-4.222703E+00	-3.702617E+00	-4.298628E+00	-3.704758E+00	-3.631108E+00	-3.065980E+00	-2.712943E+00	-2.196795E+00	-1.810636E+00	-1.361441E+00
0.96695	 1.571022E+01	 1.305661E+01	 6.451088E+00	 4.854054E+00	-2.398587E+00	-1.859844E+00	-4.509351E+00	-3.930596E+00	-4.670077E+00	-4.022048E+00	-4.008230E+00	-3.403733E+00	-3.053497E+00	-2.504424E+00	-2.098190E+00	-1.606566E+00
0.96954	 1.708546E+01	 1.379223E+01	 7.197855E+00	 5.766925E+00	-2.358089E+00	-1.715442E+00	-4.775788E+00	-4.137910E+00	-5.042684E+00	-4.337205E+00	-4.398724E+00	-3.753334E+00	-3.414618E+00	-2.835809E+00	-2.413823E+00	-1.881566E+00
0.97211	 1.856219E+01	 1.443811E+01	 7.928234E+00	 6.773679E+00	-2.291633E+00	-1.494564E+00	-5.014946E+00	-4.309949E+00	-5.408090E+00	-4.638827E+00	-4.796023E+00	-4.105384E+00	-3.789381E+00	-3.183973E+00	-2.752132E+00	-2.182345E+00
0.97468	 2.032370E+01	 1.515573E+01	 8.813848E+00	 7.990419E+00	-2.212713E+00	-1.194047E+00	-5.284650E+00	-4.497140E+00	-5.836064E+00	-4.987250E+00	-5.265653E+00	-4.513250E+00	-4.229616E+00	-3.592215E+00	-3.151426E+00	-2.541016E+00
0.97724	 2.258486E+01	 1.617479E+01	 1.009569E+01	 9.553565E+00	-2.105599E+00	-7.856597E-01	-5.642907E+00	-4.749489E+00	-6.410359E+00	-5.456998E+00	-5.894212E+00	-5.049279E+00	-4.809869E+00	-4.124203E+00	-3.670610E+00	-3.008885E+00
0.97980	 2.521876E+01	 1.737473E+01	 1.165435E+01	 1.136985E+01	-1.928749E+00	-2.224685E-01	-6.012980E+00	-4.993556E+00	-7.057184E+00	-5.986532E+00	-6.629136E+00	-5.667109E+00	-5.496647E+00	-4.751308E+00	-4.289686E+00	-3.573763E+00
0.98234	 2.781898E+01	 1.836151E+01	 1.303021E+01	 1.312015E+01	-1.684568E+00	 4.829520E-01	-6.247658E+00	-5.092054E+00	-7.582426E+00	-6.408222E+00	-7.289086E+00	-6.208263E+00	-6.142376E+00	-5.342607E+00	-4.893955E+00	-4.140524E+00
0.98489	 3.047397E+01	 1.922418E+01	 1.431408E+01	 1.485885E+01	-1.351131E+00	 1.345674E+00	-6.370413E+00	-5.058742E+00	-8.020296E+00	-6.755671E+00	-7.910550E+00	-6.703629E+00	-6.780432E+00	-5.919493E+00	-5.504768E+00	-4.722845E+00
0.98742	 3.346481E+01	 2.015794E+01	 1.577748E+01	 1.677837E+01	-9.116085E-01	 2.418716E+00	-6.450856E+00	-4.928547E+00	-8.463153E+00	-7.105569E+00	-8.587466E+00	-7.233647E+00	-7.497621E+00	-6.549999E+00	-6.190566E+00	-5.373959E+00
0.98995	 3.673517E+01	 2.108770E+01	 1.730271E+01	 1.879565E+01	-3.691623E-01	 3.695212E+00	-6.445297E+00	-4.645112E+00	-8.849591E+00	-7.399375E+00	-9.260481E+00	-7.751823E+00	-8.254205E+00	-7.196522E+00	-6.925047E+00	-6.066730E+00
0.99247	 4.018577E+01	 2.193666E+01	 1.869304E+01	 2.076887E+01	 2.563303E-01	 5.118062E+00	-6.301310E+00	-4.149754E+00	-9.099488E+00	-7.559241E+00	-9.841170E+00	-8.193431E+00	-8.980920E+00	-7.801002E+00	-7.658367E+00	-6.750007E+00
0.99499	 4.424319E+01	 2.291479E+01	 2.024126E+01	 2.296650E+01	 1.036982E+00	 6.815239E+00	-6.019896E+00	-3.380870E+00	-9.267221E+00	-7.653700E+00	-1.041092E+01	-8.634363E+00	-9.776573E+00	-8.426890E+00	-8.475936E+00	-7.479843E+00
0.99750	 4.932585E+01	 2.419725E+01	 2.212575E+01	 2.555267E+01	 2.006309E+00	 8.901158E+00	-5.575271E+00	-2.253388E+00	-9.353163E+00	-7.686989E+00	-1.095586E+01	-9.075703E+00	-1.066140E+01	-9.057043E+00	-9.410518E+00	-8.253077E+00
1.00000	 5.477276E+01	 2.552867E+01	 2.420754E+01	 2.835873E+01	 3.143369E+00	 1.122643E+01	-5.005462E+00	-9.347860E-01	-9.351742E+00	-7.626370E+00	-1.144409E+01	-9.459617E+00	-1.153506E+01	-9.658702E+00	-1.036082E+01	-9.032902E+00
