r	   0/   0	   1/   0	   2/   0	   3/   0	   4/   0	   5/   0	   6/   0	   7/   0	   8/   0	   9/   0	  10/   0	  11/   0	  12/   0	  13/   0	  14/   0	  15/   0
0.07071	-7.968855E-05	 6.515552E-05	-7.024229E-04	-9.942044E-05	-2.599045E-05	 2.324547E-06	 1.671294E-05	 2.816008E-06	-4.961914E-06	-1.133422E-06	-4.239308E-07	-1.417301E-07	 1.811449E-07	 8.011265E-09	-2.280867E-08	-3.237819E-09
0.10000	 2.882927E-05	 1.101174E-04	-4.298322E-04	-1.106132E-04	-4.511322E-05	-1.714438E-07	 1.982923E-05	 3.239193E-06	-5.462997E-06	-1.450571E-06	-3.825241E-07	-1.415347E-07	 1.728624E-07	 3.272151E-08	-3.526309E-08	-1.009385E-08
0.12247	 1.831551E-05	 1.332580E-04	-4.288433E-04	-1.275905E-04	-5.021131E-05	-5.901688E-06	 1.324226E-05	 3.120300E-06	-4.468152E-06	-1.196009E-06	 1.085378E-07	-7.552044E-08	 6.395661E-08	 2.162240E-08	-3.226071E-08	-8.598722E-09
0.14142	 1.531207E-05	 1.549061E-04	-4.194722E-04	-1.437636E-04	-5.811878E-05	-9.391644E-06	 8.897312E-06	 2.084865E-06	-3.821790E-06	-1.012541E-06	 3.839174E-07	 3.374187E-08	-9.316890E-09	-1.936870E-09	-2.541030E-08	-1.076360E-08
0.15811	 1.447159E-05	 1.747556E-04	-4.070066E-04	-1.568919E-04	-6.680758E-05	-1.313835E-05	 5.630971E-06	 1.504903E-06	-3.120229E-06	-9.787363E-07	 4.282710E-07	 9.614839E-08	-4.747945E-08	-5.850119E-09	-8.742353E-09	-1.231394E-08
0.17321	 1.610326E-05	 1.921550E-04	-3.935158E-04	-1.670156E-04	-7.529271E-05	-1.706486E-05	 2.898160E-06	 9.885255E-07	-2.555656E-06	-9.393517E-07	 3.737150E-07	 1.084875E-07	-6.665711E-08	-7.985142E-09	 7.320762E-09	-1.089668E-08
0.18708	 1.696306E-05	 2.055439E-04	-3.811063E-04	-1.745045E-04	-8.320578E-05	-2.117162E-05	 4.339193E-07	 4.689715E-07	-2.185184E-06	-9.052702E-07	 2.853589E-07	 9.703750E-08	-7.146801E-08	-1.142242E-08	 1.744883E-08	-8.535880E-09
0.20000	 2.010969E-05	 2.153304E-04	-3.698154E-04	-1.801260E-04	-9.056636E-05	-2.526846E-05	-1.837757E-06	-1.042955E-07	-1.988108E-06	-8.845518E-07	 1.897163E-07	 7.467003E-08	-6.796852E-08	-1.482292E-08	 2.150434E-08	-6.624705E-09
0.21213	 2.123436E-05	 2.205832E-04	-3.610929E-04	-1.844991E-04	-9.742760E-05	-2.931469E-05	-3.979670E-06	-6.867011E-07	-1.895656E-06	-8.699898E-07	 1.047932E-07	 4.909792E-08	-6.156713E-08	-1.706224E-08	 2.177256E-08	-5.444294E-09
0.22361	 2.230749E-05	 2.226209E-04	-3.543398E-04	-1.881897E-04	-1.039900E-04	-3.330679E-05	-6.024051E-06	-1.251407E-06	-1.851359E-06	-8.479640E-07	 4.113366E-08	 2.647591E-08	-5.450756E-08	-1.807657E-08	 2.027912E-08	-4.822890E-09
0.23452	 2.316161E-05	 2.226969E-04	-3.489910E-04	-1.915827E-04	-1.104466E-04	-3.725514E-05	-7.984734E-06	-1.801278E-06	-1.834142E-06	-8.166701E-07	-1.476009E-09	 9.023492E-09	-4.756186E-08	-1.824766E-08	 1.802384E-08	-4.727663E-09
0.24495	 2.600800E-05	 2.229689E-04	-3.436070E-04	-1.948267E-04	-1.169805E-04	-4.128033E-05	-9.926918E-06	-2.335810E-06	-1.828727E-06	-7.798827E-07	-2.559837E-08	-1.496534E-09	-4.081890E-08	-1.776265E-08	 1.614029E-08	-4.662263E-09
0.25495	 2.708428E-05	 2.237497E-04	-3.382575E-04	-1.979440E-04	-1.236208E-04	-4.539714E-05	-1.187264E-05	-2.901059E-06	-1.858958E-06	-7.518167E-07	-4.136166E-08	-7.757363E-09	-3.483486E-08	-1.741913E-08	 1.437118E-08	-4.790179E-09
0.26458	 2.855730E-05	 2.259563E-04	-3.321314E-04	-2.008422E-04	-1.303701E-04	-4.959500E-05	-1.383868E-05	-3.536676E-06	-1.939769E-06	-7.394642E-07	-5.611763E-08	-1.299213E-08	-2.999475E-08	-1.719554E-08	 1.262560E-08	-5.287347E-09
0.27386	 2.992433E-05	 2.293278E-04	-3.252994E-04	-2.033778E-04	-1.371329E-04	-5.390805E-05	-1.586627E-05	-4.232924E-06	-2.065742E-06	-7.491276E-07	-7.268515E-08	-1.683267E-08	-2.632467E-08	-1.733464E-08	 1.124891E-08	-5.756757E-09
0.28284	 3.052981E-05	 2.332645E-04	-3.181323E-04	-2.055234E-04	-1.438320E-04	-5.830294E-05	-1.796130E-05	-5.000353E-06	-2.239860E-06	-7.810253E-07	-9.343922E-08	-2.095920E-08	-2.398052E-08	-1.795498E-08	 1.002518E-08	-6.261866E-09
0.29155	 3.197838E-05	 2.374221E-04	-3.107707E-04	-2.073198E-04	-1.504414E-04	-6.273109E-05	-2.010987E-05	-5.835015E-06	-2.457618E-06	-8.306880E-07	-1.182059E-07	-2.684234E-08	-2.303057E-08	-1.872170E-08	 8.923063E-09	-6.940810E-09
0.30000	 3.361622E-05	 2.410394E-04	-3.037855E-04	-2.088353E-04	-1.569130E-04	-6.716917E-05	-2.230897E-05	-6.707127E-06	-2.702119E-06	-8.942716E-07	-1.451962E-07	-3.340409E-08	-2.304550E-08	-1.954189E-08	 8.150104E-09	-7.592387E-09
0.30822	 3.497443E-05	 2.438633E-04	-2.973771E-04	-2.101459E-04	-1.632433E-04	-7.162692E-05	-2.456823E-05	-7.598874E-06	-2.961382E-06	-9.691346E-07	-1.732091E-07	-3.928656E-08	-2.347796E-08	-2.058185E-08	 7.760147E-09	-7.968610E-09
0.31623	 3.665132E-05	 2.460934E-04	-2.913525E-04	-2.113080E-04	-1.694600E-04	-7.609611E-05	-2.688116E-05	-8.515566E-06	-3.237201E-06	-1.052573E-06	-2.019127E-07	-4.535591E-08	-2.446557E-08	-2.177804E-08	 7.604611E-09	-8.204486E-09
0.32404	 3.786739E-05	 2.475327E-04	-2.859139E-04	-2.123732E-04	-1.755626E-04	-8.055607E-05	-2.923958E-05	-9.459658E-06	-3.528797E-06	-1.141895E-06	-2.313398E-07	-5.245671E-08	-2.606932E-08	-2.294968E-08	 7.580278E-09	-8.465485E-09
0.33166	 3.918011E-05	 2.485004E-04	-2.807759E-04	-2.133390E-04	-1.815810E-04	-8.503918E-05	-3.165801E-05	-1.042996E-05	-3.834306E-06	-1.238172E-06	-2.617030E-07	-5.960563E-08	-2.793537E-08	-2.429128E-08	 7.709341E-09	-8.574234E-09
0.33912	 4.019893E-05	 2.490720E-04	-2.758032E-04	-2.142257E-04	-1.875291E-04	-8.955831E-05	-3.414769E-05	-1.144561E-05	-4.161520E-06	-1.341632E-06	-2.934574E-07	-6.738054E-08	-3.014411E-08	-2.579837E-08	 7.928495E-09	-8.568952E-09
0.34641	 1.469749E-05	 2.415195E-04	-2.776452E-04	-2.151980E-04	-1.927707E-04	-9.389326E-05	-3.669787E-05	-1.247871E-05	-4.495527E-06	-1.458160E-06	-3.307542E-07	-7.485175E-08	-3.261906E-08	-2.841238E-08	 7.717735E-09	-8.331774E-09
0.35355	 1.454506E-05	 2.418216E-04	-2.730174E-04	-2.158227E-04	-1.985572E-04	-9.852101E-05	-3.936184E-05	-1.362434E-05	-4.885492E-06	-1.580218E-06	-3.687882E-07	-8.641684E-08	-3.616681E-08	-3.014458E-08	 7.669386E-09	-8.519774E-09
0.36056	 1.475411E-05	 2.434177E-04	-2.678678E-04	-2.160606E-04	-2.042818E-04	-1.032840E-04	-4.216382E-05	-1.484556E-05	-5.315160E-06	-1.721581E-06	-4.132025E-07	-9.905107E-08	-4.063503E-08	-3.292862E-08	 7.231782E-09	-8.641594E-09
0.36742	 1.502137E-05	 2.460631E-04	-2.624106E-04	-2.160100E-04	-2.099804E-04	-1.081730E-04	-4.510945E-05	-1.616092E-05	-5.789705E-06	-1.878861E-06	-4.635816E-07	-1.144300E-07	-4.617068E-08	-3.611843E-08	 6.506000E-09	-8.955417E-09
0.37417	 5.271404E-06	 2.458823E-04	-2.595401E-04	-2.158585E-04	-2.153746E-04	-1.130481E-04	-4.816582E-05	-1.754519E-05	-6.297619E-06	-2.053239E-06	-5.206498E-07	-1.313426E-07	-5.256994E-08	-4.016292E-08	 5.362400E-09	-9.299566E-09
0.38079	 5.258720E-06	 2.487376E-04	-2.542640E-04	-2.154548E-04	-2.209444E-04	-1.180845E-04	-5.133573E-05	-1.902212E-05	-6.856086E-06	-2.242467E-06	-5.820173E-07	-1.512780E-07	-6.034154E-08	-4.433059E-08	 4.114769E-09	-9.926012E-09
0.38730	 5.362210E-06	 2.515075E-04	-2.491126E-04	-2.148848E-04	-2.264211E-04	-1.231582E-04	-5.459477E-05	-2.056439E-05	-7.451099E-06	-2.448017E-06	-6.490281E-07	-1.728880E-07	-6.914914E-08	-4.923092E-08	 2.538751E-09	-1.066446E-08
0.39370	 5.228566E-06	 2.534815E-04	-2.445442E-04	-2.143729E-04	-2.318714E-04	-1.282471E-04	-5.792370E-05	-2.216914E-05	-8.079031E-06	-2.665059E-06	-7.202770E-07	-1.967323E-07	-7.886158E-08	-5.432192E-08	 8.171696E-10	-1.163076E-08
0.40000	-1.806013E-05	 2.466821E-04	-2.469153E-04	-2.143308E-04	-2.367022E-04	-1.330570E-04	-6.126912E-05	-2.378555E-05	-8.707279E-06	-2.891574E-06	-7.971838E-07	-2.198080E-07	-8.816836E-08	-6.040191E-08	-1.498423E-09	-1.242661E-08
0.40620	-1.919056E-05	 2.467477E-04	-2.441445E-04	-2.142173E-04	-2.422600E-04	-1.382312E-04	-6.475321E-05	-2.550973E-05	-9.395298E-06	-3.130005E-06	-8.755861E-07	-2.463461E-07	-9.886869E-08	-6.585278E-08	-3.668963E-09	-1.375324E-08
0.41231	-1.998495E-05	 2.478383E-04	-2.414097E-04	-2.140035E-04	-2.479180E-04	-1.435640E-04	-6.839723E-05	-2.731955E-05	-1.012445E-05	-3.388317E-06	-9.602179E-07	-2.730716E-07	-1.100015E-07	-7.234305E-08	-6.319759E-09	-1.502945E-08
0.41833	-2.061691E-05	 2.498658E-04	-2.388053E-04	-2.137869E-04	-2.537711E-04	-1.490989E-04	-7.223461E-05	-2.924676E-05	-1.090699E-05	-3.665644E-06	-1.051182E-06	-3.020662E-07	-1.218659E-07	-7.911540E-08	-9.316721E-09	-1.661287E-08
0.42426	-3.405881E-05	 2.479442E-04	-2.399781E-04	-2.138190E-04	-2.594608E-04	-1.546568E-04	-7.623948E-05	-3.127350E-05	-1.173155E-05	-3.963461E-06	-1.149909E-06	-3.317060E-07	-1.338172E-07	-8.671503E-08	-1.294261E-08	-1.826776E-08
0.43012	-3.473044E-05	 2.511924E-04	-2.377853E-04	-2.136021E-04	-2.656976E-04	-1.606226E-04	-8.049597E-05	-3.346532E-05	-1.264288E-05	-4.288965E-06	-1.255370E-06	-3.649742E-07	-1.475080E-07	-9.439372E-08	-1.670654E-08	-2.043822E-08
0.43589	-3.497477E-05	 2.560540E-04	-2.351719E-04	-2.130911E-04	-2.720611E-04	-1.668432E-04	-8.501584E-05	-3.582037E-05	-1.363509E-05	-4.647705E-06	-1.371306E-06	-4.004663E-07	-1.621576E-07	-1.029882E-07	-2.109863E-08	-2.288992E-08
0.44159	-3.500603E-05	 2.620556E-04	-2.322583E-04	-2.123272E-04	-2.785477E-04	-1.733083E-04	-8.980424E-05	-3.835679E-05	-1.471907E-05	-5.041655E-06	-1.498541E-06	-4.396588E-07	-1.781393E-07	-1.121067E-07	-2.595682E-08	-2.581420E-08
0.44721	-4.979544E-05	 2.633630E-04	-2.333379E-04	-2.116174E-04	-2.846921E-04	-1.797685E-04	-9.482085E-05	-4.105431E-05	-1.587960E-05	-5.471616E-06	-1.639866E-06	-4.810096E-07	-1.941395E-07	-1.221468E-07	-3.178203E-08	-2.901249E-08
0.45277	-4.981535E-05	 2.709016E-04	-2.300255E-04	-2.103155E-04	-2.913510E-04	-1.867150E-04	-1.001808E-04	-4.399507E-05	-1.717720E-05	-5.951164E-06	-1.794883E-06	-5.283670E-07	-2.128318E-07	-1.324951E-07	-3.789961E-08	-3.304346E-08
0.45826	-4.932593E-05	 2.802760E-04	-2.258535E-04	-2.083991E-04	-2.979577E-04	-1.938890E-04	-1.058565E-04	-4.716014E-05	-1.859678E-05	-6.484037E-06	-1.967890E-06	-5.798909E-07	-2.328632E-07	-1.439632E-07	-4.487892E-08	-3.758946E-08
0.46368	-4.857395E-05	 2.908166E-04	-2.210947E-04	-2.059834E-04	-3.045214E-04	-2.012626E-04	-1.118360E-04	-5.055898E-05	-2.014729E-05	-7.072466E-06	-2.159989E-06	-6.371816E-07	-2.546056E-07	-1.560700E-07	-5.251421E-08	-4.287876E-08
0.46904	-5.944525E-05	 2.974215E-04	-2.194401E-04	-2.034460E-04	-3.106724E-04	-2.085835E-04	-1.180481E-04	-5.415895E-05	-2.181094E-05	-7.715133E-06	-2.373007E-06	-6.989521E-07	-2.768461E-07	-1.689715E-07	-6.113448E-08	-4.874370E-08
0.47434	-5.858491E-05	 3.091272E-04	-2.141648E-04	-2.002651E-04	-3.171963E-04	-2.163364E-04	-1.246373E-04	-5.804663E-05	-2.364649E-05	-8.428994E-06	-2.608899E-06	-7.684786E-07	-3.016271E-07	-1.822338E-07	-7.024216E-08	-5.563747E-08
0.47958	-5.720834E-05	 3.224543E-04	-2.081834E-04	-1.964978E-04	-3.236938E-04	-2.243293E-04	-1.315978E-04	-6.222061E-05	-2.564943E-05	-9.219657E-06	-2.871947E-06	-8.445766E-07	-3.277461E-07	-1.962777E-07	-8.022147E-08	-6.333522E-08
0.48477	-5.558206E-05	 3.366852E-04	-2.018001E-04	-1.922728E-04	-3.301657E-04	-2.325168E-04	-1.389022E-04	-6.667869E-05	-2.782508E-05	-1.009015E-05	-3.163747E-06	-9.283848E-07	-3.553218E-07	-2.106931E-07	-9.084634E-08	-7.194775E-08
0.48990	-6.263293E-05	 3.475753E-04	-1.979721E-04	-1.879662E-04	-3.362972E-04	-2.406300E-04	-1.464363E-04	-7.136777E-05	-3.015006E-05	-1.103604E-05	-3.484565E-06	-1.018868E-06	-3.834629E-07	-2.253303E-07	-1.021238E-07	-8.130062E-08
0.49497	-6.097154E-05	 3.619220E-04	-1.914894E-04	-1.830924E-04	-3.426129E-04	-2.490002E-04	-1.542808E-04	-7.633386E-05	-3.266233E-05	-1.207056E-05	-3.836654E-06	-1.118424E-06	-4.135789E-07	-2.398520E-07	-1.136161E-07	-9.167588E-08
0.50000	-5.893596E-05	 3.771237E-04	-1.845344E-04	-1.776973E-04	-3.488008E-04	-2.574734E-04	-1.624316E-04	-8.158134E-05	-3.536286E-05	-1.320080E-05	-4.225167E-06	-1.226648E-06	-4.444134E-07	-2.543572E-07	-1.255922E-07	-1.028534E-07
0.50498	-5.679529E-05	 3.925913E-04	-1.773514E-04	-1.718770E-04	-3.548591E-04	-2.660109E-04	-1.708648E-04	-8.711055E-05	-3.825925E-05	-1.443142E-05	-4.653077E-06	-1.345651E-06	-4.763782E-07	-2.682943E-07	-1.377221E-07	-1.149709E-07
0.50990	-6.415820E-05	 4.040128E-04	-1.731463E-04	-1.660535E-04	-3.605102E-04	-2.743842E-04	-1.795076E-04	-9.289162E-05	-4.133849E-05	-1.576382E-05	-5.123905E-06	-1.474914E-06	-5.080829E-07	-2.813980E-07	-1.501164E-07	-1.277594E-07
0.51478	-6.210008E-05	 4.191719E-04	-1.658642E-04	-1.595003E-04	-3.662463E-04	-2.829494E-04	-1.884438E-04	-9.897471E-05	-4.464752E-05	-1.721674E-05	-5.641743E-06	-1.618725E-06	-5.426828E-07	-2.937014E-07	-1.620581E-07	-1.415101E-07
0.51962	-5.964696E-05	 4.352308E-04	-1.579011E-04	-1.522575E-04	-3.716710E-04	-2.914870E-04	-1.976385E-04	-1.053494E-04	-4.817993E-05	-1.879621E-05	-6.213319E-06	-1.777221E-06	-5.785235E-07	-3.051004E-07	-1.738289E-07	-1.559129E-07
0.52440	-5.701292E-05	 4.518225E-04	-1.493405E-04	-1.443259E-04	-3.767236E-04	-2.999358E-04	-2.070555E-04	-1.120106E-04	-5.194316E-05	-2.050910E-05	-6.843668E-06	-1.953785E-06	-6.166711E-07	-3.152316E-07	-1.850422E-07	-1.710359E-07
0.52915	-5.722815E-05	 4.675015E-04	-1.413373E-04	-1.359090E-04	-3.813872E-04	-3.082714E-04	-2.167127E-04	-1.189803E-04	-5.595534E-05	-2.236950E-05	-7.541141E-06	-2.150862E-06	-6.569296E-07	-3.237565E-07	-1.956296E-07	-1.867696E-07
0.53385	-5.433029E-05	 4.847933E-04	-1.318025E-04	-1.266474E-04	-3.857248E-04	-3.165691E-04	-2.266235E-04	-1.262785E-04	-6.024440E-05	-2.439538E-05	-8.314085E-06	-2.373241E-06	-7.019019E-07	-3.311108E-07	-2.051861E-07	-2.030564E-07
0.53852	-5.112357E-05	 5.028026E-04	-1.215372E-04	-1.165625E-04	-3.896152E-04	-3.247560E-04	-2.367843E-04	-1.339168E-04	-6.482392E-05	-2.660013E-05	-9.171983E-06	-2.624537E-06	-7.519036E-07	-3.370073E-07	-2.135944E-07	-2.198174E-07
0.54314	-4.782997E-05	 5.211445E-04	-1.106712E-04	-1.056665E-04	-3.929850E-04	-3.327562E-04	-2.471445E-04	-1.418789E-04	-6.969894E-05	-2.899415E-05	-1.012300E-05	-2.909285E-06	-8.087323E-07	-3.417273E-07	-2.205300E-07	-2.368187E-07
0.54772	-4.889110E-05	 5.377427E-04	-1.008644E-04	-9.423588E-05	-3.957356E-04	-3.404505E-04	-2.576636E-04	-1.501552E-04	-7.487170E-05	-3.158600E-05	-1.117583E-05	-3.231634E-06	-8.728825E-07	-3.447164E-07	-2.257236E-07	-2.539452E-07
0.55227	-4.543416E-05	 5.565739E-04	-8.901290E-05	-8.180497E-05	-3.980947E-04	-3.480510E-04	-2.684190E-04	-1.587917E-04	-8.038437E-05	-3.440175E-05	-1.234262E-05	-3.598084E-06	-9.480024E-07	-3.469605E-07	-2.287096E-07	-2.708955E-07
0.55678	-4.160370E-05	 5.762848E-04	-7.627213E-05	-6.838740E-05	-3.998273E-04	-3.553945E-04	-2.793601E-04	-1.677759E-04	-8.623809E-05	-3.745152E-05	-1.363444E-05	-4.014308E-06	-1.035323E-06	-3.483175E-07	-2.293395E-07	-2.874989E-07
0.56125	-3.753797E-05	 5.967778E-04	-6.273622E-05	-5.401508E-05	-4.009464E-04	-3.624763E-04	-2.904907E-04	-1.771195E-04	-9.245193E-05	-4.075330E-05	-1.506364E-05	-4.486585E-06	-1.137162E-06	-3.490978E-07	-2.271708E-07	-3.033307E-07
0.56569	-3.114337E-05	 6.186711E-04	-4.767660E-05	-3.856337E-05	-4.013852E-04	-3.692241E-04	-3.017241E-04	-1.867754E-04	-9.901557E-05	-4.431303E-05	-1.663921E-05	-5.022275E-06	-1.257823E-06	-3.507381E-07	-2.220466E-07	-3.180604E-07
0.57009	-2.665552E-05	 6.400857E-04	-3.273711E-05	-2.233102E-05	-4.011216E-04	-3.755748E-04	-3.130659E-04	-1.967613E-04	-1.059461E-04	-4.814748E-05	-1.837547E-05	-5.628820E-06	-1.398952E-06	-3.528306E-07	-2.135830E-07	-3.314005E-07
0.57446	-2.196049E-05	 6.618110E-04	-1.728910E-05	-5.279148E-06	-4.002745E-04	-3.816083E-04	-3.245567E-04	-2.071080E-04	-1.132761E-04	-5.228211E-05	-2.028839E-05	-6.315074E-06	-1.564811E-06	-3.564524E-07	-2.013045E-07	-3.427377E-07
0.57879	-1.717422E-05	 6.837758E-04	-1.283249E-06	 1.264651E-05	-3.986979E-04	-3.871807E-04	-3.360758E-04	-2.177423E-04	-1.209766E-04	-5.671476E-05	-2.238523E-05	-7.088274E-06	-1.759947E-06	-3.633808E-07	-1.852165E-07	-3.515429E-07
0.58310	-7.454920E-06	 7.082631E-04	 1.712778E-05	 3.174783E-05	-3.965202E-04	-3.924202E-04	-3.476705E-04	-2.286872E-04	-1.290697E-04	-6.146356E-05	-2.467982E-05	-7.958156E-06	-1.989545E-06	-3.751626E-07	-1.651668E-07	-3.575093E-07
0.58737	-2.248213E-06	 7.308584E-04	 3.425273E-05	 5.136001E-05	-3.935681E-04	-3.970747E-04	-3.592488E-04	-2.399066E-04	-1.375438E-04	-6.653581E-05	-2.718606E-05	-8.932912E-06	-2.255808E-06	-3.918516E-07	-1.407738E-07	-3.597806E-07
0.59161	 2.959919E-06	 7.530003E-04	 5.146360E-05	 7.154224E-05	-3.900162E-04	-4.012263E-04	-3.707803E-04	-2.513663E-04	-1.463915E-04	-7.193660E-05	-2.991256E-05	-1.002207E-05	-2.566061E-06	-4.164845E-07	-1.121045E-07	-3.578090E-07
0.59582	 8.111428E-06	 7.748798E-04	 6.887186E-05	 9.238167E-05	-3.857927E-04	-4.048236E-04	-3.822338E-04	-2.630487E-04	-1.556107E-04	-7.767581E-05	-3.287318E-05	-1.123602E-05	-2.925792E-06	-4.512459E-07	-7.957454E-08	-3.511323E-07
0.60000	 1.646732E-05	 7.984148E-04	 8.791789E-05	 1.142091E-04	-3.809923E-04	-4.080197E-04	-3.937278E-04	-2.750371E-04	-1.652643E-04	-8.379536E-05	-3.609390E-05	-1.259010E-05	-3.342997E-06	-4.989109E-07	-4.321949E-08	-3.391039E-07
0.60415	 2.189016E-05	 8.204722E-04	 1.061222E-04	 1.365522E-04	-3.753769E-04	-4.104816E-04	-4.050304E-04	-2.871854E-04	-1.752742E-04	-9.026876E-05	-3.957568E-05	-1.409186E-05	-3.823574E-06	-5.625229E-07	-3.863360E-09	-3.211696E-07
0.60828	 2.737993E-05	 8.422949E-04	 1.245004E-04	 1.594996E-04	-3.691306E-04	-4.123642E-04	-4.162276E-04	-2.995445E-04	-1.856803E-04	-9.712589E-05	-4.334088E-05	-1.575663E-05	-4.376111E-06	-6.454058E-07	 3.795860E-08	-2.969029E-07
0.61237	 3.299916E-05	 8.643534E-04	 1.434233E-04	 1.832823E-04	-3.620726E-04	-4.135556E-04	-4.272429E-04	-3.120673E-04	-1.964651E-04	-1.043699E-04	-4.740111E-05	-1.759619E-05	-5.009543E-06	-7.525322E-07	 8.081536E-08	-2.657715E-07
0.61644	 4.936890E-05	 8.921005E-04	 1.675211E-04	 2.089021E-04	-3.543888E-04	-4.144289E-04	-4.383022E-04	-3.248911E-04	-2.077202E-04	-1.120554E-04	-5.178826E-05	-1.963142E-05	-5.736945E-06	-8.898354E-07	 1.231857E-07	-2.279831E-07
0.62048	 5.554361E-05	 9.148959E-04	 1.877694E-04	 2.344669E-04	-3.456678E-04	-4.142025E-04	-4.489425E-04	-3.377442E-04	-2.192949E-04	-1.201247E-04	-5.649652E-05	-2.186773E-05	-6.561640E-06	-1.059156E-06	 1.641580E-07	-1.824596E-07
0.62450	 6.126488E-05	 9.359446E-04	 2.074102E-04	 2.601866E-04	-3.363407E-04	-4.131924E-04	-4.592003E-04	-3.505948E-04	-2.311678E-04	-1.285690E-04	-6.152777E-05	-2.431676E-05	-7.497137E-06	-1.268814E-06	 2.007181E-07	-1.300082E-07
0.62849	 6.660329E-05	 9.557891E-04	 2.266871E-04	 2.862209E-04	-3.263732E-04	-4.114199E-04	-4.691274E-04	-3.634838E-04	-2.433733E-04	-1.374179E-04	-6.690719E-05	-2.699601E-05	-8.553895E-06	-1.524229E-06	 2.309008E-07	-7.034631E-08
0.63246	 7.479413E-05	 9.764928E-04	 2.473742E-04	 3.131004E-04	-3.156422E-04	-4.088984E-04	-4.787196E-04	-3.764045E-04	-2.559146E-04	-1.466831E-04	-7.265090E-05	-2.992250E-05	-9.746380E-06	-1.834456E-06	 2.508930E-07	-4.224162E-09
0.63640	 7.995449E-05	 9.952032E-04	 2.668665E-04	 3.402479E-04	-3.040715E-04	-4.054032E-04	-4.878315E-04	-3.892597E-04	-2.687346E-04	-1.563442E-04	-7.876415E-05	-3.310854E-05	-1.108450E-05	-2.205455E-06	 2.576884E-07	 6.781272E-08
0.64031	 8.504313E-05	 1.013366E-03	 2.863769E-04	 3.678706E-04	-2.918002E-04	-4.010933E-04	-4.965654E-04	-4.021111E-04	-2.818806E-04	-1.664367E-04	-8.527437E-05	-3.657575E-05	-1.258417E-05	-2.646454E-06	 2.475879E-07	 1.452005E-07
0.64420	 9.038959E-05	 1.032035E-03	 3.067197E-04	 3.964573E-04	-2.784968E-04	-3.958083E-04	-5.048290E-04	-4.149024E-04	-2.953232E-04	-1.769563E-04	-9.219314E-05	-4.034019E-05	-1.425999E-05	-3.168216E-06	 2.147072E-07	 2.263000E-07
0.64807	 1.143148E-04	 1.061014E-03	 3.366751E-04	 4.281722E-04	-2.643358E-04	-3.902765E-04	-5.131568E-04	-4.279946E-04	-3.093017E-04	-1.880385E-04	-9.959000E-05	-4.444228E-05	-1.613833E-05	-3.784730E-06	 1.537104E-07	 3.089721E-07
0.65192	 1.204292E-04	 1.080796E-03	 3.588422E-04	 4.587645E-04	-2.489668E-04	-3.830290E-04	-5.204841E-04	-4.406701E-04	-3.233672E-04	-1.994608E-04	-1.073890E-04	-4.886277E-05	-1.821514E-05	-4.497880E-06	 6.066736E-08	 3.927590E-07
0.65574	 1.254227E-04	 1.097196E-03	 3.793159E-04	 4.888025E-04	-2.332177E-04	-3.748600E-04	-5.271190E-04	-4.530381E-04	-3.375672E-04	-2.112393E-04	-1.155968E-04	-5.361756E-05	-2.051224E-05	-5.324288E-06	-7.301754E-08	 4.734029E-07
0.65955	 1.295097E-04	 1.110932E-03	 3.984811E-04	 5.185044E-04	-2.170043E-04	-3.657503E-04	-5.330687E-04	-4.650961E-04	-3.518999E-04	-2.233787E-04	-1.242260E-04	-5.872119E-05	-2.304335E-05	-6.274844E-06	-2.538310E-07	 5.487693E-07
0.66332	 1.342403E-04	 1.123785E-03	 4.176603E-04	 5.484275E-04	-2.001549E-04	-3.556984E-04	-5.383722E-04	-4.768702E-04	-3.663804E-04	-2.358915E-04	-1.332922E-04	-6.419150E-05	-2.582549E-05	-7.362440E-06	-4.896503E-07	 6.153649E-07
0.66708	 1.377008E-04	 1.135171E-03	 4.360480E-04	 5.784064E-04	-1.827109E-04	-3.446812E-04	-5.430386E-04	-4.883599E-04	-3.810097E-04	-2.487836E-04	-1.428105E-04	-7.004654E-05	-2.887503E-05	-8.599081E-06	-7.878729E-07	 6.700690E-07
0.67082	 1.410470E-04	 1.145916E-03	 4.542788E-04	 6.085850E-04	-1.647251E-04	-3.327722E-04	-5.471221E-04	-4.995847E-04	-3.957967E-04	-2.620629E-04	-1.527944E-04	-7.630348E-05	-3.220951E-05	-9.998595E-06	-1.157131E-06	 7.090050E-07
0.67454	 1.448296E-04	 1.157375E-03	 4.734435E-04	 6.395822E-04	-1.457965E-04	-3.198035E-04	-5.505369E-04	-5.104928E-04	-4.107079E-04	-2.757159E-04	-1.632474E-04	-8.297530E-05	-3.584534E-05	-1.157657E-05	-1.608414E-06	 7.269459E-07
0.67823	 1.715629E-04	 1.181714E-03	 5.053876E-04	 6.746516E-04	-1.256892E-04	-3.065576E-04	-5.539126E-04	-5.215476E-04	-4.260557E-04	-2.899253E-04	-1.742646E-04	-9.011840E-05	-3.982299E-05	-1.335933E-05	-2.156497E-06	 7.151884E-07
0.68191	 1.760817E-04	 1.193842E-03	 5.262721E-04	 7.072070E-04	-1.047301E-04	-2.913112E-04	-5.557926E-04	-5.316560E-04	-4.411039E-04	-3.042777E-04	-1.856664E-04	-9.766545E-05	-4.411893E-05	-1.534279E-05	-2.806545E-06	 6.708162E-07
0.68557	 1.788794E-04	 1.201199E-03	 5.442881E-04	 7.382517E-04	-8.398607E-05	-2.752800E-04	-5.568284E-04	-5.411463E-04	-4.560243E-04	-3.188450E-04	-1.974758E-04	-1.056345E-04	-4.875773E-05	-1.754906E-05	-3.572762E-06	 5.849183E-07
0.68920	 1.803429E-04	 1.204686E-03	 5.600303E-04	 7.681572E-04	-6.326151E-05	-2.583960E-04	-5.570149E-04	-5.500193E-04	-4.708198E-04	-3.336337E-04	-2.097060E-04	-1.140421E-04	-5.375732E-05	-1.999520E-05	-4.467923E-06	 4.505146E-07
0.69282	 1.795827E-04	 1.204989E-03	 5.737800E-04	 7.973261E-04	-4.223770E-05	-2.404990E-04	-5.562958E-04	-5.582520E-04	-4.854790E-04	-3.486417E-04	-2.223663E-04	-1.229046E-04	-5.913712E-05	-2.269924E-05	-5.506108E-06	 2.590255E-07
0.69642	 1.795519E-04	 1.203866E-03	 5.872083E-04	 8.261667E-04	-2.089910E-05	-2.217017E-04	-5.547216E-04	-5.658413E-04	-4.999719E-04	-3.638363E-04	-2.354376E-04	-1.322201E-04	-6.490844E-05	-2.567696E-05	-6.701653E-06	 4.002964E-10
0.70000	 1.788742E-04	 1.200796E-03	 5.996977E-04	 8.545199E-04	 7.555101E-07	-2.019513E-04	-5.522404E-04	-5.727268E-04	-5.142436E-04	-3.791791E-04	-2.489043E-04	-1.419902E-04	-7.108304E-05	-2.894352E-05	-8.068499E-06	-3.349797E-07
0.70356	 1.776303E-04	 1.195751E-03	 6.112242E-04	 8.823293E-04	 2.266406E-05	-1.812886E-04	-5.488742E-04	-5.789080E-04	-5.282881E-04	-3.946655E-04	-2.627710E-04	-1.522279E-04	-7.767976E-05	-3.251797E-05	-9.622478E-06	-7.577334E-07
0.70711	 1.746517E-04	 1.187877E-03	 6.209819E-04	 9.092189E-04	 4.469494E-05	-1.597048E-04	-5.445398E-04	-5.842669E-04	-5.419903E-04	-4.102065E-04	-2.769854E-04	-1.629127E-04	-8.470016E-05	-3.641268E-05	-1.137829E-05	-1.279522E-06
0.71063	 1.719692E-04	 1.178332E-03	 6.301176E-04	 9.355173E-04	 6.685408E-05	-1.373028E-04	-5.393345E-04	-5.888652E-04	-5.553875E-04	-4.258209E-04	-2.915614E-04	-1.740600E-04	-9.216342E-05	-4.064724E-05	-1.335281E-05	-1.912414E-06
0.71414	 1.685422E-04	 1.166687E-03	 6.381286E-04	 9.611186E-04	 8.914634E-05	-1.140445E-04	-5.332408E-04	-5.926850E-04	-5.684683E-04	-4.415037E-04	-3.065053E-04	-1.856842E-04	-1.000893E-04	-4.524198E-05	-1.556383E-05	-2.669057E-06
0.71764	 1.643686E-04	 1.152507E-03	 6.447524E-04	 9.857159E-04	 1.114107E-04	-8.998138E-05	-5.261854E-04	-5.955934E-04	-5.810869E-04	-4.571320E-04	-3.217342E-04	-1.977432E-04	-1.084679E-04	-5.020527E-05	-1.802667E-05	-3.564011E-06
0.72111	 1.571178E-04	 1.134407E-03	 6.485349E-04	 1.008838E-03	 1.335076E-04	-6.508412E-05	-5.181395E-04	-5.975497E-04	-5.932116E-04	-4.726841E-04	-3.372433E-04	-2.102439E-04	-1.173139E-04	-5.555498E-05	-2.075882E-05	-4.610705E-06
0.72457	 1.510309E-04	 1.114593E-03	 6.518880E-04	 1.031203E-03	 1.555262E-04	-3.952305E-05	-5.092780E-04	-5.986943E-04	-6.049486E-04	-4.882276E-04	-3.530749E-04	-2.232173E-04	-1.266559E-04	-6.131699E-05	-2.378169E-05	-5.824963E-06
0.72801	 1.434668E-04	 1.090825E-03	 6.528436E-04	 1.051931E-03	 1.772175E-04	-1.323994E-05	-4.993810E-04	-5.987616E-04	-6.160442E-04	-5.035639E-04	-3.690966E-04	-2.365900E-04	-1.364660E-04	-6.749046E-05	-2.710838E-05	-7.222519E-06
0.73144	 1.327883E-04	 1.058850E-03	 6.479885E-04	 1.068743E-03	 1.971149E-04	 1.315750E-05	-4.886072E-04	-5.976757E-04	-6.263666E-04	-5.185647E-04	-3.852210E-04	-2.503182E-04	-1.467349E-04	-7.408050E-05	-3.075200E-05	-8.818591E-06
0.73485	 6.669075E-05	 9.883290E-04	 6.042998E-04	 1.070443E-03	 2.122825E-04	 4.088080E-05	-4.752168E-04	-5.936460E-04	-6.344583E-04	-5.322093E-04	-4.008429E-04	-2.640667E-04	-1.572893E-04	-8.101596E-05	-3.469611E-05	-1.061213E-05
0.73824	 4.944029E-05	 9.401624E-04	 5.872826E-04	 1.078595E-03	 2.278311E-04	 6.700350E-05	-4.628635E-04	-5.901066E-04	-6.429229E-04	-5.461874E-04	-4.168838E-04	-2.783134E-04	-1.683822E-04	-8.843645E-05	-3.900926E-05	-1.264667E-05
0.74162	 3.457386E-05	 8.975822E-04	 5.748674E-04	 1.089528E-03	 2.455224E-04	 9.468140E-05	-4.495252E-04	-5.858146E-04	-6.510781E-04	-5.602010E-04	-4.332871E-04	-2.930817E-04	-1.800444E-04	-9.636379E-05	-4.371349E-05	-1.493455E-05
0.74498	 2.098538E-05	 8.572899E-04	 5.645642E-04	 1.101408E-03	 2.641265E-04	 1.233505E-04	-4.353553E-04	-5.806981E-04	-6.587808E-04	-5.741019E-04	-4.499422E-04	-3.083102E-04	-1.922583E-04	-1.047996E-04	-4.882406E-05	-1.749602E-05
0.74833	-1.496289E-06	 8.094891E-04	 5.471930E-04	 1.109650E-03	 2.814933E-04	 1.525257E-04	-4.200710E-04	-5.741303E-04	-6.653518E-04	-5.873127E-04	-4.664314E-04	-3.237326E-04	-2.048775E-04	-1.136829E-04	-5.432884E-05	-2.034042E-05
0.75166	-1.748418E-05	 7.624474E-04	 5.323615E-04	 1.117561E-03	 2.984765E-04	 1.818235E-04	-4.043128E-04	-5.667965E-04	-6.714089E-04	-6.002987E-04	-4.830683E-04	-3.395482E-04	-2.180273E-04	-1.230919E-04	-6.027451E-05	-2.349662E-05
0.75498	-3.506452E-05	 7.114497E-04	 5.149917E-04	 1.123559E-03	 3.148439E-04	 2.116085E-04	-3.876680E-04	-5.583261E-04	-6.766734E-04	-6.128750E-04	-4.997486E-04	-3.557065E-04	-2.316939E-04	-1.330320E-04	-6.667917E-05	-2.698452E-05
0.75829	-5.707519E-05	 6.489842E-04	 4.890690E-04	 1.123187E-03	 3.276980E-04	 2.405554E-04	-3.703679E-04	-5.483540E-04	-6.805449E-04	-6.244318E-04	-5.159726E-04	-3.718610E-04	-2.456751E-04	-1.433974E-04	-7.350506E-05	-3.080582E-05
0.76158	-1.557145E-04	 5.324814E-04	 4.052417E-04	 1.098699E-03	 3.309629E-04	 2.695303E-04	-3.503769E-04	-5.343737E-04	-6.808744E-04	-6.333727E-04	-5.307433E-04	-3.874187E-04	-2.596361E-04	-1.540267E-04	-8.069167E-05	-3.493800E-05
0.76485	-1.869362E-04	 4.481715E-04	 3.618182E-04	 1.085302E-03	 3.359653E-04	 2.961409E-04	-3.325686E-04	-5.219384E-04	-6.823787E-04	-6.431233E-04	-5.461957E-04	-4.036342E-04	-2.742867E-04	-1.653151E-04	-8.843042E-05	-3.948428E-05
0.76811	-2.144282E-04	 3.723379E-04	 3.254931E-04	 1.075993E-03	 3.440635E-04	 3.246632E-04	-3.135396E-04	-5.084776E-04	-6.832313E-04	-6.525311E-04	-5.616947E-04	-4.201698E-04	-2.894472E-04	-1.771691E-04	-9.669578E-05	-4.444402E-05
0.77136	-2.399656E-04	 3.000390E-04	 2.922383E-04	 1.067965E-03	 3.531271E-04	 3.540569E-04	-2.938436E-04	-4.941755E-04	-6.835114E-04	-6.616082E-04	-5.772503E-04	-4.370453E-04	-3.051544E-04	-1.896144E-04	-1.055151E-04	-4.984367E-05
0.77460	-2.857726E-04	 2.132621E-04	 2.430393E-04	 1.052557E-03	 3.589383E-04	 3.834397E-04	-2.732370E-04	-4.781715E-04	-6.823175E-04	-6.695902E-04	-5.923326E-04	-4.539241E-04	-3.212194E-04	-2.025683E-04	-1.148669E-04	-5.568807E-05
0.77782	-3.144466E-04	 1.326292E-04	 2.033477E-04	 1.038338E-03	 3.643450E-04	 4.120613E-04	-2.527958E-04	-4.616453E-04	-6.805139E-04	-6.770133E-04	-6.071790E-04	-4.708888E-04	-3.376616E-04	-2.160440E-04	-1.247640E-04	-6.200244E-05
0.78102	-3.431497E-04	 5.174028E-05	 1.638016E-04	 1.023430E-03	 3.696482E-04	 4.411191E-04	-2.317014E-04	-4.440382E-04	-6.778171E-04	-6.837692E-04	-6.218031E-04	-4.879923E-04	-3.545386E-04	-2.300874E-04	-1.352469E-04	-6.881714E-05
0.78422	-3.718621E-04	-3.045897E-05	 1.236841E-04	 1.007225E-03	 3.743245E-04	 4.703177E-04	-2.101732E-04	-4.254707E-04	-6.743363E-04	-6.899338E-04	-6.362707E-04	-5.052896E-04	-3.719034E-04	-2.447425E-04	-1.463558E-04	-7.616701E-05
0.78740	-4.045816E-04	-1.186526E-04	 7.865244E-05	 9.868967E-04	 3.768255E-04	 4.989445E-04	-1.881751E-04	-4.055119E-04	-6.693972E-04	-6.948031E-04	-6.499504E-04	-5.222880E-04	-3.894133E-04	-2.598041E-04	-1.579898E-04	-8.402071E-05
0.79057	-4.364717E-04	-2.100079E-04	 3.218829E-05	 9.639142E-04	 3.776963E-04	 5.270283E-04	-1.659721E-04	-3.845221E-04	-6.634152E-04	-6.987354E-04	-6.631315E-04	-5.391976E-04	-4.072152E-04	-2.753711E-04	-1.702149E-04	-9.242415E-05
0.79373	-4.702087E-04	-3.057087E-04	-1.739241E-05	 9.378857E-04	 3.768575E-04	 5.546926E-04	-1.435702E-04	-3.625471E-04	-6.565324E-04	-7.018902E-04	-6.759842E-04	-5.561645E-04	-4.254299E-04	-2.915343E-04	-1.830995E-04	-1.014258E-04
0.79687	-5.059768E-04	-4.080290E-04	-7.153065E-05	 9.067236E-04	 3.730211E-04	 5.809351E-04	-1.210240E-04	-3.391785E-04	-6.478806E-04	-7.032778E-04	-6.875343E-04	-5.723769E-04	-4.434499E-04	-3.078918E-04	-1.964127E-04	-1.109220E-04
0.80000	-5.507539E-04	-5.198324E-04	-1.348312E-04	 8.694631E-04	 3.658489E-04	 6.061816E-04	-9.824411E-05	-3.143692E-04	-6.376208E-04	-7.031101E-04	-6.980327E-04	-5.880540E-04	-4.614505E-04	-3.245705E-04	-2.102451E-04	-1.209738E-04
0.80312	-5.887073E-04	-6.285514E-04	-1.936480E-04	 8.334193E-04	 3.588525E-04	 6.318520E-04	-7.559334E-05	-2.892416E-04	-6.275043E-04	-7.031668E-04	-7.091254E-04	-6.045327E-04	-4.804491E-04	-3.422799E-04	-2.250550E-04	-1.318524E-04
0.80623	-6.263460E-04	-7.366799E-04	-2.517301E-04	 7.967147E-04	 3.515730E-04	 6.577905E-04	-5.253214E-05	-2.629636E-04	-6.163403E-04	-7.022240E-04	-7.196716E-04	-6.208822E-04	-4.997562E-04	-3.605733E-04	-2.405916E-04	-1.434506E-04
0.80932	-6.584997E-04	-8.349002E-04	-3.004248E-04	 7.650736E-04	 3.481811E-04	 6.860493E-04	-2.814966E-05	-2.354121E-04	-6.043151E-04	-7.005775E-04	-7.299428E-04	-6.373101E-04	-5.195081E-04	-3.795562E-04	-2.569369E-04	-1.558396E-04
0.81240	-5.969691E-04	-8.683061E-04	-2.690411E-04	 7.688842E-04	 3.635451E-04	 7.200193E-04	-3.505615E-06	-2.102969E-04	-5.961874E-04	-7.028287E-04	-7.438528E-04	-6.568870E-04	-5.419745E-04	-4.007707E-04	-2.750667E-04	-1.696011E-04
0.81548	-6.197865E-04	-9.488723E-04	-2.998843E-04	 7.491641E-04	 3.697828E-04	 7.553923E-04	 2.450082E-05	-1.799773E-04	-5.835525E-04	-7.014298E-04	-7.555761E-04	-6.754201E-04	-5.643613E-04	-4.224422E-04	-2.939993E-04	-1.842227E-04
0.81854	-6.537299E-04	-1.055079E-03	-3.511673E-04	 7.126228E-04	 3.647870E-04	 7.851111E-04	 5.077018E-05	-1.481578E-04	-5.682790E-04	-6.969242E-04	-7.647230E-04	-6.921530E-04	-5.858679E-04	-4.439435E-04	-3.132786E-04	-1.994502E-04
0.82158	-6.919621E-04	-1.173859E-03	-4.113207E-04	 6.682940E-04	 3.549376E-04	 8.130519E-04	 7.666425E-05	-1.149323E-04	-5.515874E-04	-6.909093E-04	-7.729806E-04	-7.085487E-04	-6.076518E-04	-4.661464E-04	-3.335048E-04	-2.156742E-04
0.82462	-6.948118E-04	-1.272736E-03	-4.422184E-04	 6.353605E-04	 3.515815E-04	 8.435171E-04	 1.032312E-04	-8.138041E-05	-5.355153E-04	-6.856156E-04	-7.823778E-04	-7.262746E-04	-6.310025E-04	-4.899681E-04	-3.553054E-04	-2.333075E-04
0.82765	-7.323585E-04	-1.394286E-03	-5.010449E-04	 5.891648E-04	 3.421335E-04	 8.734175E-04	 1.309390E-04	-4.464091E-05	-5.163181E-04	-6.773116E-04	-7.897222E-04	-7.428175E-04	-6.540920E-04	-5.141549E-04	-3.779197E-04	-2.519281E-04
0.83066	-7.735836E-04	-1.524510E-03	-5.664335E-04	 5.355462E-04	 3.276803E-04	 9.006727E-04	 1.575589E-04	-6.748206E-06	-4.954780E-04	-6.668696E-04	-7.954235E-04	-7.582820E-04	-6.768820E-04	-5.386504E-04	-4.012875E-04	-2.715193E-04
0.83367	-8.025859E-04	-1.632440E-03	-6.098166E-04	 4.952125E-04	 3.240264E-04	 9.341590E-04	 1.874161E-04	 3.321348E-05	-4.739937E-04	-6.561981E-04	-8.016131E-04	-7.745863E-04	-7.008955E-04	-5.646378E-04	-4.262537E-04	-2.926732E-04
0.83666	-5.932162E-04	-1.578021E-03	-4.367102E-04	 5.515320E-04	 3.781352E-04	 9.861919E-04	 2.223264E-04	 6.830776E-05	-4.609971E-04	-6.546053E-04	-8.159892E-04	-7.977841E-04	-7.305555E-04	-5.951536E-04	-4.547575E-04	-3.166033E-04
0.83964	-5.989340E-04	-1.643368E-03	-4.339383E-04	 5.401063E-04	 4.009318E-04	 1.035760E-03	 2.624908E-04	 1.149812E-04	-4.362664E-04	-6.423285E-04	-8.225092E-04	-8.156703E-04	-7.572915E-04	-6.243389E-04	-4.832372E-04	-3.411736E-04
0.84261	-6.324111E-04	-1.769933E-03	-4.824859E-04	 4.873742E-04	 3.938999E-04	 1.068362E-03	 2.945591E-04	 1.613354E-04	-4.085064E-04	-6.248719E-04	-8.240322E-04	-8.293876E-04	-7.813049E-04	-6.520840E-04	-5.113896E-04	-3.661609E-04
0.84558	-6.736972E-04	-1.920028E-03	-5.469252E-04	 4.190439E-04	 3.773709E-04	 1.095714E-03	 3.248095E-04	 2.092122E-04	-3.783387E-04	-6.041712E-04	-8.228959E-04	-8.410907E-04	-8.043103E-04	-6.797662E-04	-5.401957E-04	-3.922789E-04
0.84853	-5.591388E-04	-1.973233E-03	-4.687691E-04	 4.117146E-04	 4.000135E-04	 1.136218E-03	 3.600351E-04	 2.555800E-04	-3.524722E-04	-5.883466E-04	-8.265829E-04	-8.571280E-04	-8.312617E-04	-7.109813E-04	-5.721082E-04	-4.211308E-04
0.85147	-5.909705E-04	-2.113042E-03	-5.129630E-04	 3.516894E-04	 3.960925E-04	 1.171834E-03	 3.970470E-04	 3.100828E-04	-3.178315E-04	-5.637045E-04	-8.235149E-04	-8.683232E-04	-8.554905E-04	-7.409898E-04	-6.041391E-04	-4.508621E-04
0.85440	-6.432150E-04	-2.297517E-03	-5.942938E-04	 2.592994E-04	 3.687354E-04	 1.193121E-03	 4.264515E-04	 3.638223E-04	-2.810887E-04	-5.345354E-04	-8.159551E-04	-8.755312E-04	-8.770603E-04	-7.695720E-04	-6.359116E-04	-4.811803E-04
0.85732	-6.892595E-04	-2.477845E-03	-6.656708E-04	 1.682330E-04	 3.453349E-04	 1.215837E-03	 4.573533E-04	 4.198436E-04	-2.423802E-04	-5.029217E-04	-8.066412E-04	-8.814294E-04	-8.981857E-04	-7.985313E-04	-6.687488E-04	-5.130740E-04
0.86023	-4.527118E-04	-2.471043E-03	-4.634741E-04	 2.004356E-04	 4.053825E-04	 1.269320E-03	 5.019777E-04	 4.738130E-04	-2.117991E-04	-4.817194E-04	-8.076037E-04	-8.965017E-04	-9.272178E-04	-8.341618E-04	-7.070691E-04	-5.495366E-04
0.86313	-4.734078E-04	-2.611154E-03	-4.827008E-04	 1.377801E-04	 4.141284E-04	 1.310300E-03	 5.468716E-04	 5.396871E-04	-1.669167E-04	-4.454293E-04	-7.961632E-04	-9.019336E-04	-9.498489E-04	-8.658382E-04	-7.437573E-04	-5.858688E-04
0.86603	-5.333315E-04	-2.834911E-03	-5.741770E-04	 1.366214E-05	 3.766486E-04	 1.321088E-03	 5.746002E-04	 6.004181E-04	-1.206835E-04	-4.026921E-04	-7.770534E-04	-8.996415E-04	-9.662920E-04	-8.930393E-04	-7.778632E-04	-6.211960E-04
0.86891	-5.979360E-04	-3.080834E-03	-6.772071E-04	-1.281513E-04	 3.294933E-04	 1.323373E-03	 5.984192E-04	 6.609994E-04	-7.257396E-05	-3.559665E-04	-7.538812E-04	-8.933538E-04	-9.797560E-04	-9.184272E-04	-8.113658E-04	-6.570007E-04
0.87178	-3.874155E-04	-3.151200E-03	-5.065908E-04	-1.485558E-04	 3.702044E-04	 1.358723E-03	 6.393720E-04	 7.213628E-04	-3.103112E-05	-3.187169E-04	-7.404373E-04	-8.959037E-04	-1.001016E-03	-9.505488E-04	-8.505820E-04	-6.977636E-04
0.87464	-4.319537E-04	-3.371461E-03	-5.667211E-04	-2.730666E-04	 3.501451E-04	 1.373609E-03	 6.751467E-04	 7.906875E-04	 2.374276E-05	-2.656798E-04	-7.129738E-04	-8.865679E-04	-1.013580E-03	-9.765863E-04	-8.864737E-04	-7.372092E-04
0.87750	-5.207437E-04	-3.683216E-03	-7.079012E-04	-4.684995E-04	 2.757156E-04	 1.349986E-03	 6.874731E-04	 8.501598E-04	 7.723483E-05	-2.068870E-04	-6.771445E-04	-8.677054E-04	-1.017699E-03	-9.957335E-04	-9.176225E-04	-7.739116E-04
0.88034	-6.127599E-04	-4.017040E-03	-8.596837E-04	-6.850370E-04	 1.893779E-04	 1.312652E-03	 6.923398E-04	 9.058196E-04	 1.307120E-04	-1.447635E-04	-6.366247E-04	-8.432759E-04	-1.016756E-03	-1.010738E-03	-9.460011E-04	-8.092762E-04
0.88318	-4.004546E-04	-4.156862E-03	-6.974047E-04	-7.626015E-04	 2.095627E-04	 1.315311E-03	 7.202990E-04	 9.618126E-04	 1.777722E-04	-9.321797E-05	-6.066349E-04	-8.282315E-04	-1.023734E-03	-1.032323E-03	-9.797869E-04	-8.493037E-04
0.88600	-4.688768E-04	-4.459384E-03	-7.992897E-04	-9.609891E-04	 1.540988E-04	 1.288325E-03	 7.368201E-04	 1.023765E-03	 2.369120E-04	-2.524223E-05	-5.611569E-04	-7.991212E-04	-1.019691E-03	-1.045465E-03	-1.008213E-03	-8.863827E-04
0.88882	-5.904242E-04	-4.866673E-03	-9.981412E-04	-1.243948E-03	 3.151556E-05	 1.211370E-03	 7.209566E-04	 1.068891E-03	 2.902739E-04	 4.626062E-05	-5.077821E-04	-7.594270E-04	-1.005334E-03	-1.049300E-03	-1.029477E-03	-9.185026E-04
0.89163	-7.083788E-04	-5.286454E-03	-1.196828E-03	-1.544417E-03	-9.869549E-05	 1.117908E-03	 6.965651E-04	 1.106022E-03	 3.417795E-04	 1.195948E-04	-4.491818E-04	-7.124893E-04	-9.830675E-04	-1.045494E-03	-1.044307E-03	-9.458202E-04
0.89443	-3.713141E-04	-5.411298E-03	-9.055992E-04	-1.621098E-03	-4.886708E-05	 1.097733E-03	 7.190982E-04	 1.148019E-03	 3.865204E-04	 1.756668E-04	-4.083042E-04	-6.824076E-04	-9.748702E-04	-1.053201E-03	-1.068000E-03	-9.801234E-04
0.89722	-4.520790E-04	-5.779197E-03	-1.025763E-03	-1.885895E-03	-1.265466E-04	 1.023666E-03	 7.155290E-04	 1.192225E-03	 4.440411E-04	 2.524278E-04	-3.466760E-04	-6.324127E-04	-9.500677E-04	-1.047185E-03	-1.081808E-03	-1.007703E-03
0.90000	-6.287986E-04	-6.336908E-03	-1.322390E-03	-2.297498E-03	-3.229418E-04	 8.632476E-04	 6.565814E-04	 1.205430E-03	 4.902112E-04	 3.322111E-04	-2.735823E-04	-5.660957E-04	-9.081690E-04	-1.024875E-03	-1.081914E-03	-1.024561E-03
0.90277	-8.272819E-04	-6.969137E-03	-1.669681E-03	-2.767566E-03	-5.568693E-04	 6.652507E-04	 5.809013E-04	 1.205048E-03	 5.362196E-04	 4.165506E-04	-1.896509E-04	-4.867976E-04	-8.521180E-04	-9.890655E-04	-1.070188E-03	-1.031904E-03
0.90554	-5.386423E-04	-7.293586E-03	-1.475813E-03	-2.991572E-03	-5.824629E-04	 5.553549E-04	 5.660372E-04	 1.214153E-03	 5.781252E-04	 4.816564E-04	-1.262617E-04	-4.283264E-04	-8.138782E-04	-9.682364E-04	-1.070051E-03	-1.048238E-03
0.90830	-6.833536E-04	-7.846443E-03	-1.717372E-03	-3.413688E-03	-7.556054E-04	 3.743088E-04	 5.058126E-04	 1.210352E-03	 6.200244E-04	 5.589425E-04	-4.729815E-05	-3.517467E-04	-7.583299E-04	-9.310030E-04	-1.056169E-03	-1.053491E-03
0.91104	-9.151647E-04	-8.557022E-03	-2.120913E-03	-3.975408E-03	-1.053855E-03	 9.296395E-05	 3.706633E-04	 1.154602E-03	 6.321896E-04	 6.243025E-04	 3.344912E-05	-2.640535E-04	-6.865120E-04	-8.749853E-04	-1.023802E-03	-1.041903E-03
0.91378	-1.097636E-03	-9.205656E-03	-2.445549E-03	-4.499495E-03	-1.310707E-03	-1.795141E-04	 2.469790E-04	 1.092942E-03	 6.429154E-04	 6.846226E-04	 1.139307E-04	-1.757105E-04	-6.106364E-04	-8.131973E-04	-9.846278E-04	-1.023146E-03
0.91652	-1.521440E-04	-9.077550E-03	-1.439191E-03	-4.366542E-03	-9.903633E-04	-1.639322E-04	 3.349991E-04	 1.102923E-03	 6.783555E-04	 7.148117E-04	 1.499296E-04	-1.434352E-04	-5.886157E-04	-8.021252E-04	-9.880228E-04	-1.039432E-03
0.91924	-1.858498E-04	-9.472452E-03	-1.462958E-03	-4.687244E-03	-1.026309E-03	-3.107206E-04	 3.231442E-04	 1.090646E-03	 7.234123E-04	 7.796234E-04	 2.282532E-04	-6.581738E-05	-5.236298E-04	-7.516862E-04	-9.577654E-04	-1.028424E-03
0.92195	-4.560932E-04	-1.031422E-02	-1.932240E-03	-5.367656E-03	-1.385039E-03	-6.954041E-04	 1.337585E-04	 9.622617E-04	 7.000503E-04	 8.145488E-04	 3.048415E-04	 2.951116E-05	-4.299980E-04	-6.669107E-04	-8.922450E-04	-9.841683E-04
0.92466	-8.765363E-04	-1.149487E-02	-2.715605E-03	-6.320786E-03	-1.986969E-03	-1.269650E-03	-1.961844E-04	 7.338665E-04	 6.159268E-04	 8.168963E-04	 3.734782E-04	 1.327832E-04	-3.169837E-04	-5.565057E-04	-7.983904E-04	-9.115819E-04
0.92736	-1.618493E-03	-1.298142E-02	-3.934231E-03	-7.545333E-03	-2.830631E-03	-2.011933E-03	-6.542353E-04	 4.181506E-04	 4.770283E-04	 7.898178E-04	 4.335192E-04	 2.413724E-04	-1.876567E-04	-4.231671E-04	-6.780515E-04	-8.115375E-04
0.93005	-2.169445E-03	-1.445033E-02	-4.985776E-03	-8.757874E-03	-3.665261E-03	-2.798116E-03	-1.154557E-03	 4.345894E-05	 2.876294E-04	 7.148625E-04	 4.586410E-04	 3.242919E-04	-7.233142E-05	-2.953940E-04	-5.556429E-04	-7.040904E-04
0.93274	-2.750985E-03	-1.598062E-02	-6.075837E-03	-1.002952E-02	-4.531327E-03	-3.627900E-03	-1.688375E-03	-3.663911E-04	 6.830610E-05	 6.128065E-04	 4.623280E-04	 3.904688E-04	 3.196085E-05	-1.739516E-04	-4.351709E-04	-5.951792E-04
0.93541	-3.396579E-03	-1.773495E-02	-7.314560E-03	-1.148465E-02	-5.533360E-03	-4.582494E-03	-2.316466E-03	-8.474108E-04	-2.045661E-04	 4.746778E-04	 4.413611E-04	 4.430947E-04	 1.289277E-04	-5.445701E-05	-3.134463E-04	-4.829033E-04
0.93808	-4.729307E-03	-2.012407E-02	-9.471561E-03	-1.351984E-02	-7.043212E-03	-5.878059E-03	-3.214071E-03	-1.491077E-03	-5.897274E-04	 2.848680E-04	 3.969900E-04	 4.997695E-04	 2.421782E-04	 9.163292E-05	-1.626650E-04	-3.405098E-04
0.94074	-5.572423E-03	-2.236070E-02	-1.111401E-02	-1.543401E-02	-8.423481E-03	-7.191259E-03	-4.138744E-03	-2.209564E-03	-1.052649E-03	 1.232588E-05	 2.798126E-04	 4.941380E-04	 3.071125E-04	 2.017606E-04	-3.618984E-05	-2.118906E-04
0.94340	-6.335466E-03	-2.440124E-02	-1.257697E-02	-1.724537E-02	-9.693401E-03	-8.477305E-03	-5.051975E-03	-2.958872E-03	-1.556359E-03	-3.142291E-04	 1.106805E-04	 4.393310E-04	 3.327687E-04	 2.818778E-04	 7.086279E-05	-9.370979E-05
0.94604	-7.029936E-03	-2.635849E-02	-1.393867E-02	-1.903773E-02	-1.093810E-02	-9.802095E-03	-6.007314E-03	-3.777852E-03	-2.127262E-03	-7.123068E-04	-1.198002E-04	 3.318870E-04	 3.190108E-04	 3.341186E-04	 1.619465E-04	 1.753910E-05
0.94868	-8.042736E-03	-2.863485E-02	-1.574503E-02	-2.116568E-02	-1.246881E-02	-1.137090E-02	-7.164452E-03	-4.756860E-03	-2.825750E-03	-1.204268E-03	-4.191189E-04	 1.792594E-04	 2.782481E-04	 3.753019E-04	 2.535220E-04	 1.380576E-04
0.95131	-8.919186E-03	-3.108246E-02	-1.746848E-02	-2.347088E-02	-1.407784E-02	-1.312053E-02	-8.457519E-03	-5.882507E-03	-3.652798E-03	-1.809716E-03	-8.165904E-04	-5.368198E-05	 1.715865E-04	 3.656229E-04	 3.061062E-04	 2.313318E-04
0.95394	-9.879996E-03	-3.371910E-02	-1.932977E-02	-2.601442E-02	-1.582584E-02	-1.508500E-02	-9.909006E-03	-7.175680E-03	-4.620938E-03	-2.542049E-03	-1.321391E-03	-3.752413E-04	-6.224776E-06	 3.021859E-04	 3.196884E-04	 2.987863E-04
0.95656	-1.093864E-02	-3.653209E-02	-2.142137E-02	-2.880594E-02	-1.782530E-02	-1.733359E-02	-1.161382E-02	-8.721337E-03	-5.804414E-03	-3.467713E-03	-1.979858E-03	-8.175697E-04	-2.703667E-04	 1.830798E-04	 3.046531E-04	 3.581748E-04
0.95917	-1.346528E-02	-4.015469E-02	-2.548477E-02	-3.258190E-02	-2.094044E-02	-2.031863E-02	-1.402149E-02	-1.076265E-02	-7.410040E-03	-4.682886E-03	-2.860519E-03	-1.399377E-03	-6.219303E-04	 3.213388E-05	 2.928386E-04	 4.512355E-04
0.96177	-1.455853E-02	-4.265667E-02	-2.770645E-02	-3.543690E-02	-2.321005E-02	-2.292160E-02	-1.615566E-02	-1.276256E-02	-9.059555E-03	-6.038719E-03	-3.918163E-03	-2.184975E-03	-1.173554E-03	-3.095018E-04	 1.125957E-04	 4.032323E-04
0.96437	-1.509042E-02	-4.387657E-02	-2.883129E-02	-3.736383E-02	-2.463734E-02	-2.496312E-02	-1.783549E-02	-1.450775E-02	-1.055865E-02	-7.358614E-03	-5.010736E-03	-3.064716E-03	-1.850589E-03	-7.951954E-04	-2.143196E-04	 2.141539E-04
0.96695	-1.500895E-02	-4.369377E-02	-2.879614E-02	-3.824873E-02	-2.517341E-02	-2.636818E-02	-1.901024E-02	-1.594796E-02	-1.186591E-02	-8.608806E-03	-6.110625E-03	-4.016725E-03	-2.638921E-03	-1.416145E-03	-6.858758E-04	-1.189192E-04
0.96954	-1.350140E-02	-4.144567E-02	-2.647803E-02	-3.740575E-02	-2.415190E-02	-2.666404E-02	-1.925725E-02	-1.678457E-02	-1.273632E-02	-9.627605E-03	-7.098316E-03	-4.973684E-03	-3.501929E-03	-2.167600E-03	-1.317950E-03	-6.281497E-04
0.97211	-1.202029E-02	-3.760627E-02	-2.370777E-02	-3.544757E-02	-2.238059E-02	-2.616489E-02	-1.890705E-02	-1.710535E-02	-1.324535E-02	-1.037471E-02	-7.927973E-03	-5.846182E-03	-4.357943E-03	-2.954699E-03	-2.032533E-03	-1.240860E-03
0.97468	-9.743575E-03	-3.159296E-02	-1.944879E-02	-3.179678E-02	-1.935128E-02	-2.453181E-02	-1.768950E-02	-1.671504E-02	-1.326000E-02	-1.074939E-02	-8.540991E-03	-6.595727E-03	-5.193951E-03	-3.778546E-03	-2.850297E-03	-1.982988E-03
0.97724	-6.467771E-03	-2.243235E-02	-1.318658E-02	-2.567571E-02	-1.450474E-02	-2.116681E-02	-1.513011E-02	-1.516458E-02	-1.243321E-02	-1.043800E-02	-8.707028E-03	-7.032069E-03	-5.882257E-03	-4.547866E-03	-3.729775E-03	-2.838538E-03
0.97980	-1.968200E-03	-8.106391E-03	-4.145583E-03	-1.544559E-02	-6.845546E-03	-1.477970E-02	-1.031498E-02	-1.149522E-02	-1.005359E-02	-8.763072E-03	-7.927959E-03	-6.718340E-03	-6.112615E-03	-5.014407E-03	-4.517972E-03	-3.701792E-03
0.98234	 7.074751E-03	 1.685240E-02	 1.331386E-02	 3.950731E-03	 7.990825E-03	-1.399090E-03	 6.428438E-05	-2.830654E-03	-3.787473E-03	-3.779045E-03	-4.687795E-03	-4.451424E-03	-4.997390E-03	-4.535765E-03	-4.799506E-03	-4.324646E-03
0.98489	 2.336471E-02	 5.968014E-02	 4.467890E-02	 3.885308E-02	 3.513855E-02	 2.420211E-02	 2.030904E-02	 1.490653E-02	 9.687384E-03	 7.501066E-03	 3.393838E-03	 1.806201E-03	-9.732697E-04	-1.853073E-03	-3.681302E-03	-4.056259E-03
0.98742	 5.047863E-02	 1.320034E-01	 9.752396E-02	 9.925265E-02	 8.205518E-02	 7.023247E-02	 5.688777E-02	 4.822818E-02	 3.555892E-02	 2.999429E-02	 2.021298E-02	 1.555527E-02	 8.677448E-03	 5.349399E-03	 5.445272E-04	-1.534692E-03
0.98995	 9.973973E-02	 2.608001E-01	 1.933209E-01	 2.090581E-01	 1.677339E-01	 1.562223E-01	 1.255667E-01	 1.123762E-01	 8.611982E-02	 7.503634E-02	 5.480181E-02	 4.476793E-02	 3.016350E-02	 2.228775E-02	 1.175193E-02	 6.296082E-03
0.99247	 1.892406E-01	 4.986199E-01	 3.686708E-01	 4.141023E-01	 3.269213E-01	 3.200849E-01	 2.563816E-01	 2.375571E-01	 1.855870E-01	 1.656738E-01	 1.255450E-01	 1.061529E-01	 7.662139E-02	 6.035560E-02	 3.860279E-02	 2.655765E-02
0.99499	 3.551304E-01	 9.404969E-01	 6.943234E-01	 7.990391E-01	 6.251985E-01	 6.329001E-01	 5.063151E-01	 4.812629E-01	 3.804919E-01	 3.466420E-01	 2.684290E-01	 2.329898E-01	 1.745680E-01	 1.430440E-01	 9.943603E-02	 7.475628E-02
0.99750	 5.916816E-01	 1.576305E+00	 1.160954E+00	 1.360968E+00	 1.059926E+00	 1.100118E+00	 8.810414E-01	 8.557584E-01	 6.830887E-01	 6.347542E-01	 4.994718E-01	 4.442208E-01	 3.415841E-01	 2.892304E-01	 2.116935E-01	 1.682998E-01
1.00000	 8.333966E-01	 2.228913E+00	 1.639284E+00	 1.944382E+00	 1.511158E+00	 1.592322E+00	 1.277251E+00	 1.257693E+00	 1.010360E+00	 9.510832E-01	 7.559563E-01	 6.826804E-01	 5.329965E-01	 4.601223E-01	 3.459696E-01	 2.831294E-01
