r	   0/   0	   1/   0	   2/   0	   3/   0	   4/   0	   5/   0	   6/   0	   7/   0	   8/   0	   9/   0	  10/   0	  11/   0	  12/   0	  13/   0	  14/   0	  15/   0
0.07071	 0.000000E+00	 1.441433E-04	-1.040315E-03	-1.123519E-04	-4.344351E-05	-2.689561E-06	 1.762866E-05	 2.820956E-06	-3.126763E-06	-4.087860E-07	-2.217982E-07	-7.299725E-08	 8.640128E-08	 2.528986E-08	-6.926006E-09	-2.427343E-09
0.10000	 0.000000E+00	 1.653475E-04	-3.477169E-04	-8.037344E-05	-1.549834E-05	-5.288116E-06	-1.436892E-06	 5.392813E-07	-1.183197E-06	-4.221048E-07	 2.427288E-07	 1.301659E-08	-2.233090E-08	 5.388013E-09	-9.781870E-09	-4.192870E-09
0.12247	 0.000000E+00	 2.041734E-04	-3.768591E-04	-1.038315E-04	-2.015905E-05	-5.271363E-06	-5.821832E-06	-1.698242E-06	-1.253728E-06	-2.336318E-07	 5.107224E-07	 9.685197E-08	-6.978358E-08	-2.023319E-08	-8.721139E-09	-4.065740E-10
0.14142	 0.000000E+00	 2.381731E-04	-3.756601E-04	-1.218111E-04	-3.036840E-05	-9.270338E-06	-8.454839E-06	-1.264244E-06	-9.663881E-08	-2.753266E-07	 4.060923E-07	 1.112220E-07	-9.149700E-08	-7.678171E-09	 1.253563E-08	-3.811524E-09
0.15811	 0.000000E+00	 2.681304E-04	-3.657809E-04	-1.361243E-04	-4.227916E-05	-1.381098E-05	-9.736670E-06	-9.448272E-07	 9.387257E-07	-7.877807E-08	 2.239271E-07	 7.228675E-08	-9.585812E-08	-7.858717E-09	 2.952009E-08	-2.141372E-09
0.17321	 0.000000E+00	 2.942449E-04	-3.522509E-04	-1.469421E-04	-5.443252E-05	-1.822021E-05	-1.005431E-05	-8.914436E-07	 1.479883E-06	 1.017000E-07	 3.520371E-08	 4.193615E-08	-7.032078E-08	-1.505221E-08	 3.173792E-08	 1.753842E-09
0.18708	 0.000000E+00	 3.154555E-04	-3.394133E-04	-1.546433E-04	-6.571850E-05	-2.231777E-05	-1.000025E-05	-1.078609E-06	 1.576050E-06	 2.211832E-07	-1.175756E-07	 9.163782E-09	-3.233020E-08	-1.728409E-08	 2.451698E-08	 4.309646E-09
0.20000	 0.000000E+00	 3.326019E-04	-3.270919E-04	-1.597572E-04	-7.575156E-05	-2.610834E-05	-9.923926E-06	-1.392654E-06	 1.364853E-06	 2.571737E-07	-2.169339E-07	-2.204462E-08	 1.572091E-09	-1.421257E-08	 1.394618E-08	 4.420637E-09
0.21213	 0.000000E+00	 3.447178E-04	-3.181736E-04	-1.631145E-04	-8.440676E-05	-2.952985E-05	-9.995810E-06	-1.797855E-06	 9.814501E-07	 2.397815E-07	-2.603807E-07	-4.724109E-08	 2.426287E-08	-8.696471E-09	 3.679180E-09	 2.749518E-09
0.22361	 0.000000E+00	 3.532647E-04	-3.113908E-04	-1.654299E-04	-9.196973E-05	-3.267470E-05	-1.030159E-05	-2.246600E-06	 5.419326E-07	 1.953783E-07	-2.576046E-07	-6.200242E-08	 3.532782E-08	-3.087621E-09	-4.046846E-09	 3.820349E-10
0.23452	 0.000000E+00	 3.594196E-04	-3.059808E-04	-1.673370E-04	-9.882331E-05	-3.569553E-05	-1.087591E-05	-2.698681E-06	 1.259577E-07	 1.385716E-07	-2.269886E-07	-6.645240E-08	 3.742354E-08	 1.371163E-09	-8.468510E-09	-1.904524E-09
0.24495	 0.000000E+00	 3.652223E-04	-2.995739E-04	-1.692396E-04	-1.054317E-04	-3.882138E-05	-1.176657E-05	-3.160622E-06	-2.326464E-07	 8.262388E-08	-1.823922E-07	-6.295769E-08	 3.405951E-08	 4.207573E-09	-9.894776E-09	-3.472748E-09
0.25495	 0.000000E+00	 3.707493E-04	-2.932380E-04	-1.713232E-04	-1.119827E-04	-4.221184E-05	-1.298144E-05	-3.624187E-06	-5.252906E-07	 1.701927E-08	-1.415778E-07	-5.365575E-08	 2.814816E-08	 5.025362E-09	-8.991953E-09	-4.148808E-09
0.26458	 0.000000E+00	 3.769379E-04	-2.856238E-04	-1.734095E-04	-1.185924E-04	-4.591822E-05	-1.448281E-05	-4.101001E-06	-7.681187E-07	-6.474185E-08	-1.134925E-07	-4.090134E-08	 2.163522E-08	 3.823439E-09	-6.790340E-09	-4.029977E-09
0.27386	 0.000000E+00	 3.836116E-04	-2.771003E-04	-1.753240E-04	-1.251912E-04	-4.988975E-05	-1.622737E-05	-4.631662E-06	-9.862211E-07	-1.519027E-07	-9.879559E-08	-2.963384E-08	 1.577310E-08	 1.779369E-09	-4.298856E-09	-3.506350E-09
0.28284	 0.000000E+00	 3.903008E-04	-2.683468E-04	-1.768926E-04	-1.316732E-04	-5.405015E-05	-1.815535E-05	-5.222934E-06	-1.198832E-06	-2.467395E-07	-9.779855E-08	-2.061591E-08	 1.088769E-08	-9.482122E-10	-2.014578E-09	-2.739363E-09
0.29155	 0.000000E+00	 3.968676E-04	-2.591436E-04	-1.779544E-04	-1.379659E-04	-5.827017E-05	-2.018249E-05	-5.867695E-06	-1.417534E-06	-3.472349E-07	-1.080060E-07	-1.441906E-08	 6.835613E-09	-4.102735E-09	-2.181211E-10	-1.895846E-09
0.30000	 0.000000E+00	 4.027086E-04	-2.503621E-04	-1.785255E-04	-1.439778E-04	-6.241949E-05	-2.224045E-05	-6.564669E-06	-1.648589E-06	-4.423758E-07	-1.239216E-07	-1.298533E-08	 3.264691E-09	-6.699142E-09	 1.009117E-09	-1.315751E-09
0.30822	 0.000000E+00	 4.076740E-04	-2.423288E-04	-1.787314E-04	-1.497254E-04	-6.647869E-05	-2.431644E-05	-7.314622E-06	-1.894872E-06	-5.276282E-07	-1.416834E-07	-1.629621E-08	-2.099089E-11	-8.331634E-09	 1.739104E-09	-1.116986E-09
0.31623	 0.000000E+00	 4.120311E-04	-2.346306E-04	-1.786769E-04	-1.552834E-04	-7.047337E-05	-2.641024E-05	-8.105427E-06	-2.155241E-06	-6.088590E-07	-1.610633E-07	-2.206354E-08	-3.065037E-09	-9.614167E-09	 2.083915E-09	-1.088760E-09
0.32404	 0.000000E+00	 4.155991E-04	-2.276837E-04	-1.784558E-04	-1.606683E-04	-7.439477E-05	-2.851078E-05	-8.925256E-06	-2.428435E-06	-6.892432E-07	-1.811306E-07	-2.896772E-08	-6.195822E-09	-1.088747E-08	 2.207435E-09	-1.128023E-09
0.33166	 0.000000E+00	 4.187770E-04	-2.209179E-04	-1.781533E-04	-1.659779E-04	-7.830708E-05	-3.065017E-05	-9.784455E-06	-2.716936E-06	-7.690139E-07	-2.015623E-07	-3.732691E-08	-9.452457E-09	-1.189744E-08	 2.165658E-09	-1.325308E-09
0.33912	 0.000000E+00	 4.217845E-04	-2.141283E-04	-1.778681E-04	-1.713077E-04	-8.231603E-05	-3.287527E-05	-1.069430E-05	-3.028168E-06	-8.564122E-07	-2.239084E-07	-4.589868E-08	-1.282093E-08	-1.309565E-08	 2.010087E-09	-1.550707E-09
0.34641	 0.000000E+00	 4.167596E-04	-2.224846E-04	-1.779667E-04	-1.755434E-04	-8.602778E-05	-3.510258E-05	-1.164844E-05	-3.368003E-06	-9.449127E-07	-2.453218E-07	-5.755608E-08	-1.738631E-08	-1.395513E-08	 1.799766E-09	-2.062249E-09
0.35355	 0.000000E+00	 4.200528E-04	-2.157481E-04	-1.775475E-04	-1.808815E-04	-9.034254E-05	-3.761319E-05	-1.269541E-05	-3.730932E-06	-1.063418E-06	-2.790906E-07	-6.440412E-08	-2.039227E-08	-1.701914E-08	 1.115500E-09	-1.801355E-09
0.36056	 0.000000E+00	 4.239292E-04	-2.082600E-04	-1.766346E-04	-1.862041E-04	-9.487484E-05	-4.032602E-05	-1.385613E-05	-4.136134E-06	-1.193794E-06	-3.194124E-07	-7.496839E-08	-2.367440E-08	-1.961283E-08	 4.639634E-11	-1.977098E-09
0.36742	 0.000000E+00	 4.282931E-04	-2.002423E-04	-1.751901E-04	-1.915011E-04	-9.962482E-05	-4.323928E-05	-1.512734E-05	-4.590369E-06	-1.343383E-06	-3.657753E-07	-8.688650E-08	-2.768377E-08	-2.276765E-08	-1.265006E-09	-2.204596E-09
0.37417	 0.000000E+00	 4.294587E-04	-1.980609E-04	-1.735548E-04	-1.962442E-04	-1.043033E-04	-4.625157E-05	-1.648555E-05	-5.090194E-06	-1.505735E-06	-4.157172E-07	-1.017132E-07	-3.284088E-08	-2.593922E-08	-2.823452E-09	-2.737602E-09
0.38079	 0.000000E+00	 4.339742E-04	-1.900808E-04	-1.714223E-04	-2.012822E-04	-1.092140E-04	-4.943597E-05	-1.793617E-05	-5.627506E-06	-1.689229E-06	-4.745702E-07	-1.167743E-07	-3.793523E-08	-3.006346E-08	-4.863787E-09	-3.167455E-09
0.38730	 0.000000E+00	 4.383556E-04	-1.822696E-04	-1.689862E-04	-2.061141E-04	-1.140880E-04	-5.268871E-05	-1.945684E-05	-6.201469E-06	-1.884404E-06	-5.376318E-07	-1.343802E-07	-4.397597E-08	-3.420192E-08	-7.173070E-09	-3.933352E-09
0.39370	 0.000000E+00	 4.423404E-04	-1.750083E-04	-1.664514E-04	-2.108093E-04	-1.188904E-04	-5.596698E-05	-2.102339E-05	-6.806570E-06	-2.091134E-06	-6.026272E-07	-1.526787E-07	-5.118964E-08	-3.882881E-08	-9.536262E-09	-4.793615E-09
0.40000	 0.000000E+00	 4.372975E-04	-1.828653E-04	-1.646102E-04	-2.142731E-04	-1.230527E-04	-5.907983E-05	-2.258954E-05	-7.435884E-06	-2.293212E-06	-6.607478E-07	-1.737760E-07	-6.064796E-08	-4.266239E-08	-1.166995E-08	-6.273038E-09
0.40620	 0.000000E+00	 4.406703E-04	-1.772586E-04	-1.620693E-04	-2.188338E-04	-1.277348E-04	-6.244500E-05	-2.425417E-05	-8.090268E-06	-2.516728E-06	-7.296205E-07	-1.923417E-07	-6.850487E-08	-4.785574E-08	-1.444661E-08	-7.363753E-09
0.41231	 0.000000E+00	 4.444995E-04	-1.714951E-04	-1.589998E-04	-2.233591E-04	-1.325151E-04	-6.597761E-05	-2.603525E-05	-8.794670E-06	-2.750262E-06	-8.011748E-07	-2.139007E-07	-7.683154E-08	-5.219719E-08	-1.751528E-08	-9.161364E-09
0.41833	 0.000000E+00	 4.489358E-04	-1.654552E-04	-1.553970E-04	-2.279497E-04	-1.374874E-04	-6.973511E-05	-2.795526E-05	-9.563672E-06	-3.004255E-06	-8.763548E-07	-2.360035E-07	-8.580761E-08	-5.683331E-08	-2.074729E-08	-1.117038E-08
0.42426	 0.000000E+00	 4.488806E-04	-1.676582E-04	-1.518385E-04	-2.319595E-04	-1.423094E-04	-7.361435E-05	-2.999780E-05	-1.040158E-05	-3.274694E-06	-9.519265E-07	-2.599145E-07	-9.588435E-08	-6.105645E-08	-2.407337E-08	-1.373895E-08
0.43012	 0.000000E+00	 4.546139E-04	-1.612299E-04	-1.473571E-04	-2.366964E-04	-1.477020E-04	-7.789976E-05	-3.224664E-05	-1.132018E-05	-3.582764E-06	-1.042429E-06	-2.838951E-07	-1.046547E-07	-6.621350E-08	-2.825927E-08	-1.630306E-08
0.43589	 0.000000E+00	 4.613195E-04	-1.540517E-04	-1.421014E-04	-2.414071E-04	-1.533523E-04	-8.252576E-05	-3.471873E-05	-1.234516E-05	-3.927990E-06	-1.143719E-06	-3.108440E-07	-1.137509E-07	-7.116290E-08	-3.291136E-08	-1.951343E-08
0.44159	 0.000000E+00	 4.689123E-04	-1.461744E-04	-1.361555E-04	-2.461028E-04	-1.592685E-04	-8.750450E-05	-3.742714E-05	-1.349060E-05	-4.320525E-06	-1.258263E-06	-3.399735E-07	-1.234328E-07	-7.665323E-08	-3.800195E-08	-2.310070E-08
0.44721	 0.000000E+00	 4.709892E-04	-1.481119E-04	-1.302997E-04	-2.499519E-04	-1.649618E-04	-9.267047E-05	-4.034546E-05	-1.476730E-05	-4.757672E-06	-1.381123E-06	-3.728358E-07	-1.349436E-07	-8.178928E-08	-4.312729E-08	-2.751183E-08
0.45277	 0.000000E+00	 4.801628E-04	-1.392248E-04	-1.230682E-04	-2.544757E-04	-1.713478E-04	-9.840420E-05	-4.359295E-05	-1.619497E-05	-5.267802E-06	-1.533478E-06	-4.087652E-07	-1.449385E-07	-8.806623E-08	-4.951865E-08	-3.214570E-08
0.45826	 0.000000E+00	 4.903769E-04	-1.293655E-04	-1.147674E-04	-2.586906E-04	-1.779133E-04	-1.045338E-04	-4.715202E-05	-1.779605E-05	-5.848727E-06	-1.708835E-06	-4.508847E-07	-1.557258E-07	-9.407924E-08	-5.649196E-08	-3.775890E-08
0.46368	 0.000000E+00	 5.014427E-04	-1.187373E-04	-1.055358E-04	-2.625973E-04	-1.846111E-04	-1.110271E-04	-5.101482E-05	-1.957840E-05	-6.509722E-06	-1.909947E-06	-4.985327E-07	-1.675342E-07	-1.005197E-07	-6.393991E-08	-4.402123E-08
0.46904	 0.000000E+00	 5.075963E-04	-1.165364E-04	-9.630790E-05	-2.655612E-04	-1.909406E-04	-1.176604E-04	-5.511656E-05	-2.153741E-05	-7.245613E-06	-2.131658E-06	-5.524731E-07	-1.813295E-07	-1.065589E-07	-7.137385E-08	-5.125331E-08
0.47434	 0.000000E+00	 5.200248E-04	-1.050540E-04	-8.547543E-05	-2.688265E-04	-1.977627E-04	-1.248406E-04	-5.960182E-05	-2.370561E-05	-8.084830E-06	-2.394416E-06	-6.136044E-07	-1.941961E-07	-1.129423E-07	-7.972632E-08	-5.905675E-08
0.47958	 0.000000E+00	 5.335643E-04	-9.264083E-05	-7.334712E-05	-2.716200E-04	-2.046339E-04	-1.324251E-04	-6.446284E-05	-2.611099E-05	-9.031251E-06	-2.693989E-06	-6.839537E-07	-2.076865E-07	-1.183383E-07	-8.822756E-08	-6.794565E-08
0.48477	 0.000000E+00	 5.479650E-04	-7.963200E-05	-6.013953E-05	-2.739577E-04	-2.114690E-04	-1.403430E-04	-6.966939E-05	-2.875207E-05	-1.009114E-05	-3.033310E-06	-7.634128E-07	-2.217271E-07	-1.229635E-07	-9.668263E-08	-7.761429E-08
0.48990	 0.000000E+00	 5.582103E-04	-7.379761E-05	-4.697218E-05	-2.754076E-04	-2.177633E-04	-1.482943E-04	-7.509752E-05	-3.159719E-05	-1.125335E-05	-3.406613E-06	-8.516258E-07	-2.367090E-07	-1.261440E-07	-1.045787E-07	-8.808648E-08
0.49497	 0.000000E+00	 5.734668E-04	-6.088873E-05	-3.243926E-05	-2.768588E-04	-2.241706E-04	-1.565664E-04	-8.083449E-05	-3.465743E-05	-1.253590E-05	-3.831038E-06	-9.507737E-07	-2.504784E-07	-1.281166E-07	-1.125228E-07	-9.903083E-08
0.50000	 0.000000E+00	 5.894122E-04	-4.762742E-05	-1.691347E-05	-2.777319E-04	-2.303292E-04	-1.650353E-04	-8.687294E-05	-3.796093E-05	-1.394767E-05	-4.305877E-06	-1.063241E-06	-2.644863E-07	-1.276358E-07	-1.195760E-07	-1.107583E-07
0.50498	 0.000000E+00	 6.058438E-04	-3.424252E-05	-6.083776E-07	-2.780955E-04	-2.362132E-04	-1.736610E-04	-9.319157E-05	-4.150908E-05	-1.549790E-05	-4.836379E-06	-1.190053E-06	-2.791987E-07	-1.251282E-07	-1.254385E-07	-1.227888E-07
0.50990	 0.000000E+00	 6.171009E-04	-2.954734E-05	 1.523208E-05	-2.775417E-04	-2.413505E-04	-1.821897E-04	-9.970086E-05	-4.529207E-05	-1.718453E-05	-5.419982E-06	-1.332673E-06	-2.955260E-07	-1.194118E-07	-1.292143E-07	-1.352237E-07
0.51478	 0.000000E+00	 6.340509E-04	-1.653668E-05	 3.260940E-05	-2.769326E-04	-2.465404E-04	-1.909970E-04	-1.065190E-04	-4.932628E-05	-1.903324E-05	-6.082591E-06	-1.496652E-06	-3.117197E-07	-1.115110E-07	-1.322240E-07	-1.476250E-07
0.51962	 0.000000E+00	 6.515035E-04	-3.224277E-06	 5.093929E-05	-2.756012E-04	-2.513007E-04	-1.998733E-04	-1.136005E-04	-5.363073E-05	-2.105115E-05	-6.823233E-06	-1.685812E-06	-3.305183E-07	-1.001210E-07	-1.330681E-07	-1.602346E-07
0.52440	 0.000000E+00	 6.693067E-04	 1.027266E-05	 7.010440E-05	-2.735569E-04	-2.556022E-04	-2.087777E-04	-1.209231E-04	-5.820677E-05	-2.325010E-05	-7.650887E-06	-1.903925E-06	-3.536997E-07	-8.617057E-08	-1.315687E-07	-1.725215E-07
0.52915	 0.000000E+00	 6.856380E-04	 2.110126E-05	 8.969926E-05	-2.707060E-04	-2.593279E-04	-2.176807E-04	-1.285018E-04	-6.308443E-05	-2.565067E-05	-8.576392E-06	-2.156523E-06	-3.828669E-07	-6.891599E-08	-1.268543E-07	-1.843538E-07
0.53385	 0.000000E+00	 7.041270E-04	 3.517409E-05	 1.105383E-04	-2.672242E-04	-2.627250E-04	-2.267112E-04	-1.363903E-04	-6.828582E-05	-2.827820E-05	-9.621769E-06	-2.452632E-06	-4.198972E-07	-4.943483E-08	-1.196474E-07	-1.955614E-07
0.53852	 0.000000E+00	 7.230528E-04	 4.980733E-05	 1.324304E-04	-2.628699E-04	-2.655978E-04	-2.357872E-04	-1.445795E-04	-7.383465E-05	-3.115213E-05	-1.079794E-05	-2.799136E-06	-4.679313E-07	-2.758930E-08	-1.089420E-07	-2.058267E-07
0.54314	 0.000000E+00	 7.421908E-04	 6.477181E-05	 1.552076E-04	-2.576449E-04	-2.678859E-04	-2.448369E-04	-1.530296E-04	-7.972380E-05	-3.428280E-05	-1.211762E-05	-3.203995E-06	-5.304791E-07	-4.525744E-09	-9.476450E-08	-2.148300E-07
0.54772	 0.000000E+00	 7.586378E-04	 7.530881E-05	 1.781080E-04	-2.514095E-04	-2.693187E-04	-2.536977E-04	-1.616774E-04	-8.595176E-05	-3.767964E-05	-1.358787E-05	-3.673225E-06	-6.111263E-07	 1.954597E-08	-7.592951E-08	-2.219228E-07
0.55227	 0.000000E+00	 7.781887E-04	 9.083776E-05	 2.026414E-04	-2.444106E-04	-2.703246E-04	-2.626330E-04	-1.706385E-04	-9.255740E-05	-4.137481E-05	-1.523793E-05	-4.219967E-06	-7.126232E-07	 4.347364E-08	-5.343406E-08	-2.270061E-07
0.55678	 0.000000E+00	 7.981671E-04	 1.070038E-04	 2.284045E-04	-2.363047E-04	-2.705760E-04	-2.714633E-04	-1.798523E-04	-9.954664E-05	-4.538189E-05	-1.707709E-05	-4.853050E-06	-8.409416E-07	 6.611614E-08	-2.618466E-08	-2.294382E-07
0.56125	 0.000000E+00	 8.184903E-04	 1.236672E-04	 2.554119E-04	-2.270503E-04	-2.700160E-04	-2.801574E-04	-1.893116E-04	-1.069333E-04	-4.972117E-05	-1.912326E-05	-5.583444E-06	-1.000732E-06	 8.647999E-08	 6.210159E-09	-2.286162E-07
0.56569	 0.000000E+00	 8.403938E-04	 1.430781E-04	 2.837799E-04	-2.167364E-04	-2.686810E-04	-2.886439E-04	-1.989385E-04	-1.146691E-04	-5.438412E-05	-2.138751E-05	-6.422543E-06	-1.198850E-06	 1.009431E-07	 4.241131E-08	-2.243872E-07
0.57009	 0.000000E+00	 8.610729E-04	 1.604838E-04	 3.128327E-04	-2.052466E-04	-2.663199E-04	-2.968076E-04	-2.087072E-04	-1.227800E-04	-5.939506E-05	-2.388388E-05	-7.380371E-06	-1.441540E-06	 1.085182E-07	 8.415021E-08	-2.154995E-07
0.57446	 0.000000E+00	 8.820609E-04	 1.783630E-04	 3.429840E-04	-1.926637E-04	-2.630420E-04	-3.047356E-04	-2.186659E-04	-1.312988E-04	-6.478525E-05	-2.663949E-05	-8.472444E-06	-1.734897E-06	 1.072708E-07	 1.310812E-07	-2.013590E-07
0.57879	 0.000000E+00	 9.030352E-04	 1.962543E-04	 3.739745E-04	-1.789756E-04	-2.587181E-04	-3.122339E-04	-2.286639E-04	-1.401409E-04	-7.052445E-05	-2.965410E-05	-9.707774E-06	-2.086701E-06	 9.300177E-08	 1.817271E-07	-1.818531E-07
0.58310	 0.000000E+00	 9.275206E-04	 2.200906E-04	 4.069169E-04	-1.642422E-04	-2.535950E-04	-3.194610E-04	-2.387631E-04	-1.493215E-04	-7.662791E-05	-3.294723E-05	-1.110008E-05	-2.504306E-06	 6.217269E-08	 2.351497E-07	-1.564235E-07
0.58737	 0.000000E+00	 9.486964E-04	 2.383152E-04	 4.397255E-04	-1.483599E-04	-2.471031E-04	-3.260391E-04	-2.487916E-04	-1.588142E-04	-8.309831E-05	-3.652242E-05	-1.265856E-05	-2.996741E-06	 1.246902E-08	 2.931665E-07	-1.234761E-07
0.59161	 0.000000E+00	 9.697017E-04	 2.562833E-04	 4.728967E-04	-1.316930E-04	-2.395582E-04	-3.320638E-04	-2.587192E-04	-1.685595E-04	-8.991287E-05	-4.038692E-05	-1.439394E-05	-3.571236E-06	-6.162131E-08	 3.525464E-07	-8.320461E-08
0.59582	 0.000000E+00	 9.904608E-04	 2.738531E-04	 5.064823E-04	-1.141643E-04	-2.308903E-04	-3.374783E-04	-2.685076E-04	-1.785421E-04	-9.707217E-05	-4.455158E-05	-1.632000E-05	-4.238235E-06	-1.649632E-07	 4.121083E-07	-3.542004E-08
0.60000	 0.000000E+00	 1.013608E-03	 2.955286E-04	 5.417344E-04	-9.556728E-05	-2.212303E-04	-3.424813E-04	-2.783054E-04	-1.888600E-04	-1.046429E-04	-4.906268E-05	-1.846307E-05	-5.010159E-06	-3.026968E-07	 4.704705E-07	 2.051080E-08
0.60415	 0.000000E+00	 1.034264E-03	 3.129687E-04	 5.766616E-04	-7.607679E-05	-2.101938E-04	-3.466341E-04	-2.877974E-04	-1.993466E-04	-1.125460E-04	-5.389001E-05	-2.082259E-05	-5.897126E-06	-4.825045E-07	 5.248054E-07	 8.436510E-08
0.60828	 0.000000E+00	 1.054777E-03	 3.302402E-04	 6.120318E-04	-5.574819E-05	-1.979900E-04	-3.501137E-04	-2.970811E-04	-2.100523E-04	-1.208185E-04	-5.906661E-05	-2.342141E-05	-6.912176E-06	-7.106993E-07	 5.730664E-07	 1.564815E-07
0.61237	 0.000000E+00	 1.075130E-03	 3.472800E-04	 6.480206E-04	-3.437700E-05	-1.844878E-04	-3.528056E-04	-3.060731E-04	-2.209281E-04	-1.294427E-04	-6.459704E-05	-2.627270E-05	-8.067629E-06	-9.957120E-07	 6.105636E-07	 2.353834E-07
0.61644	 0.000000E+00	 1.103755E-03	 3.792745E-04	 6.881906E-04	-1.153817E-05	-1.702353E-04	-3.552629E-04	-3.151216E-04	-2.321359E-04	-1.385096E-04	-7.054538E-05	-2.941277E-05	-9.380765E-06	-1.346863E-06	 6.324107E-07	 3.200561E-07
0.62048	 0.000000E+00	 1.123899E-03	 3.965253E-04	 7.256878E-04	 1.207070E-05	-1.540233E-04	-3.563011E-04	-3.234740E-04	-2.433533E-04	-1.478735E-04	-7.683919E-05	-3.282615E-05	-1.086342E-05	-1.772842E-06	 6.382195E-07	 4.119342E-07
0.62450	 0.000000E+00	 1.142984E-03	 4.126156E-04	 7.622524E-04	 3.581739E-05	-1.367681E-04	-3.563945E-04	-3.312485E-04	-2.545110E-04	-1.574754E-04	-8.346774E-05	-3.651752E-05	-1.252300E-05	-2.284533E-06	 6.181988E-07	 5.069686E-07
0.62849	 0.000000E+00	 1.161099E-03	 4.276545E-04	 7.982607E-04	 5.995339E-05	-1.183546E-04	-3.555505E-04	-3.384886E-04	-2.656625E-04	-1.673578E-04	-9.046532E-05	-4.051352E-05	-1.437731E-05	-2.890890E-06	 5.689251E-07	 6.043295E-07
0.63246	 0.000000E+00	 1.180813E-03	 4.464585E-04	 8.350657E-04	 8.484858E-05	-9.885639E-05	-3.538569E-04	-3.452409E-04	-2.768116E-04	-1.775238E-04	-9.784721E-05	-4.483321E-05	-1.644351E-05	-3.605696E-06	 4.811756E-07	 6.999978E-07
0.63640	 0.000000E+00	 1.197397E-03	 4.601848E-04	 8.706360E-04	 1.102124E-04	-7.794760E-05	-3.509698E-04	-3.512551E-04	-2.878358E-04	-1.879116E-04	-1.055853E-04	-4.947592E-05	-1.873515E-05	-4.440664E-06	 3.498266E-07	 7.927049E-07
0.64031	 0.000000E+00	 1.213391E-03	 4.734742E-04	 9.061462E-04	 1.361956E-04	-5.580634E-05	-3.471078E-04	-3.566728E-04	-2.988127E-04	-1.985724E-04	-1.137229E-04	-5.447311E-05	-2.127282E-05	-5.409381E-06	 1.666450E-07	 8.793168E-07
0.64420	 0.000000E+00	 1.229020E-03	 4.865906E-04	 9.421831E-04	 1.633260E-04	-3.217056E-05	-3.421082E-04	-3.614081E-04	-3.096894E-04	-2.094778E-04	-1.222555E-04	-5.983735E-05	-2.407477E-05	-6.527536E-06	-7.936983E-08	 9.535194E-07
0.64807	 0.000000E+00	 1.259385E-03	 5.290222E-04	 9.865733E-04	 1.932900E-04	-7.784505E-06	-3.370646E-04	-3.663027E-04	-3.209315E-04	-2.208975E-04	-1.313544E-04	-6.565797E-05	-2.717803E-05	-7.813647E-06	-4.001752E-07	 1.010381E-06
0.65192	 0.000000E+00	 1.274233E-03	 5.425737E-04	 1.023934E-03	 2.228541E-04	 1.896464E-05	-3.297064E-04	-3.695986E-04	-3.315928E-04	-2.323141E-04	-1.407267E-04	-7.181838E-05	-3.057096E-05	-9.278271E-06	-7.987365E-07	 1.049855E-06
0.65574	 0.000000E+00	 1.286950E-03	 5.539941E-04	 1.058796E-03	 2.515699E-04	 4.638974E-05	-3.212350E-04	-3.718814E-04	-3.417873E-04	-2.437311E-04	-1.503899E-04	-7.833169E-05	-3.425952E-05	-1.093510E-05	-1.293291E-06	 1.060416E-06
0.65955	 0.000000E+00	 1.297661E-03	 5.633880E-04	 1.091500E-03	 2.796617E-04	 7.460576E-05	-3.116268E-04	-3.731467E-04	-3.515151E-04	-2.551445E-04	-1.603472E-04	-8.520934E-05	-3.825838E-05	-1.279671E-05	-1.893288E-06	 1.036025E-06
0.66332	 0.000000E+00	 1.307808E-03	 5.732074E-04	 1.123408E-03	 3.077714E-04	 1.037858E-04	-3.009085E-04	-3.734573E-04	-3.608220E-04	-2.665758E-04	-1.706118E-04	-9.246521E-05	-4.258412E-05	-1.487889E-05	-2.610887E-06	 9.695476E-07
0.66708	 0.000000E+00	 1.316048E-03	 5.803374E-04	 1.154116E-03	 3.358913E-04	 1.340867E-04	-2.890166E-04	-3.727687E-04	-3.697053E-04	-2.780258E-04	-1.811877E-04	-1.001101E-04	-4.725379E-05	-1.719737E-05	-3.456697E-06	 8.554557E-07
0.67082	 0.000000E+00	 1.323494E-03	 5.867763E-04	 1.184346E-03	 3.642054E-04	 1.654641E-04	-2.760609E-04	-3.711437E-04	-3.781917E-04	-2.895000E-04	-1.920810E-04	-1.081548E-04	-5.228260E-05	-1.976782E-05	-4.443718E-06	 6.857665E-07
0.67454	 0.000000E+00	 1.330550E-03	 5.930704E-04	 1.214913E-03	 3.934564E-04	 1.982604E-04	-2.618436E-04	-3.684933E-04	-3.862248E-04	-3.009590E-04	-2.032721E-04	-1.165995E-04	-5.768319E-05	-2.260704E-05	-5.588071E-06	 4.481373E-07
0.67823	 0.000000E+00	 1.355615E-03	 6.392515E-04	 1.257004E-03	 4.269343E-04	 2.318954E-04	-2.476196E-04	-3.659618E-04	-3.944658E-04	-3.127935E-04	-2.150106E-04	-1.255827E-04	-6.351684E-05	-2.574775E-05	-6.914553E-06	 1.265570E-07
0.68191	 0.000000E+00	 1.360917E-03	 6.453784E-04	 1.287528E-03	 4.578114E-04	 2.674156E-04	-2.306985E-04	-3.610231E-04	-4.013709E-04	-3.240700E-04	-2.267223E-04	-1.348219E-04	-6.970359E-05	-2.918197E-05	-8.422331E-06	-2.780168E-07
0.68557	 0.000000E+00	 1.363275E-03	 6.484411E-04	 1.313989E-03	 4.864258E-04	 3.027946E-04	-2.129334E-04	-3.548315E-04	-4.073910E-04	-3.349558E-04	-2.385019E-04	-1.443572E-04	-7.624731E-05	-3.291688E-05	-1.013077E-05	-7.831958E-07
0.68920	 0.000000E+00	 1.362899E-03	 6.488287E-04	 1.336900E-03	 5.131851E-04	 3.382587E-04	-1.942514E-04	-3.473840E-04	-4.125468E-04	-3.454643E-04	-2.503624E-04	-1.542043E-04	-8.316670E-05	-3.697028E-05	-1.205586E-05	-1.401908E-06
0.69282	 0.000000E+00	 1.359156E-03	 6.445575E-04	 1.356578E-03	 5.387059E-04	 3.742445E-04	-1.744094E-04	-3.385782E-04	-4.168137E-04	-3.555891E-04	-2.623020E-04	-1.643703E-04	-9.047869E-05	-4.136218E-05	-1.421554E-05	-2.147409E-06
0.69642	 0.000000E+00	 1.354448E-03	 6.409688E-04	 1.374513E-03	 5.633836E-04	 4.105459E-04	-1.536361E-04	-3.285544E-04	-4.202072E-04	-3.652889E-04	-2.742737E-04	-1.748232E-04	-9.817121E-05	-4.609735E-05	-1.662364E-05	-3.034027E-06
0.70000	 0.000000E+00	 1.347649E-03	 6.354618E-04	 1.390073E-03	 5.870614E-04	 4.471857E-04	-1.318671E-04	-3.172260E-04	-4.226516E-04	-3.744934E-04	-2.862236E-04	-1.855338E-04	-1.062397E-04	-5.118476E-05	-1.929375E-05	-4.074392E-06
0.70356	 0.000000E+00	 1.338833E-03	 6.283179E-04	 1.403310E-03	 6.097334E-04	 4.841271E-04	-1.091458E-04	-3.046103E-04	-4.241492E-04	-3.831940E-04	-2.981465E-04	-1.965043E-04	-1.146958E-04	-5.664153E-05	-2.224398E-05	-5.283410E-06
0.70711	 0.000000E+00	 1.326964E-03	 6.172068E-04	 1.413184E-03	 6.308071E-04	 5.210961E-04	-8.553277E-05	-2.906256E-04	-4.245561E-04	-3.912381E-04	-3.099171E-04	-2.076532E-04	-1.235015E-04	-6.246021E-05	-2.548333E-05	-6.674871E-06
0.71063	 0.000000E+00	 1.313714E-03	 6.061460E-04	 1.420965E-03	 6.507465E-04	 5.581062E-04	-6.116781E-05	-2.754165E-04	-4.239697E-04	-3.986777E-04	-3.215666E-04	-2.189994E-04	-1.326724E-04	-6.865711E-05	-2.902934E-05	-8.264493E-06
0.71414	 0.000000E+00	 1.298228E-03	 5.931380E-04	 1.426201E-03	 6.694975E-04	 5.952650E-04	-3.596010E-05	-2.589118E-04	-4.223603E-04	-4.054957E-04	-3.330884E-04	-2.305465E-04	-1.422231E-04	-7.525192E-05	-3.290208E-05	-1.006897E-05
0.71764	 0.000000E+00	 1.280316E-03	 5.781089E-04	 1.428235E-03	 6.864545E-04	 6.320880E-04	-1.011813E-05	-2.411158E-04	-4.195868E-04	-4.115054E-04	-3.443120E-04	-2.421711E-04	-1.520836E-04	-8.221792E-05	-3.710278E-05	-1.210161E-05
0.72111	 0.000000E+00	 1.258121E-03	 5.564617E-04	 1.425650E-03	 7.010797E-04	 6.685864E-04	 1.644760E-05	-2.219088E-04	-4.155859E-04	-4.166630E-04	-3.552104E-04	-2.538616E-04	-1.622595E-04	-8.956945E-05	-4.164812E-05	-1.437783E-05
0.72457	 0.000000E+00	 1.234886E-03	 5.368400E-04	 1.421004E-03	 7.143741E-04	 7.048460E-04	 4.354818E-05	-2.015490E-04	-4.105551E-04	-4.211049E-04	-3.658838E-04	-2.656833E-04	-1.727901E-04	-9.733434E-05	-4.656318E-05	-1.691900E-05
0.72801	 0.000000E+00	 1.208010E-03	 5.136977E-04	 1.411499E-03	 7.247464E-04	 7.401754E-04	 7.108117E-05	-1.798444E-04	-4.041718E-04	-4.245000E-04	-3.760506E-04	-2.774386E-04	-1.835605E-04	-1.054602E-04	-5.183578E-05	-1.973330E-05
0.73144	 0.000000E+00	 1.175703E-03	 4.852838E-04	 1.393656E-03	 7.290024E-04	 7.726616E-04	 9.805015E-05	-1.570479E-04	-3.963575E-04	-4.266543E-04	-3.855327E-04	-2.890004E-04	-1.945020E-04	-1.139212E-04	-5.746419E-05	-2.282448E-05
0.73485	 0.000000E+00	 1.097917E-03	 3.411382E-04	 1.331364E-03	 7.110470E-04	 7.995180E-04	 1.257718E-04	-1.300867E-04	-3.845382E-04	-4.255602E-04	-3.928463E-04	-2.993982E-04	-2.051162E-04	-1.224931E-04	-6.335605E-05	-2.616517E-05
0.73824	 0.000000E+00	 1.055756E-03	 3.003147E-04	 1.296002E-03	 7.019888E-04	 8.250611E-04	 1.505741E-04	-1.056092E-04	-3.738588E-04	-4.249025E-04	-4.005392E-04	-3.101740E-04	-2.161061E-04	-1.314592E-04	-6.964925E-05	-2.984766E-05
0.74162	 0.000000E+00	 1.014128E-03	 2.610553E-04	 1.263718E-03	 6.966959E-04	 8.533952E-04	 1.773686E-04	-7.957810E-05	-3.622531E-04	-4.237030E-04	-4.081183E-04	-3.211450E-04	-2.275191E-04	-1.409167E-04	-7.640094E-05	-3.388937E-05
0.74498	 0.000000E+00	 9.722517E-04	 2.227586E-04	 1.232251E-03	 6.928429E-04	 8.828928E-04	 2.052289E-04	-5.228072E-05	-3.496594E-04	-4.217536E-04	-4.153634E-04	-3.321380E-04	-2.392469E-04	-1.508164E-04	-8.360108E-05	-3.829232E-05
0.74833	 0.000000E+00	 9.217400E-04	 1.646997E-04	 1.190798E-03	 6.833321E-04	 9.101026E-04	 2.328144E-04	-2.365085E-05	-3.353951E-04	-4.181923E-04	-4.214760E-04	-3.425336E-04	-2.508823E-04	-1.609265E-04	-9.114169E-05	-4.302591E-05
0.75166	 0.000000E+00	 8.736825E-04	 1.208219E-04	 1.150192E-03	 6.732918E-04	 9.363496E-04	 2.600257E-04	 5.501007E-06	-3.203281E-04	-4.137983E-04	-4.271242E-04	-3.528212E-04	-2.627275E-04	-1.714203E-04	-9.912395E-05	-4.815099E-05
0.75498	 0.000000E+00	 8.213547E-04	 7.290304E-05	 1.104099E-03	 6.599271E-04	 9.612579E-04	 2.873002E-04	 3.587687E-05	-3.038919E-04	-4.081535E-04	-4.320163E-04	-3.628244E-04	-2.747011E-04	-1.822710E-04	-1.075492E-04	-5.367969E-05
0.75829	 0.000000E+00	 7.615472E-04	 1.764885E-05	 1.045451E-03	 6.363323E-04	 9.799148E-04	 3.118333E-04	 6.645511E-05	-2.859482E-04	-4.005870E-04	-4.353492E-04	-3.718401E-04	-2.862835E-04	-1.931492E-04	-1.162393E-04	-5.952532E-05
0.76158	 0.000000E+00	 6.427993E-04	-2.096314E-04	 9.184697E-04	 5.742323E-04	 9.854634E-04	 3.335486E-04	 1.011084E-04	-2.628846E-04	-3.880391E-04	-4.347494E-04	-3.781991E-04	-2.965503E-04	-2.035876E-04	-1.249720E-04	-6.559645E-05
0.76485	 0.000000E+00	 5.698905E-04	-2.817388E-04	 8.354404E-04	 5.305399E-04	 9.919700E-04	 3.520226E-04	 1.315666E-04	-2.425933E-04	-3.771126E-04	-4.353692E-04	-3.854544E-04	-3.074661E-04	-2.145791E-04	-1.342542E-04	-7.218283E-05
0.76811	 0.000000E+00	 4.983273E-04	-3.514898E-04	 7.568013E-04	 4.923240E-04	 1.001925E-03	 3.728721E-04	 1.637582E-04	-2.211507E-04	-3.652826E-04	-4.354259E-04	-3.924743E-04	-3.184998E-04	-2.259080E-04	-1.439845E-04	-7.922069E-05
0.77136	 0.000000E+00	 4.268585E-04	-4.195507E-04	 6.795107E-04	 4.561321E-04	 1.013117E-03	 3.945759E-04	 1.971088E-04	-1.987825E-04	-3.525504E-04	-4.348936E-04	-3.992434E-04	-3.296633E-04	-2.376052E-04	-1.541998E-04	-8.672395E-05
0.77460	 0.000000E+00	 3.390528E-04	-5.357280E-04	 5.816739E-04	 4.079086E-04	 1.019632E-03	 4.147695E-04	 2.319165E-04	-1.744523E-04	-3.376484E-04	-4.326519E-04	-4.048953E-04	-3.404124E-04	-2.493642E-04	-1.647550E-04	-9.464771E-05
0.77782	 0.000000E+00	 2.604338E-04	-6.109111E-04	 4.919872E-04	 3.621318E-04	 1.024140E-03	 4.328849E-04	 2.656467E-04	-1.501435E-04	-3.220279E-04	-4.296566E-04	-4.099747E-04	-3.509215E-04	-2.611902E-04	-1.756201E-04	-1.029910E-04
0.78102	 0.000000E+00	 1.792571E-04	-6.883137E-04	 3.991045E-04	 3.149764E-04	 1.027698E-03	 4.507621E-04	 3.002454E-04	-1.247403E-04	-3.050982E-04	-4.256312E-04	-4.143928E-04	-3.612481E-04	-2.731812E-04	-1.868781E-04	-1.118056E-04
0.78422	 0.000000E+00	 9.525749E-05	-7.670842E-04	 3.024003E-04	 2.657056E-04	 1.029823E-03	 4.680563E-04	 3.355982E-04	-9.833088E-05	-2.868958E-04	-4.206323E-04	-4.182093E-04	-3.714555E-04	-2.853965E-04	-1.985852E-04	-1.211347E-04
0.78740	 0.000000E+00	 5.425038E-06	-8.556145E-04	 1.962236E-04	 2.097746E-04	 1.027102E-03	 4.827742E-04	 3.707635E-04	-7.090165E-05	-2.668919E-04	-4.138520E-04	-4.205950E-04	-3.808291E-04	-2.973012E-04	-2.103895E-04	-1.307849E-04
0.79057	 0.000000E+00	-8.744849E-05	-9.421138E-04	 8.462332E-05	 1.496744E-04	 1.020749E-03	 4.953944E-04	 4.057839E-04	-4.273298E-05	-2.454674E-04	-4.057378E-04	-4.219480E-04	-3.896817E-04	-3.091156E-04	-2.224385E-04	-1.408520E-04
0.79373	 0.000000E+00	-1.854950E-04	-1.033797E-03	-3.468490E-05	 8.451710E-05	 1.010952E-03	 5.062979E-04	 4.411405E-04	-1.360937E-05	-2.225537E-04	-3.963757E-04	-4.224163E-04	-3.981938E-04	-3.210031E-04	-2.348665E-04	-1.514335E-04
0.79687	 0.000000E+00	-2.885974E-04	-1.129253E-03	-1.637884E-04	 1.151764E-05	 9.939194E-04	 5.128022E-04	 4.748769E-04	 1.595480E-05	-1.978273E-04	-3.848042E-04	-4.208510E-04	-4.052478E-04	-3.320504E-04	-2.470122E-04	-1.621140E-04
0.80000	 0.000000E+00	-4.011823E-04	-1.247610E-03	-3.081175E-04	-7.193461E-05	 9.701944E-04	 5.154886E-04	 5.080305E-04	 4.635932E-05	-1.711663E-04	-3.711761E-04	-4.174924E-04	-4.111395E-04	-3.425184E-04	-2.590781E-04	-1.730318E-04
0.80312	 0.000000E+00	-5.139295E-04	-1.351166E-03	-4.514002E-04	-1.542560E-04	 9.473441E-04	 5.184438E-04	 5.426782E-04	 7.754922E-05	-1.436274E-04	-3.573505E-04	-4.143296E-04	-4.176957E-04	-3.538755E-04	-2.721592E-04	-1.849321E-04
0.80623	 0.000000E+00	-6.291851E-04	-1.457035E-03	-5.985700E-04	-2.381806E-04	 9.227566E-04	 5.200508E-04	 5.776982E-04	 1.094992E-04	-1.145934E-04	-3.421016E-04	-4.099714E-04	-4.236138E-04	-3.650706E-04	-2.854975E-04	-1.973443E-04
0.80932	 0.000000E+00	-7.419164E-04	-1.557171E-03	-7.404322E-04	-3.141845E-04	 9.027534E-04	 5.245074E-04	 6.149954E-04	 1.428209E-04	-8.420616E-05	-3.258156E-04	-4.048181E-04	-4.292109E-04	-3.763196E-04	-2.992257E-04	-2.103783E-04
0.81240	 0.000000E+00	-8.031029E-04	-1.414571E-03	-7.909023E-04	-3.250090E-04	 9.129882E-04	 5.445959E-04	 6.567934E-04	 1.753322E-04	-5.683979E-05	-3.140539E-04	-4.043473E-04	-4.389927E-04	-3.910581E-04	-3.158006E-04	-2.256550E-04
0.81548	 0.000000E+00	-9.191940E-04	-1.507037E-03	-9.266599E-04	-3.853736E-04	 9.066574E-04	 5.599903E-04	 7.044548E-04	 2.145287E-04	-2.224513E-05	-2.961636E-04	-3.992491E-04	-4.462033E-04	-4.047160E-04	-3.323317E-04	-2.413829E-04
0.81854	 0.000000E+00	-1.050882E-03	-1.616530E-03	-1.092798E-03	-4.727969E-04	 8.786725E-04	 5.608741E-04	 7.456563E-04	 2.523383E-04	 1.476632E-05	-2.745171E-04	-3.902026E-04	-4.502232E-04	-4.161727E-04	-3.477104E-04	-2.567676E-04
0.82158	 0.000000E+00	-1.194999E-03	-1.735523E-03	-1.279537E-03	-5.753842E-04	 8.398062E-04	 5.552556E-04	 7.857856E-04	 2.909258E-04	 5.440921E-05	-2.503774E-04	-3.789857E-04	-4.529655E-04	-4.270870E-04	-3.632474E-04	-2.728058E-04
0.82462	 0.000000E+00	-1.328399E-03	-1.758742E-03	-1.440956E-03	-6.573558E-04	 8.091663E-04	 5.545820E-04	 8.291152E-04	 3.309389E-04	 9.528314E-05	-2.262178E-04	-3.683271E-04	-4.568439E-04	-4.394115E-04	-3.804179E-04	-2.905225E-04
0.82765	 0.000000E+00	-1.487866E-03	-1.885373E-03	-1.648888E-03	-7.681530E-04	 7.638474E-04	 5.467066E-04	 8.731673E-04	 3.736608E-04	 1.409183E-04	-1.973402E-04	-3.535206E-04	-4.579721E-04	-4.501842E-04	-3.971246E-04	-3.085016E-04
0.83066	 0.000000E+00	-1.655222E-03	-2.020050E-03	-1.873406E-03	-8.907095E-04	 7.065073E-04	 5.300521E-04	 9.136677E-04	 4.153913E-04	 1.885589E-04	-1.656514E-04	-3.356148E-04	-4.567404E-04	-4.593948E-04	-4.132111E-04	-3.266199E-04
0.83367	 0.000000E+00	-1.815643E-03	-2.140925E-03	-2.083960E-03	-9.901974E-04	 6.637100E-04	 5.247393E-04	 9.623442E-04	 4.616953E-04	 2.394031E-04	-1.324707E-04	-3.169668E-04	-4.557465E-04	-4.693216E-04	-4.304580E-04	-3.462759E-04
0.83666	 0.000000E+00	-1.855518E-03	-1.551450E-03	-2.024559E-03	-8.769794E-04	 7.204457E-04	 5.790123E-04	 1.028408E-03	 5.102704E-04	 2.833909E-04	-1.104979E-04	-3.103777E-04	-4.651162E-04	-4.876816E-04	-4.543172E-04	-3.710956E-04
0.83964	 0.000000E+00	-2.011483E-03	-1.637025E-03	-2.206314E-03	-9.229939E-04	 7.120237E-04	 6.047927E-04	 1.099397E-03	 5.709183E-04	 3.443724E-04	-7.138873E-05	-2.888308E-04	-4.639818E-04	-4.993073E-04	-4.745349E-04	-3.941909E-04
0.84261	 0.000000E+00	-2.203919E-03	-1.762688E-03	-2.460937E-03	-1.038085E-03	 6.457776E-04	 5.885454E-04	 1.147418E-03	 6.212793E-04	 4.057851E-04	-2.718165E-05	-2.599025E-04	-4.558004E-04	-5.051121E-04	-4.908352E-04	-4.150975E-04
0.84558	 0.000000E+00	-2.418436E-03	-1.903059E-03	-2.755200E-03	-1.181498E-03	 5.535471E-04	 5.558542E-04	 1.187961E-03	 6.695848E-04	 4.701031E-04	 2.123057E-05	-2.260059E-04	-4.435104E-04	-5.076941E-04	-5.052383E-04	-4.354800E-04
0.84853	 0.000000E+00	-2.574368E-03	-1.543091E-03	-2.879583E-03	-1.178648E-03	 5.270518E-04	 5.666007E-04	 1.243299E-03	 7.230292E-04	 5.333967E-04	 6.473725E-05	-1.982840E-04	-4.371509E-04	-5.155221E-04	-5.242743E-04	-4.599887E-04
0.85147	 0.000000E+00	-2.810697E-03	-1.676754E-03	-3.194913E-03	-1.308072E-03	 4.370690E-04	 5.449092E-04	 1.296177E-03	 7.821420E-04	 6.095343E-04	 1.223819E-04	-1.571270E-04	-4.207288E-04	-5.163254E-04	-5.392514E-04	-4.825370E-04
0.85440	 0.000000E+00	-3.078428E-03	-1.843901E-03	-3.574195E-03	-1.492801E-03	 2.953686E-04	 4.845763E-04	 1.326506E-03	 8.295443E-04	 6.847692E-04	 1.838934E-04	-1.090491E-04	-3.973526E-04	-5.109543E-04	-5.498895E-04	-5.025631E-04
0.85732	 0.000000E+00	-3.353634E-03	-2.004532E-03	-3.966804E-03	-1.671620E-03	 1.484743E-04	 4.240564E-04	 1.357513E-03	 8.786387E-04	 7.639452E-04	 2.492814E-04	-5.665411E-05	-3.706465E-04	-5.028550E-04	-5.589723E-04	-5.223538E-04
0.86023	 0.000000E+00	-3.524658E-03	-1.191754E-03	-4.006972E-03	-1.529741E-03	 1.579150E-04	 4.726189E-04	 1.429669E-03	 9.456685E-04	 8.426855E-04	 3.046481E-04	-1.826344E-05	-3.575693E-04	-5.069007E-04	-5.783504E-04	-5.507402E-04
0.86313	 0.000000E+00	-3.810424E-03	-1.313533E-03	-4.390562E-03	-1.644647E-03	 4.121687E-05	 4.514705E-04	 1.488147E-03	 1.016218E-03	 9.396523E-04	 3.830370E-04	 4.360139E-05	-3.254747E-04	-4.964147E-04	-5.879696E-04	-5.729900E-04
0.86603	 0.000000E+00	-4.149520E-03	-1.495437E-03	-4.886071E-03	-1.866154E-03	-1.762250E-04	 3.517088E-04	 1.494420E-03	 1.056124E-03	 1.026310E-03	 4.624023E-04	 1.142625E-04	-2.819883E-04	-4.741136E-04	-5.877830E-04	-5.879742E-04
0.86891	 0.000000E+00	-4.514050E-03	-1.684313E-03	-5.430278E-03	-2.114038E-03	-4.319419E-04	 2.276142E-04	 1.482826E-03	 1.086863E-03	 1.111718E-03	 5.444860E-04	 1.909580E-04	-2.319406E-04	-4.449708E-04	-5.820208E-04	-5.992317E-04
0.87178	 0.000000E+00	-4.806789E-03	-8.482530E-04	-5.623370E-03	-2.013995E-03	-5.199971E-04	 2.299989E-04	 1.520796E-03	 1.143820E-03	 1.201204E-03	 6.195372E-04	 2.552506E-04	-1.947655E-04	-4.277001E-04	-5.867022E-04	-6.194739E-04
0.87464	 0.000000E+00	-5.198459E-03	-1.010511E-03	-6.190355E-03	-2.212410E-03	-7.696980E-04	 1.347823E-04	 1.525535E-03	 1.191454E-03	 1.302791E-03	 7.157753E-04	 3.445223E-04	-1.352145E-04	-3.913898E-04	-5.771154E-04	-6.295889E-04
0.87750	 0.000000E+00	-5.648498E-03	-1.245334E-03	-6.885939E-03	-2.535179E-03	-1.144712E-03	-6.114716E-05	 1.456140E-03	 1.191437E-03	 1.381916E-03	 8.056616E-04	 4.396593E-04	-6.395032E-05	-3.405152E-04	-5.539210E-04	-6.282818E-04
0.88034	 0.000000E+00	-6.120204E-03	-1.478445E-03	-7.627720E-03	-2.880642E-03	-1.566842E-03	-2.888299E-04	 1.355312E-03	 1.171818E-03	 1.450449E-03	 8.924251E-04	 5.377104E-04	 1.353214E-05	-2.810213E-04	-5.221488E-04	-6.196027E-04
0.88318	 0.000000E+00	-6.534820E-03	-4.927312E-04	-7.954000E-03	-2.786882E-03	-1.774872E-03	-3.463379E-04	 1.320568E-03	 1.190711E-03	 1.524656E-03	 9.715581E-04	 6.204517E-04	 7.561936E-05	-2.354725E-04	-5.020816E-04	-6.204343E-04
0.88600	 0.000000E+00	-7.030080E-03	-6.952588E-04	-8.716778E-03	-3.067617E-03	-2.195469E-03	-5.408255E-04	 1.228201E-03	 1.184140E-03	 1.603259E-03	 1.069124E-03	 7.292260E-04	 1.631188E-04	-1.663406E-04	-4.629126E-04	-6.064849E-04
0.88882	 0.000000E+00	-7.588825E-03	-9.941273E-04	-9.629953E-03	-3.502118E-03	-2.774427E-03	-8.670040E-04	 1.031582E-03	 1.106035E-03	 1.641149E-03	 1.148066E-03	 8.370721E-04	 2.598899E-04	-8.164372E-05	-4.072210E-04	-5.769754E-04
0.89163	 0.000000E+00	-8.149933E-03	-1.276247E-03	-1.055875E-02	-3.935282E-03	-3.389645E-03	-1.217705E-03	 7.937205E-04	 9.998816E-04	 1.654732E-03	 1.214041E-03	 9.394739E-04	 3.589673E-04	 1.078703E-05	-3.407943E-04	-5.358867E-04
0.89443	 0.000000E+00	-8.651763E-03	 3.676103E-04	-1.081449E-02	-3.625349E-03	-3.614709E-03	-1.244426E-03	 6.965510E-04	 9.853392E-04	 1.689812E-03	 1.275317E-03	 1.017033E-03	 4.306153E-04	 7.559947E-05	-2.979875E-04	-5.139374E-04
0.89722	 0.000000E+00	-9.230098E-03	 1.269623E-04	-1.174072E-02	-3.940440E-03	-4.194600E-03	-1.515640E-03	 4.867864E-04	 9.106587E-04	 1.716254E-03	 1.353079E-03	 1.126120E-03	 5.357686E-04	 1.739137E-04	-2.261558E-04	-4.678917E-04
0.90000	 0.000000E+00	-9.928072E-03	-3.219201E-04	-1.294263E-02	-4.567253E-03	-5.062326E-03	-2.031252E-03	 8.317898E-05	 7.015863E-04	 1.658506E-03	 1.387831E-03	 1.223101E-03	 6.492511E-04	 2.929697E-04	-1.288706E-04	-3.955115E-04
0.90277	 0.000000E+00	-1.067746E-02	-8.534569E-04	-1.426025E-02	-5.330918E-03	-6.065207E-03	-2.651328E-03	-4.250793E-04	 4.281383E-04	 1.549696E-03	 1.399204E-03	 1.310299E-03	 7.681222E-04	 4.247299E-04	-1.310603E-05	-3.028582E-04
0.90554	 0.000000E+00	-1.139034E-02	 7.604690E-04	-1.485653E-02	-5.245241E-03	-6.618208E-03	-2.875173E-03	-7.496155E-04	 2.853642E-04	 1.480291E-03	 1.417685E-03	 1.374894E-03	 8.580869E-04	 5.233201E-04	 7.291461E-05	-2.354421E-04
0.90830	 0.000000E+00	-1.213247E-02	 3.186230E-04	-1.613018E-02	-5.827957E-03	-7.556393E-03	-3.390412E-03	-1.226996E-03	 3.971952E-05	 1.368502E-03	 1.424330E-03	 1.450542E-03	 9.675830E-04	 6.488776E-04	 1.866771E-04	-1.413795E-04
0.91104	 0.000000E+00	-1.292718E-02	-2.779770E-04	-1.757389E-02	-6.655337E-03	-8.736767E-03	-4.151037E-03	-1.922853E-03	-3.835778E-04	 1.122523E-03	 1.340346E-03	 1.472979E-03	 1.054972E-03	 7.745735E-04	 3.151473E-04	-2.390590E-05
0.91378	 0.000000E+00	-1.364607E-02	-7.991114E-04	-1.888540E-02	-7.357386E-03	-9.828040E-03	-4.834598E-03	-2.604560E-03	-7.961373E-04	 8.581044E-04	 1.241383E-03	 1.473860E-03	 1.129100E-03	 8.881012E-04	 4.399202E-04	 9.509968E-05
0.91652	 0.000000E+00	-1.417334E-02	 3.693025E-03	-1.834895E-02	-5.851431E-03	-9.616344E-03	-4.328944E-03	-2.615536E-03	-7.012917E-04	 8.307947E-04	 1.264545E-03	 1.483441E-03	 1.166694E-03	 9.274312E-04	 4.833139E-04	 1.324067E-04
0.91924	 0.000000E+00	-1.477645E-02	 3.329325E-03	-1.934382E-02	-6.058897E-03	-1.031767E-02	-4.564254E-03	-3.004319E-03	-8.617737E-04	 7.015317E-04	 1.262598E-03	 1.519534E-03	 1.250772E-03	 1.030314E-03	 5.923655E-04	 2.322211E-04
0.92195	 0.000000E+00	-1.561391E-02	 2.540239E-03	-2.088374E-02	-7.018505E-03	-1.167405E-02	-5.439952E-03	-3.908638E-03	-1.438803E-03	 2.699842E-04	 1.052781E-03	 1.429873E-03	 1.272567E-03	 1.119535E-03	 7.187449E-04	 3.696319E-04
0.92466	 0.000000E+00	-1.664309E-02	 1.549056E-03	-2.281430E-02	-8.544608E-03	-1.353016E-02	-6.803587E-03	-5.222397E-03	-2.346085E-03	-4.149250E-04	 6.629256E-04	 1.220807E-03	 1.227325E-03	 1.178682E-03	 8.449096E-04	 5.266042E-04
0.92736	 0.000000E+00	-1.778391E-02	-7.564473E-04	-2.529370E-02	-1.079953E-02	-1.586245E-02	-8.632771E-03	-6.883670E-03	-3.540932E-03	-1.312489E-03	 1.173653E-04	 9.056362E-04	 1.116553E-03	 1.203040E-03	 9.630258E-04	 6.940370E-04
0.93005	 0.000000E+00	-1.894653E-02	-1.929573E-03	-2.749181E-02	-1.271737E-02	-1.807774E-02	-1.037535E-02	-8.569771E-03	-4.786156E-03	-2.306221E-03	-5.273722E-04	 4.900039E-04	 9.217219E-04	 1.154969E-03	 1.029077E-03	 8.263875E-04
0.93274	 0.000000E+00	-2.025529E-02	-3.253924E-03	-2.996189E-02	-1.473710E-02	-2.046803E-02	-1.220797E-02	-1.035811E-02	-6.108364E-03	-3.375797E-03	-1.233649E-03	 1.944747E-05	 6.823381E-04	 1.069412E-03	 1.067952E-03	 9.400523E-04
0.93541	 0.000000E+00	-2.193555E-02	-4.688982E-03	-3.313709E-02	-1.723304E-02	-2.350240E-02	-1.450819E-02	-1.257000E-02	-7.749549E-03	-4.693783E-03	-2.115164E-03	-5.689507E-04	 3.690359E-04	 9.440280E-04	 1.089160E-03	 1.052961E-03
0.93808	 0.000000E+00	-2.421081E-02	-9.232948E-03	-3.824659E-02	-2.166347E-02	-2.815189E-02	-1.820844E-02	-1.586139E-02	-1.024496E-02	-6.604919E-03	-3.414564E-03	-1.411357E-03	-9.326338E-05	 7.565240E-04	 1.101800E-03	 1.195859E-03
0.94074	 0.000000E+00	-2.661921E-02	-1.115939E-02	-4.301410E-02	-2.534807E-02	-3.280481E-02	-2.180602E-02	-1.931588E-02	-1.288859E-02	-8.743036E-03	-4.927954E-03	-2.459691E-03	-7.234728E-04	 4.243213E-04	 1.005615E-03	 1.258666E-03
0.94340	 0.000000E+00	-2.893959E-02	-1.289292E-02	-4.756155E-02	-2.854787E-02	-3.720237E-02	-2.510473E-02	-2.264760E-02	-1.544690E-02	-1.089784E-02	-6.495290E-03	-3.606319E-03	-1.457385E-03	-1.603234E-05	 8.151843E-04	 1.239838E-03
0.94604	 0.000000E+00	-3.120960E-02	-1.422789E-02	-5.193461E-02	-3.142368E-02	-4.150621E-02	-2.829169E-02	-2.601236E-02	-1.806031E-02	-1.318631E-02	-8.206971E-03	-4.920301E-03	-2.342794E-03	-5.922409E-04	 5.141571E-04	 1.133216E-03
0.94868	 0.000000E+00	-3.381571E-02	-1.704836E-02	-5.743897E-02	-3.529938E-02	-4.687397E-02	-3.236364E-02	-3.019027E-02	-2.134558E-02	-1.603505E-02	-1.036649E-02	-6.586116E-03	-3.491402E-03	-1.356685E-03	 8.747007E-05	 9.504454E-04
0.95131	 0.000000E+00	-3.714372E-02	-1.901873E-02	-6.425583E-02	-3.965629E-02	-5.373108E-02	-3.736811E-02	-3.551223E-02	-2.548455E-02	-1.966994E-02	-1.313428E-02	-8.744862E-03	-5.002809E-03	-2.393787E-03	-5.267775E-04	 6.424434E-04
0.95394	 0.000000E+00	-4.108819E-02	-2.159597E-02	-7.262637E-02	-4.490048E-02	-6.227269E-02	-4.346896E-02	-4.213172E-02	-3.059279E-02	-2.420998E-02	-1.660616E-02	-1.149955E-02	-6.968418E-03	-3.782940E-03	-1.393209E-03	 1.582616E-04
0.95656	 0.000000E+00	-4.499250E-02	-2.391437E-02	-8.102786E-02	-5.034343E-02	-7.137390E-02	-5.010993E-02	-4.947675E-02	-3.638789E-02	-2.948864E-02	-2.075532E-02	-1.491272E-02	-9.497254E-03	-5.642495E-03	-2.637178E-03	-6.113955E-04
0.95917	 0.000000E+00	-4.807523E-02	-3.473131E-02	-9.131733E-02	-5.972713E-02	-8.267082E-02	-5.945362E-02	-5.879026E-02	-4.413942E-02	-3.627314E-02	-2.626447E-02	-1.939505E-02	-1.292868E-02	-8.172077E-03	-4.405111E-03	-1.737003E-03
0.96177	 0.000000E+00	-5.063405E-02	-3.636541E-02	-9.815851E-02	-6.449161E-02	-9.176565E-02	-6.647834E-02	-6.705091E-02	-5.101868E-02	-4.278553E-02	-3.173680E-02	-2.410139E-02	-1.668708E-02	-1.115383E-02	-6.639377E-03	-3.341740E-03
0.96437	 0.000000E+00	-5.190908E-02	-3.705790E-02	-1.029810E-01	-6.683574E-02	-9.920833E-02	-7.154586E-02	-7.411400E-02	-5.675931E-02	-4.860968E-02	-3.671111E-02	-2.858264E-02	-2.037970E-02	-1.423841E-02	-9.077328E-03	-5.227278E-03
0.96695	 0.000000E+00	-5.139216E-02	-3.639557E-02	-1.048051E-01	-6.629697E-02	-1.042325E-01	-7.416359E-02	-7.946405E-02	-6.099837E-02	-5.344170E-02	-4.095451E-02	-3.267167E-02	-2.388996E-02	-1.734253E-02	-1.168004E-02	-7.372309E-03
0.96954	 0.000000E+00	-4.916599E-02	-2.812568E-02	-1.009878E-01	-5.940066E-02	-1.042918E-01	-7.176517E-02	-8.112576E-02	-6.193788E-02	-5.589285E-02	-4.328997E-02	-3.549284E-02	-2.651177E-02	-1.997810E-02	-1.409894E-02	-9.568891E-03
0.97211	 0.000000E+00	-4.331303E-02	-2.396666E-02	-9.321771E-02	-5.101237E-02	-1.011940E-01	-6.674949E-02	-8.010577E-02	-6.066468E-02	-5.633179E-02	-4.403360E-02	-3.704980E-02	-2.819017E-02	-2.192333E-02	-1.613394E-02	-1.153779E-02
0.97468	 0.000000E+00	-3.390485E-02	-1.730548E-02	-7.911707E-02	-3.828519E-02	-9.335284E-02	-5.753564E-02	-7.544768E-02	-5.636626E-02	-5.413462E-02	-4.274051E-02	-3.695596E-02	-2.862132E-02	-2.296000E-02	-1.763017E-02	-1.316729E-02
0.97724	 0.000000E+00	-1.886849E-02	-9.227264E-03	-5.593183E-02	-2.024764E-02	-7.866336E-02	-4.246646E-02	-6.537627E-02	-4.753942E-02	-4.776834E-02	-3.816244E-02	-3.399946E-02	-2.679270E-02	-2.220389E-02	-1.789168E-02	-1.386619E-02
0.97980	 0.000000E+00	 7.084826E-03	-3.726207E-03	-1.658917E-02	 4.967188E-03	-5.063695E-02	-1.759289E-02	-4.441672E-02	-3.013361E-02	-3.282847E-02	-2.691159E-02	-2.484756E-02	-2.006343E-02	-1.728617E-02	-1.506207E-02	-1.204205E-02
0.98234	 0.000000E+00	 4.821602E-02	 1.665006E-02	 5.457654E-02	 5.293565E-02	 8.165169E-03	 3.225939E-02	 2.722628E-03	 9.016555E-03	 2.960996E-03	 1.353134E-03	-1.799578E-04	-7.204157E-04	-1.644659E-03	-3.763722E-03	-3.364239E-03
0.98489	 0.000000E+00	 1.146476E-01	 5.539040E-02	 1.759794E-01	 1.362390E-01	 1.169851E-01	 1.231779E-01	 9.442634E-02	 8.560117E-02	 7.563063E-02	 6.029815E-02	 5.301570E-02	 4.231902E-02	 3.475748E-02	 2.445666E-02	 1.953626E-02
0.98742	 0.000000E+00	 2.273601E-01	 1.111231E-01	 3.815866E-01	 2.719742E-01	 3.084779E-01	 2.793464E-01	 2.611949E-01	 2.241447E-01	 2.120065E-01	 1.720001E-01	 1.568071E-01	 1.275604E-01	 1.092644E-01	 8.415357E-02	 6.977182E-02
0.98995	 0.000000E+00	 4.227621E-01	 2.176954E-01	 7.472442E-01	 5.132993E-01	 6.605418E-01	 5.625423E-01	 5.754520E-01	 4.845624E-01	 4.748623E-01	 3.888655E-01	 3.626334E-01	 2.981965E-01	 2.620037E-01	 2.090362E-01	 1.773812E-01
0.99247	 0.000000E+00	 7.873703E-01	 3.880533E-01	 1.418417E+00	 9.372488E-01	 1.316526E+00	 1.076736E+00	 1.172739E+00	 9.760202E-01	 9.844947E-01	 8.101253E-01	 7.716109E-01	 6.385864E-01	 5.738837E-01	 4.670716E-01	 4.046564E-01
0.99499	 0.000000E+00	 1.472376E+00	 6.923097E-01	 2.665834E+00	 1.701015E+00	 2.553814E+00	 2.026451E+00	 2.318759E+00	 1.916022E+00	 1.978998E+00	 1.632449E+00	 1.586860E+00	 1.316441E+00	 1.208937E+00	 9.962055E-01	 8.796559E-01
0.99750	 0.000000E+00	 2.497405E+00	 1.085690E+00	 4.475686E+00	 2.745302E+00	 4.372716E+00	 3.384217E+00	 4.038355E+00	 3.319866E+00	 3.505780E+00	 2.897338E+00	 2.875742E+00	 2.387082E+00	 2.242484E+00	 1.863433E+00	 1.678114E+00
1.00000	 0.000000E+00	 3.620171E+00	 1.472297E+00	 6.450388E+00	 3.839195E+00	 6.362661E+00	 4.846532E+00	 5.934829E+00	 4.862749E+00	 5.208179E+00	 4.307876E+00	 4.332206E+00	 3.599023E+00	 3.426653E+00	 2.862828E+00	 2.607284E+00
