r	   0/   0	   1/   0	   2/   0	   3/   0	   4/   0	   5/   0	   6/   0	   7/   0	   8/   0	   9/   0	  10/   0	  11/   0	  12/   0	  13/   0	  14/   0	  15/   0
0.07071	 0.000000E+00	 4.740163E-02	 2.342800E-01	 6.567148E-03	 3.472249E-03	-4.726777E-04	-1.172874E-03	 1.660667E-04	 1.311960E-04	-2.095637E-05	-1.155727E-06	-8.471312E-06	-3.990030E-06	 2.016860E-06	 7.772021E-07	-1.707203E-07
0.10000	 0.000000E+00	 7.040879E-02	 2.461971E-01	 9.791999E-03	 2.247199E-03	-6.601487E-04	-1.598131E-03	 6.139201E-05	 2.297286E-04	-2.389048E-05	-1.558109E-05	-6.831215E-06	-4.583832E-06	 1.693462E-06	 1.395510E-06	-1.692905E-07
0.12247	 0.000000E+00	 8.659100E-02	 2.449997E-01	 1.253649E-02	 1.342423E-03	-7.374155E-04	-1.360731E-03	-9.428017E-06	 2.393355E-04	-2.272340E-05	-3.829894E-05	-3.973308E-06	-1.504087E-06	 1.260329E-06	 1.395657E-06	-2.026335E-07
0.14142	 0.000000E+00	 1.064265E-01	 2.485954E-01	 1.510710E-02	-1.548244E-04	-7.067950E-04	-9.672307E-04	-5.309183E-05	 2.171961E-04	-2.165747E-05	-4.892276E-05	-2.664103E-07	 3.538011E-06	 1.392740E-06	 8.230529E-07	-1.766737E-07
0.15811	 0.000000E+00	 1.242224E-01	 2.526909E-01	 1.854859E-02	-1.220525E-03	-1.027686E-03	-7.652640E-04	-5.336441E-05	 1.846187E-04	-1.581057E-05	-5.332715E-05	-1.540817E-06	 6.938647E-06	 1.591227E-06	 1.114082E-07	 2.572724E-08
0.17321	 0.000000E+00	 1.389917E-01	 2.571451E-01	 2.189594E-02	-2.021052E-03	-1.388037E-03	-6.852455E-04	-8.301500E-05	 1.447692E-04	-3.175328E-06	-4.909134E-05	-3.676851E-06	 7.701051E-06	 1.255061E-06	-5.579328E-07	 2.502662E-07
0.18708	 0.000000E+00	 1.496372E-01	 2.615806E-01	 2.479804E-02	-2.688364E-03	-1.771829E-03	-6.872843E-04	-1.205130E-04	 1.047065E-04	 4.434667E-06	-4.109115E-05	-4.557030E-06	 7.127205E-06	 8.104937E-07	-1.153196E-06	 3.560644E-07
0.20000	 0.000000E+00	 1.557037E-01	 2.655298E-01	 2.705361E-02	-3.296726E-03	-2.165701E-03	-7.457426E-04	-1.605338E-04	 6.887857E-05	 7.097192E-06	-3.282927E-05	-4.838741E-06	 5.922768E-06	 5.212753E-07	-1.525835E-06	 3.561630E-07
0.21213	 0.000000E+00	 1.573205E-01	 2.686702E-01	 2.856925E-02	-3.899782E-03	-2.561722E-03	-8.381442E-04	-2.000310E-04	 3.784854E-05	 6.149606E-06	-2.570465E-05	-4.771803E-06	 4.506685E-06	 3.345927E-07	-1.672004E-06	 3.072251E-07
0.22361	 0.000000E+00	 1.557121E-01	 2.710104E-01	 2.943179E-02	-4.518154E-03	-2.949903E-03	-9.485459E-04	-2.392557E-04	 1.119551E-05	 3.231686E-06	-1.994751E-05	-4.368703E-06	 3.212002E-06	 2.118660E-07	-1.659394E-06	 2.474706E-07
0.23452	 0.000000E+00	 1.526920E-01	 2.728140E-01	 2.988678E-02	-5.141934E-03	-3.330704E-03	-1.069379E-03	-2.784086E-04	-1.196019E-05	-7.448264E-07	-1.545771E-05	-3.682525E-06	 2.192457E-06	 1.389724E-07	-1.556448E-06	 1.977423E-07
0.24495	 0.000000E+00	 1.503809E-01	 2.745647E-01	 3.029910E-02	-5.732723E-03	-3.709134E-03	-1.199960E-03	-3.193706E-04	-3.275164E-05	-5.099063E-06	-1.203427E-05	-2.849283E-06	 1.478475E-06	 1.127411E-07	-1.415740E-06	 1.649369E-07
0.25495	 0.000000E+00	 1.502518E-01	 2.766545E-01	 3.097646E-02	-6.252355E-03	-4.093982E-03	-1.343377E-03	-3.640035E-04	-5.236400E-05	-9.611917E-06	-9.572785E-06	-2.053722E-06	 1.013401E-06	 1.234485E-07	-1.274534E-06	 1.468283E-07
0.26458	 0.000000E+00	 1.523780E-01	 2.791754E-01	 3.200695E-02	-6.692491E-03	-4.497416E-03	-1.502432E-03	-4.118426E-04	-7.175504E-05	-1.471995E-05	-8.132277E-06	-1.455772E-06	 6.868961E-07	 1.430203E-07	-1.154192E-06	 1.393396E-07
0.27386	 0.000000E+00	 1.563575E-01	 2.820782E-01	 3.337357E-02	-7.057536E-03	-4.920843E-03	-1.677829E-03	-4.642219E-04	-9.153297E-05	-2.025131E-05	-7.614711E-06	-1.158985E-06	 4.392617E-07	 1.692558E-07	-1.063093E-06	 1.356594E-07
0.28284	 0.000000E+00	 1.614522E-01	 2.852225E-01	 3.498276E-02	-7.361164E-03	-5.360416E-03	-1.868603E-03	-5.223244E-04	-1.121398E-04	-2.603744E-05	-7.859164E-06	-1.179709E-06	 2.297766E-07	 1.996969E-07	-1.002366E-06	 1.309136E-07
0.29155	 0.000000E+00	 1.664131E-01	 2.883232E-01	 3.662571E-02	-7.637556E-03	-5.813020E-03	-2.071625E-03	-5.851656E-04	-1.337801E-04	-3.231240E-05	-8.735188E-06	-1.436457E-06	 1.355442E-08	 2.097441E-07	-9.689173E-07	 1.269480E-07
0.30000	 0.000000E+00	 1.703964E-01	 2.911552E-01	 3.813554E-02	-7.916607E-03	-6.272544E-03	-2.283207E-03	-6.524331E-04	-1.563687E-04	-3.894428E-05	-1.006748E-05	-1.851036E-06	-2.137935E-07	 1.964170E-07	-9.578806E-07	 1.249263E-07
0.30822	 0.000000E+00	 1.734058E-01	 2.937147E-01	 3.949471E-02	-8.203326E-03	-6.732474E-03	-2.501248E-03	-7.250399E-04	-1.799875E-04	-4.560376E-05	-1.165920E-05	-2.382992E-06	-4.397088E-07	 1.767408E-07	-9.628741E-07	 1.225053E-07
0.31623	 0.000000E+00	 1.756408E-01	 2.960420E-01	 4.072446E-02	-8.497323E-03	-7.190721E-03	-2.724720E-03	-8.029825E-04	-2.048023E-04	-5.233015E-05	-1.341291E-05	-2.980890E-06	-6.656615E-07	 1.499680E-07	-9.807991E-07	 1.196893E-07
0.32404	 0.000000E+00	 1.771991E-01	 2.981590E-01	 4.182669E-02	-8.802335E-03	-7.648939E-03	-2.952870E-03	-8.852178E-04	-2.309088E-04	-5.941646E-05	-1.530174E-05	-3.573633E-06	-8.995721E-07	 9.958281E-08	-1.010519E-06	 1.203378E-07
0.33166	 0.000000E+00	 1.785629E-01	 3.002109E-01	 4.288555E-02	-9.104952E-03	-8.107980E-03	-3.186336E-03	-9.719458E-04	-2.585215E-04	-6.691914E-05	-1.730166E-05	-4.158402E-06	-1.136202E-06	 3.496371E-08	-1.049281E-06	 1.223819E-07
0.33912	 0.000000E+00	 1.804548E-01	 3.024143E-01	 4.404807E-02	-9.377270E-03	-8.568387E-03	-3.427319E-03	-1.064189E-03	-2.879726E-04	-7.487168E-05	-1.945354E-05	-4.784703E-06	-1.369286E-06	-2.595861E-08	-1.096891E-06	 1.197404E-07
0.34641	 0.000000E+00	 1.832373E-01	 3.049356E-01	 4.540788E-02	-9.597728E-03	-9.032602E-03	-3.678392E-03	-1.162380E-03	-3.196865E-04	-8.359685E-05	-2.183512E-05	-5.460095E-06	-1.613159E-06	-9.279448E-08	-1.154086E-06	 1.124970E-07
0.35355	 0.000000E+00	 1.869601E-01	 3.078783E-01	 4.700490E-02	-9.751971E-03	-9.502390E-03	-3.941954E-03	-1.267102E-03	-3.540875E-04	-9.337876E-05	-2.451347E-05	-6.192091E-06	-1.882802E-06	-1.756251E-07	-1.221104E-06	 1.011411E-07
0.36056	 0.000000E+00	 1.915973E-01	 3.113041E-01	 4.886464E-02	-9.827467E-03	-9.977413E-03	-4.220160E-03	-1.379514E-03	-3.915745E-04	-1.043285E-04	-2.755398E-05	-7.024719E-06	-2.185093E-06	-2.697165E-07	-1.298399E-06	 8.211458E-08
0.36742	 0.000000E+00	 1.969545E-01	 3.151882E-01	 5.097043E-02	-9.822005E-03	-1.045666E-02	-4.513984E-03	-1.500389E-03	-4.324605E-04	-1.165575E-04	-3.101387E-05	-7.988198E-06	-2.530200E-06	-3.769082E-07	-1.386107E-06	 5.411695E-08
0.37417	 0.000000E+00	 2.026513E-01	 3.193711E-01	 5.324749E-02	-9.749996E-03	-1.093845E-02	-4.822143E-03	-1.629501E-03	-4.767306E-04	-1.301069E-04	-3.493871E-05	-9.097193E-06	-2.921240E-06	-5.026686E-07	-1.486836E-06	 1.714845E-08
0.38079	 0.000000E+00	 2.083034E-01	 3.236656E-01	 5.560784E-02	-9.631529E-03	-1.142049E-02	-5.142194E-03	-1.766276E-03	-5.242425E-04	-1.449080E-04	-3.933239E-05	-1.036513E-05	-3.357121E-06	-6.459179E-07	-1.602441E-06	-3.012509E-08
0.38730	 0.000000E+00	 2.135552E-01	 3.279153E-01	 5.796539E-02	-9.487132E-03	-1.190120E-02	-5.471670E-03	-1.910049E-03	-5.748917E-04	-1.608892E-04	-4.414914E-05	-1.178302E-05	-3.842887E-06	-8.082497E-07	-1.730846E-06	-8.665761E-08
0.39370	 0.000000E+00	 2.181594E-01	 3.320301E-01	 6.025618E-02	-9.332903E-03	-1.237999E-02	-5.808954E-03	-2.060383E-03	-6.285961E-04	-1.779839E-04	-4.934216E-05	-1.333455E-05	-4.378981E-06	-9.909170E-07	-1.870519E-06	-1.508586E-07
0.40000	 0.000000E+00	 2.220546E-01	 3.360189E-01	 6.246165E-02	-9.173804E-03	-1.285714E-02	-6.154114E-03	-2.217523E-03	-6.854446E-04	-1.961684E-04	-5.488227E-05	-1.500695E-05	-4.961768E-06	-1.193354E-06	-2.021328E-06	-2.220045E-07
0.40620	 0.000000E+00	 2.254310E-01	 3.400435E-01	 6.463414E-02	-8.995505E-03	-1.333368E-02	-6.509973E-03	-2.383077E-03	-7.460305E-04	-2.155714E-04	-6.076959E-05	-1.679699E-05	-5.595435E-06	-1.415316E-06	-2.180815E-06	-2.994577E-07
0.41231	 0.000000E+00	 2.286227E-01	 3.443087E-01	 6.686538E-02	-8.772647E-03	-1.380998E-02	-6.880512E-03	-2.559355E-03	-8.111914E-04	-2.364210E-04	-6.707116E-05	-1.873174E-05	-6.284339E-06	-1.653107E-06	-2.349190E-06	-3.859455E-07
0.41833	 0.000000E+00	 2.318947E-01	 3.489794E-01	 6.923186E-02	-8.482707E-03	-1.428653E-02	-7.269515E-03	-2.748543E-03	-8.818305E-04	-2.590595E-04	-7.388755E-05	-2.082719E-05	-7.033898E-06	-1.912510E-06	-2.529045E-06	-4.821120E-07
0.42426	 0.000000E+00	 2.353967E-01	 3.541294E-01	 7.177537E-02	-8.112629E-03	-1.476317E-02	-7.679175E-03	-2.952069E-03	-9.586417E-04	-2.838182E-04	-8.133385E-05	-2.309637E-05	-7.844870E-06	-2.201282E-06	-2.725198E-06	-5.879236E-07
0.43012	 0.000000E+00	 2.392751E-01	 3.597902E-01	 7.453444E-02	-7.649826E-03	-1.523819E-02	-8.110649E-03	-3.171150E-03	-1.042299E-03	-3.109891E-04	-8.952437E-05	-2.557404E-05	-8.719944E-06	-2.518721E-06	-2.941475E-06	-7.066924E-07
0.43589	 0.000000E+00	 2.437196E-01	 3.660657E-01	 7.757171E-02	-7.073059E-03	-1.570974E-02	-8.566352E-03	-3.407940E-03	-1.133984E-03	-3.410245E-04	-9.857754E-05	-2.829329E-05	-9.674034E-06	-2.867405E-06	-3.177289E-06	-8.402250E-07
0.44159	 0.000000E+00	 2.488074E-01	 3.729636E-01	 8.091665E-02	-6.369380E-03	-1.617498E-02	-9.047036E-03	-3.663741E-03	-1.234584E-03	-3.743404E-04	-1.086386E-04	-3.129203E-05	-1.071647E-05	-3.252292E-06	-3.436207E-06	-9.905438E-07
0.44721	 0.000000E+00	 2.546439E-01	 3.805426E-01	 8.461498E-02	-5.520250E-03	-1.663064E-02	-9.554221E-03	-3.940578E-03	-1.345351E-03	-4.114641E-04	-1.198766E-04	-3.462148E-05	-1.186227E-05	-3.675697E-06	-3.719499E-06	-1.160546E-06
0.45277	 0.000000E+00	 2.612022E-01	 3.887699E-01	 8.867346E-02	-4.517377E-03	-1.707289E-02	-1.008769E-02	-4.239586E-03	-1.467272E-03	-4.528859E-04	-1.324614E-04	-3.832830E-05	-1.312514E-05	-4.143250E-06	-4.029919E-06	-1.352546E-06
0.45826	 0.000000E+00	 2.684070E-01	 3.976006E-01	 9.308549E-02	-3.356619E-03	-1.749795E-02	-1.064675E-02	-4.561721E-03	-1.601302E-03	-4.991075E-04	-1.465772E-04	-4.246221E-05	-1.451540E-05	-4.659276E-06	-4.370884E-06	-1.569125E-06
0.46368	 0.000000E+00	 2.761287E-01	 4.069550E-01	 9.782669E-02	-2.039190E-03	-1.790181E-02	-1.122977E-02	-4.907468E-03	-1.748252E-03	-5.505952E-04	-1.624040E-04	-4.707672E-05	-1.604477E-05	-5.226110E-06	-4.744225E-06	-1.812808E-06
0.46904	 0.000000E+00	 2.842193E-01	 4.167659E-01	 1.028686E-01	-5.678847E-04	-1.828129E-02	-1.183546E-02	-5.277345E-03	-1.908906E-03	-6.078342E-04	-1.801434E-04	-5.222477E-05	-1.771984E-05	-5.847084E-06	-5.154191E-06	-2.085713E-06
0.47434	 0.000000E+00	 2.926331E-01	 4.270725E-01	 1.082271E-01	 1.070222E-03	-1.863274E-02	-1.246508E-02	-5.673732E-03	-2.084913E-03	-6.715608E-04	-2.000372E-04	-5.798164E-05	-1.956374E-05	-6.521906E-06	-5.597491E-06	-2.390000E-06
0.47958	 0.000000E+00	 3.012990E-01	 4.378975E-01	 1.139084E-01	 2.885632E-03	-1.895243E-02	-1.311963E-02	-6.099000E-03	-2.277999E-03	-7.426070E-04	-2.223812E-04	-6.443080E-05	-2.159589E-05	-7.252245E-06	-6.072755E-06	-2.727246E-06
0.48477	 0.000000E+00	 3.099842E-01	 4.490826E-01	 1.198443E-01	 4.863452E-03	-1.923659E-02	-1.379551E-02	-6.552620E-03	-2.488714E-03	-8.214860E-04	-2.474347E-04	-7.165036E-05	-2.382209E-05	-8.037100E-06	-6.582960E-06	-3.100133E-06
0.48990	 0.000000E+00	 3.183915E-01	 4.604080E-01	 1.259275E-01	 6.972449E-03	-1.948338E-02	-1.448706E-02	-7.032320E-03	-2.716834E-03	-9.084809E-04	-2.753988E-04	-7.969149E-05	-2.623542E-05	-8.874298E-06	-7.132027E-06	-3.509399E-06
0.49497	 0.000000E+00	 3.263552E-01	 4.717352E-01	 1.320936E-01	 9.195081E-03	-1.969042E-02	-1.519009E-02	-7.536780E-03	-2.962587E-03	-1.003995E-03	-3.064781E-04	-8.862091E-05	-2.884732E-05	-9.758585E-06	-7.714893E-06	-3.954659E-06
0.50000	 0.000000E+00	 3.340047E-01	 4.831662E-01	 1.383889E-01	 1.154983E-02	-1.985335E-02	-1.590517E-02	-8.068216E-03	-3.227859E-03	-1.109038E-03	-3.410730E-04	-9.857711E-05	-3.169077E-05	-1.068153E-05	-8.322152E-06	-4.437473E-06
0.50498	 0.000000E+00	 3.413091E-01	 4.946412E-01	 1.447940E-01	 1.403440E-02	-1.996851E-02	-1.662946E-02	-8.626162E-03	-3.513318E-03	-1.224312E-03	-3.795563E-04	-1.096836E-04	-3.479054E-05	-1.164586E-05	-8.952492E-06	-4.957050E-06
0.50990	 0.000000E+00	 3.483519E-01	 5.062127E-01	 1.513306E-01	 1.665805E-02	-2.003195E-02	-1.736185E-02	-9.211540E-03	-3.820363E-03	-1.350829E-03	-4.224202E-04	-1.221061E-04	-3.817569E-05	-1.264708E-05	-9.601570E-06	-5.513791E-06
0.51478	 0.000000E+00	 3.550194E-01	 5.177099E-01	 1.579324E-01	 1.940028E-02	-2.004056E-02	-1.809583E-02	-9.821099E-03	-4.148400E-03	-1.488926E-03	-4.700030E-04	-1.359877E-04	-4.187531E-05	-1.368642E-05	-1.026851E-05	-6.107337E-06
0.51962	 0.000000E+00	 3.614451E-01	 5.292192E-01	 1.646366E-01	 2.227401E-02	-1.999022E-02	-1.883026E-02	-1.045560E-02	-4.498788E-03	-1.639678E-03	-5.228687E-04	-1.515405E-04	-4.593796E-05	-1.476106E-05	-1.094555E-05	-6.736298E-06
0.52440	 0.000000E+00	 3.676554E-01	 5.406961E-01	 1.714398E-01	 2.528130E-02	-1.987581E-02	-1.956111E-02	-1.111363E-02	-4.871832E-03	-1.803807E-03	-5.815224E-04	-1.689940E-04	-5.043214E-05	-1.587774E-05	-1.162739E-05	-7.399713E-06
0.52915	 0.000000E+00	 3.738999E-01	 5.523540E-01	 1.784418E-01	 2.846048E-02	-1.969017E-02	-2.029008E-02	-1.179851E-02	-5.270294E-03	-1.983057E-03	-6.468204E-04	-1.886748E-04	-5.544654E-05	-1.704285E-05	-1.230419E-05	-8.094168E-06
0.53385	 0.000000E+00	 3.802101E-01	 5.641434E-01	 1.856464E-01	 3.181782E-02	-1.942561E-02	-2.101205E-02	-1.250846E-02	-5.694441E-03	-2.178294E-03	-7.194459E-04	-2.109241E-04	-6.108981E-05	-1.827368E-05	-1.297458E-05	-8.820654E-06
0.53852	 0.000000E+00	 3.866883E-01	 5.761599E-01	 1.930971E-01	 3.537240E-02	-1.907581E-02	-2.172563E-02	-1.324444E-02	-6.145962E-03	-2.390999E-03	-8.002823E-04	-2.361221E-04	-6.747625E-05	-1.958848E-05	-1.363236E-05	-9.573671E-06
0.54314	 0.000000E+00	 3.932992E-01	 5.883358E-01	 2.007786E-01	 3.912400E-02	-1.863414E-02	-2.242526E-02	-1.400417E-02	-6.624901E-03	-2.622006E-03	-8.900655E-04	-2.646717E-04	-7.475182E-05	-2.101419E-05	-1.427354E-05	-1.035123E-05
0.54772	 0.000000E+00	 4.000832E-01	 6.007408E-01	 2.087204E-01	 4.308870E-02	-1.809439E-02	-2.310929E-02	-1.478848E-02	-7.132926E-03	-2.872852E-03	-9.897652E-04	-2.970332E-04	-8.307650E-05	-2.257995E-05	-1.488832E-05	-1.114452E-05
0.55227	 0.000000E+00	 4.070056E-01	 6.133462E-01	 2.169140E-01	 4.726894E-02	-1.745051E-02	-2.377318E-02	-1.559580E-02	-7.670445E-03	-3.144593E-03	-1.100264E-03	-3.336986E-04	-9.263913E-05	-2.432743E-05	-1.547247E-05	-1.194719E-05
0.55678	 0.000000E+00	 4.140534E-01	 6.261467E-01	 2.253627E-01	 5.167179E-02	-1.669580E-02	-2.441287E-02	-1.642509E-02	-8.238197E-03	-3.438462E-03	-1.222544E-03	-3.752158E-04	-1.036574E-04	-2.630722E-05	-1.602149E-05	-1.275107E-05
0.56125	 0.000000E+00	 4.212403E-01	 6.391793E-01	 2.340821E-01	 5.630898E-02	-1.582341E-02	-2.502500E-02	-1.727612E-02	-8.837492E-03	-3.756028E-03	-1.357735E-03	-4.221957E-04	-1.163781E-04	-2.857938E-05	-1.652583E-05	-1.354100E-05
0.56569	 0.000000E+00	 4.284187E-01	 6.522545E-01	 2.429903E-01	 6.114943E-02	-1.483116E-02	-2.559992E-02	-1.814186E-02	-9.465431E-03	-4.096976E-03	-1.506415E-03	-4.751742E-04	-1.310638E-04	-3.123116E-05	-1.700436E-05	-1.431655E-05
0.57009	 0.000000E+00	 4.356774E-01	 6.655336E-01	 2.521565E-01	 6.622842E-02	-1.371025E-02	-2.613813E-02	-1.902552E-02	-1.012525E-02	-4.463727E-03	-1.670051E-03	-5.349101E-04	-1.480402E-04	-3.435103E-05	-1.744849E-05	-1.505691E-05
0.57446	 0.000000E+00	 4.430232E-01	 6.790637E-01	 2.616070E-01	 7.156606E-02	-1.245149E-02	-2.663655E-02	-1.992762E-02	-1.081882E-02	-4.858237E-03	-1.850064E-03	-6.022286E-04	-1.676796E-04	-3.804993E-05	-1.785815E-05	-1.574376E-05
0.57879	 0.000000E+00	 4.502517E-01	 6.926239E-01	 2.712240E-01	 7.711280E-02	-1.105838E-02	-2.708543E-02	-2.083964E-02	-1.154205E-02	-5.279636E-03	-2.046915E-03	-6.777134E-04	-1.903107E-04	-4.245903E-05	-1.826710E-05	-1.637341E-05
0.58310	 0.000000E+00	 4.572603E-01	 7.061437E-01	 2.809587E-01	 8.285075E-02	-9.531454E-03	-2.747994E-02	-2.175796E-02	-1.229372E-02	-5.728284E-03	-2.261414E-03	-7.620358E-04	-2.163109E-04	-4.772104E-05	-1.869487E-05	-1.692929E-05
0.58737	 0.000000E+00	 4.641463E-01	 7.197701E-01	 2.908821E-01	 8.881754E-02	-7.859801E-03	-2.781928E-02	-2.268534E-02	-1.307707E-02	-6.206808E-03	-2.495319E-03	-8.562250E-04	-2.461781E-04	-5.400229E-05	-1.915209E-05	-1.738751E-05
0.59161	 0.000000E+00	 4.707710E-01	 7.333606E-01	 3.009095E-01	 9.497650E-02	-6.047380E-03	-2.809648E-02	-2.361505E-02	-1.388865E-02	-6.714521E-03	-2.749167E-03	-9.609646E-04	-2.803470E-04	-6.150110E-05	-1.969475E-05	-1.774358E-05
0.59582	 0.000000E+00	 4.771226E-01	 7.468947E-01	 3.110281E-01	 1.013238E-01	-4.091256E-03	-2.830663E-02	-2.454375E-02	-1.472740E-02	-7.251905E-03	-3.023953E-03	-1.077122E-03	-3.193385E-04	-7.044332E-05	-2.037894E-05	-1.798992E-05
0.60000	 0.000000E+00	 4.833398E-01	 7.605283E-01	 3.213199E-01	 1.079010E-01	-1.978240E-03	-2.844738E-02	-2.547326E-02	-1.559613E-02	-7.821581E-03	-3.321629E-03	-1.205945E-03	-3.638121E-04	-8.109135E-05	-2.125774E-05	-1.811099E-05
0.60415	 0.000000E+00	 4.892744E-01	 7.740823E-01	 3.316862E-01	 1.146640E-01	 2.856905E-04	-2.851106E-02	-2.639515E-02	-1.648995E-02	-8.422033E-03	-3.642428E-03	-1.348114E-03	-4.143054E-04	-9.373830E-05	-2.243867E-05	-1.811861E-05
0.60828	 0.000000E+00	 4.950392E-01	 7.876762E-01	 3.421884E-01	 1.216437E-01	 2.711403E-03	-2.849432E-02	-2.730966E-02	-1.741055E-02	-9.055339E-03	-3.988155E-03	-1.504910E-03	-4.715549E-04	-1.087097E-04	-2.400934E-05	-1.800731E-05
0.61237	 0.000000E+00	 5.005623E-01	 8.012053E-01	 3.527708E-01	 1.288148E-01	 5.297122E-03	-2.839031E-02	-2.821002E-02	-1.835416E-02	-9.720547E-03	-4.359315E-03	-1.677191E-03	-5.362258E-04	-1.263738E-04	-2.611009E-05	-1.779967E-05
0.61644	 0.000000E+00	 5.058635E-01	 8.146900E-01	 3.634392E-01	 1.361823E-01	 8.046829E-03	-2.819481E-02	-2.909350E-02	-1.931998E-02	-1.041829E-02	-4.757097E-03	-1.866071E-03	-6.090750E-04	-1.471260E-04	-2.888399E-05	-1.751430E-05
0.62048	 0.000000E+00	 5.110134E-01	 8.281872E-01	 3.742282E-01	 1.437647E-01	 1.096979E-02	-2.790245E-02	-2.995786E-02	-2.030791E-02	-1.114974E-02	-5.183041E-03	-2.072884E-03	-6.909862E-04	-1.714227E-04	-3.249600E-05	-1.717667E-05
0.62450	 0.000000E+00	 5.158644E-01	 8.414926E-01	 3.850209E-01	 1.515019E-01	 1.405314E-02	-2.750626E-02	-3.079238E-02	-2.131043E-02	-1.191155E-02	-5.636500E-03	-2.298109E-03	-7.826020E-04	-1.997224E-04	-3.717317E-05	-1.685558E-05
0.62849	 0.000000E+00	 5.205467E-01	 8.547538E-01	 3.958948E-01	 1.594334E-01	 1.730987E-02	-2.700287E-02	-3.159766E-02	-2.232941E-02	-1.270594E-02	-6.119483E-03	-2.543294E-03	-8.849295E-04	-2.325569E-04	-4.311823E-05	-1.658839E-05
0.63246	 0.000000E+00	 5.250380E-01	 8.679010E-01	 4.068181E-01	 1.675419E-01	 2.073946E-02	-2.638557E-02	-3.236634E-02	-2.336012E-02	-1.353115E-02	-6.632150E-03	-2.809334E-03	-9.988418E-04	-2.705107E-04	-5.062136E-05	-1.647402E-05
0.63640	 0.000000E+00	 5.293706E-01	 8.809816E-01	 4.178083E-01	 1.758365E-01	 2.434602E-02	-2.565077E-02	-3.309571E-02	-2.440124E-02	-1.438738E-02	-7.175536E-03	-3.097448E-03	-1.125317E-03	-3.141958E-04	-5.997362E-05	-1.660374E-05
0.64031	 0.000000E+00	 5.336505E-01	 8.941213E-01	 4.289395E-01	 1.843592E-01	 2.814556E-02	-2.479314E-02	-3.378516E-02	-2.545395E-02	-1.527659E-02	-7.751705E-03	-3.409388E-03	-1.265591E-03	-3.643344E-04	-7.150251E-05	-1.707811E-05
0.64420	 0.000000E+00	 5.378182E-01	 9.072143E-01	 4.401559E-01	 1.930791E-01	 3.213339E-02	-2.380602E-02	-3.442572E-02	-2.651176E-02	-1.619579E-02	-8.360188E-03	-3.745875E-03	-1.420596E-03	-4.216457E-04	-8.561982E-05	-1.807129E-05
0.64807	 0.000000E+00	 5.419101E-01	 9.203392E-01	 4.514894E-01	 2.020173E-01	 3.631696E-02	-2.268597E-02	-3.501638E-02	-2.757494E-02	-1.714620E-02	-9.002605E-03	-4.108471E-03	-1.591542E-03	-4.868991E-04	-1.027076E-04	-1.971579E-05
0.65192	 0.000000E+00	 5.459114E-01	 9.334414E-01	 4.629159E-01	 2.111602E-01	 4.069676E-02	-2.142620E-02	-3.554985E-02	-2.863855E-02	-1.812581E-02	-9.678990E-03	-4.498158E-03	-1.779524E-03	-5.609225E-04	-1.232399E-04	-2.221698E-05
0.65574	 0.000000E+00	 5.497950E-01	 9.464371E-01	 4.743928E-01	 2.204799E-01	 4.526777E-02	-2.002059E-02	-3.601720E-02	-2.969571E-02	-1.913111E-02	-1.038851E-02	-4.915522E-03	-1.985525E-03	-6.445563E-04	-1.477430E-04	-2.582657E-05
0.65955	 0.000000E+00	 5.535534E-01	 9.593557E-01	 4.859217E-01	 2.299784E-01	 5.003045E-02	-1.846676E-02	-3.641572E-02	-3.074447E-02	-2.016157E-02	-1.113176E-02	-5.361711E-03	-2.210701E-03	-7.386789E-04	-1.767332E-04	-3.077529E-05
0.66332	 0.000000E+00	 5.571412E-01	 9.721851E-01	 4.974807E-01	 2.396447E-01	 5.498098E-02	-1.676290E-02	-3.674144E-02	-3.178120E-02	-2.121534E-02	-1.190854E-02	-5.837521E-03	-2.456117E-03	-8.441932E-04	-2.107898E-04	-3.735271E-05
0.66708	 0.000000E+00	 5.605899E-01	 9.850266E-01	 5.091152E-01	 2.495096E-01	 6.012974E-02	-1.490598E-02	-3.699434E-02	-3.280660E-02	-2.229368E-02	-1.272047E-02	-6.344636E-03	-2.723221E-03	-9.621458E-04	-2.505337E-04	-4.585367E-05
0.67082	 0.000000E+00	 5.638895E-01	 9.978991E-01	 5.208263E-01	 2.595779E-01	 6.547954E-02	-1.289236E-02	-3.717143E-02	-3.381865E-02	-2.339605E-02	-1.356820E-02	-6.884337E-03	-3.013344E-03	-1.093595E-03	-2.966328E-04	-5.661548E-05
0.67454	 0.000000E+00	 5.669821E-01	 1.010681E+00	 5.325412E-01	 2.698030E-01	 7.101637E-02	-1.071884E-02	-3.726346E-02	-3.480876E-02	-2.451715E-02	-1.444959E-02	-7.456550E-03	-3.327301E-03	-1.239492E-03	-3.498085E-04	-7.005728E-05
0.67823	 0.000000E+00	 5.698784E-01	 1.023324E+00	 5.442379E-01	 2.801663E-01	 7.673623E-02	-8.380851E-03	-3.726291E-02	-3.577042E-02	-2.565310E-02	-1.536327E-02	-8.061554E-03	-3.666073E-03	-1.400878E-03	-4.108340E-04	-8.663266E-05
0.68191	 0.000000E+00	 5.726167E-01	 1.035855E+00	 5.559351E-01	 2.906769E-01	 8.264413E-02	-5.873602E-03	-3.716526E-02	-3.670007E-02	-2.680205E-02	-1.630900E-02	-8.700167E-03	-4.030882E-03	-1.578899E-03	-4.805399E-04	-1.068285E-04
0.68557	 0.000000E+00	 5.752157E-01	 1.048318E+00	 5.676502E-01	 3.013465E-01	 8.874420E-02	-3.193941E-03	-3.696762E-02	-3.759523E-02	-2.796277E-02	-1.728679E-02	-9.373293E-03	-4.422982E-03	-1.774739E-03	-5.597925E-04	-1.311638E-04
0.68920	 0.000000E+00	 5.777133E-01	 1.060767E+00	 5.794161E-01	 3.121969E-01	 9.504622E-02	-3.363225E-04	-3.666662E-02	-3.845363E-02	-2.913436E-02	-1.829696E-02	-1.008209E-02	-4.843806E-03	-1.989700E-03	-6.495424E-04	-1.602157E-04
0.69282	 0.000000E+00	 5.801356E-01	 1.073215E+00	 5.912454E-01	 3.232347E-01	 1.015560E-01	 2.705504E-03	-3.625641E-02	-3.927073E-02	-3.031436E-02	-1.933895E-02	-1.082729E-02	-5.294651E-03	-2.225099E-03	-7.508072E-04	-1.946310E-04
0.69642	 0.000000E+00	 5.824055E-01	 1.085556E+00	 6.030594E-01	 3.344080E-01	 1.082522E-01	 5.929229E-03	-3.573047E-02	-4.003826E-02	-3.149649E-02	-2.040938E-02	-1.160790E-02	-5.775913E-03	-2.481875E-03	-8.645061E-04	-2.350716E-04
0.70000	 0.000000E+00	 5.845224E-01	 1.097790E+00	 6.148524E-01	 3.457123E-01	 1.151329E-01	 9.336958E-03	-3.508470E-02	-4.075186E-02	-3.267771E-02	-2.150692E-02	-1.242404E-02	-6.288526E-03	-2.761201E-03	-9.916539E-04	-2.822417E-04
0.70356	 0.000000E+00	 5.865526E-01	 1.109992E+00	 6.266800E-01	 3.571822E-01	 1.222148E-01	 1.293698E-02	-3.431511E-02	-4.140935E-02	-3.385731E-02	-2.263198E-02	-1.327692E-02	-6.834057E-03	-3.064587E-03	-1.133433E-03	-3.369307E-04
0.70711	 0.000000E+00	 5.884268E-01	 1.122082E+00	 6.384733E-01	 3.687712E-01	 1.294765E-01	 1.672511E-02	-3.341671E-02	-4.200303E-02	-3.502881E-02	-2.378066E-02	-1.416508E-02	-7.412624E-03	-3.392907E-03	-1.290840E-03	-3.999355E-04
0.71063	 0.000000E+00	 5.901919E-01	 1.134131E+00	 6.502780E-01	 3.805101E-01	 1.369316E-01	 2.070801E-02	-3.238635E-02	-4.253085E-02	-3.619125E-02	-2.495302E-02	-1.508943E-02	-8.025614E-03	-3.747628E-03	-1.465108E-03	-4.721322E-04
0.71414	 0.000000E+00	 5.919194E-01	 1.146228E+00	 6.621595E-01	 3.924423E-01	 1.446021E-01	 2.489649E-02	-3.121936E-02	-4.299074E-02	-3.734425E-02	-2.614977E-02	-1.605145E-02	-8.674808E-03	-4.130470E-03	-1.657625E-03	-5.544947E-04
0.71764	 0.000000E+00	 5.934894E-01	 1.158212E+00	 6.739925E-01	 4.044810E-01	 1.524472E-01	 2.927962E-02	-2.991029E-02	-4.337170E-02	-3.847760E-02	-2.736399E-02	-1.704762E-02	-9.359198E-03	-4.541845E-03	-1.869320E-03	-6.479326E-04
0.72111	 0.000000E+00	 5.949969E-01	 1.170216E+00	 6.858719E-01	 4.166917E-01	 1.604985E-01	 3.387095E-02	-2.845533E-02	-4.367338E-02	-3.959242E-02	-2.859731E-02	-1.807990E-02	-1.008081E-02	-4.983622E-03	-2.101704E-03	-7.535316E-04
0.72457	 0.000000E+00	 5.965111E-01	 1.182334E+00	 6.978679E-01	 4.291245E-01	 1.687821E-01	 3.868373E-02	-2.684900E-02	-4.389359E-02	-4.068847E-02	-2.985064E-02	-1.914993E-02	-1.084161E-02	-5.457731E-03	-2.356389E-03	-8.724732E-04
0.72801	 0.000000E+00	 5.978765E-01	 1.194352E+00	 7.098136E-01	 4.416615E-01	 1.772404E-01	 4.369974E-02	-2.508690E-02	-4.401943E-02	-4.175270E-02	-3.111439E-02	-2.025223E-02	-1.163935E-02	-5.963993E-03	-2.634140E-03	-1.005738E-03
0.73144	 0.000000E+00	 5.992334E-01	 1.206459E+00	 7.218539E-01	 4.544054E-01	 1.859259E-01	 4.894199E-02	-2.316314E-02	-4.405172E-02	-4.278835E-02	-3.239214E-02	-2.139016E-02	-1.247702E-02	-6.504882E-03	-2.936870E-03	-1.154688E-03
0.73485	 0.000000E+00	 6.006173E-01	 1.218703E+00	 7.340256E-01	 4.673845E-01	 1.948551E-01	 5.442136E-02	-2.107107E-02	-4.398598E-02	-4.379299E-02	-3.368309E-02	-2.256430E-02	-1.335601E-02	-7.082173E-03	-3.266268E-03	-1.320691E-03
0.73824	 0.000000E+00	 6.018455E-01	 1.230831E+00	 7.461276E-01	 4.804530E-01	 2.039537E-01	 6.011096E-02	-1.880886E-02	-4.380850E-02	-4.475123E-02	-3.497510E-02	-2.376701E-02	-1.427264E-02	-7.694876E-03	-3.622788E-03	-1.504715E-03
0.74162	 0.000000E+00	 6.031140E-01	 1.243113E+00	 7.583724E-01	 4.937664E-01	 2.133036E-01	 6.604770E-02	-1.636727E-02	-4.352159E-02	-4.566948E-02	-3.627478E-02	-2.500396E-02	-1.523143E-02	-8.346445E-03	-4.008945E-03	-1.708504E-03
0.74498	 0.000000E+00	 6.044261E-01	 1.255554E+00	 7.707640E-01	 5.073296E-01	 2.229103E-01	 7.223875E-02	-1.373905E-02	-4.311847E-02	-4.654277E-02	-3.757922E-02	-2.627429E-02	-1.623296E-02	-9.038323E-03	-4.426420E-03	-1.933587E-03
0.74833	 0.000000E+00	 6.055750E-01	 1.267872E+00	 7.830707E-01	 5.209705E-01	 2.326822E-01	 7.864724E-02	-1.092617E-02	-4.258538E-02	-4.735368E-02	-3.887370E-02	-2.756803E-02	-1.727183E-02	-9.768482E-03	-4.875188E-03	-2.180830E-03
0.75166	 0.000000E+00	 6.068248E-01	 1.280457E+00	 7.955996E-01	 5.349227E-01	 2.427452E-01	 8.533180E-02	-7.913573E-03	-4.192642E-02	-4.811337E-02	-4.016962E-02	-2.889469E-02	-1.835523E-02	-1.054209E-02	-5.358795E-03	-2.452584E-03
0.75498	 0.000000E+00	 6.081763E-01	 1.293314E+00	 8.083559E-01	 5.491936E-01	 2.531081E-01	 9.230227E-02	-4.691994E-03	-4.113329E-02	-4.881587E-02	-4.146348E-02	-3.025308E-02	-1.948366E-02	-1.136069E-02	-5.879150E-03	-2.750660E-03
0.75829	 0.000000E+00	 6.093700E-01	 1.306079E+00	 8.210398E-01	 5.635554E-01	 2.636462E-01	 9.950497E-02	-1.268339E-03	-4.019082E-02	-4.943950E-02	-4.273585E-02	-3.162925E-02	-2.064888E-02	-1.222052E-02	-6.435367E-03	-3.075651E-03
0.76158	 0.000000E+00	 6.107031E-01	 1.319219E+00	 8.340184E-01	 5.782979E-01	 2.745204E-01	 1.070184E-01	 2.379686E-03	-3.910262E-02	-4.999836E-02	-4.400185E-02	-3.303608E-02	-2.186063E-02	-1.312852E-02	-7.032167E-03	-3.430659E-03
0.76485	 0.000000E+00	 6.122066E-01	 1.332781E+00	 8.473366E-01	 5.934625E-01	 2.857605E-01	 1.148644E-01	 6.266107E-03	-3.785947E-02	-5.048748E-02	-4.525950E-02	-3.447382E-02	-2.312059E-02	-1.408716E-02	-7.672135E-03	-3.818014E-03
0.76811	 0.000000E+00	 6.135389E-01	 1.346254E+00	 8.605772E-01	 6.087223E-01	 2.971843E-01	 1.229598E-01	 1.037540E-02	-3.644389E-02	-5.087803E-02	-4.648145E-02	-3.592177E-02	-2.441562E-02	-1.508957E-02	-8.352730E-03	-4.237629E-03
0.77136	 0.000000E+00	 6.149736E-01	 1.360093E+00	 8.740975E-01	 6.243686E-01	 3.089574E-01	 1.313892E-01	 1.473440E-02	-3.485662E-02	-5.118292E-02	-4.768266E-02	-3.739319E-02	-2.575607E-02	-1.614337E-02	-9.079315E-03	-4.693169E-03
0.77460	 0.000000E+00	 6.166433E-01	 1.374521E+00	 8.880813E-01	 6.405601E-01	 3.211772E-01	 1.402096E-01	 1.936807E-02	-3.308952E-02	-5.140361E-02	-4.886831E-02	-3.889448E-02	-2.714816E-02	-1.725407E-02	-9.856402E-03	-5.188146E-03
0.77782	 0.000000E+00	 6.181722E-01	 1.388948E+00	 9.020496E-01	 6.569133E-01	 3.336262E-01	 1.493176E-01	 2.425333E-02	-3.112519E-02	-5.150731E-02	-5.000587E-02	-4.040000E-02	-2.857486E-02	-1.841218E-02	-1.067995E-02	-5.721806E-03
0.78102	 0.000000E+00	 6.197416E-01	 1.403673E+00	 9.162432E-01	 6.736307E-01	 3.464245E-01	 1.587796E-01	 2.941573E-02	-2.895857E-02	-5.149946E-02	-5.110369E-02	-4.191824E-02	-3.004353E-02	-1.962373E-02	-1.155470E-02	-6.297788E-03
0.78422	 0.000000E+00	 6.215061E-01	 1.418940E+00	 9.308702E-01	 6.908927E-01	 3.596852E-01	 1.686642E-01	 3.488618E-02	-2.657908E-02	-5.138143E-02	-5.216786E-02	-4.345682E-02	-3.156156E-02	-2.089526E-02	-1.248602E-02	-6.920297E-03
0.78740	 0.000000E+00	 6.230601E-01	 1.434089E+00	 9.453872E-01	 7.082499E-01	 3.731446E-01	 1.788368E-01	 4.062710E-02	-2.397316E-02	-5.111744E-02	-5.315983E-02	-4.498350E-02	-3.310624E-02	-2.221304E-02	-1.346716E-02	-7.587116E-03
0.79057	 0.000000E+00	 6.246498E-01	 1.449534E+00	 9.601349E-01	 7.259949E-01	 3.869785E-01	 1.893974E-01	 4.667759E-02	-2.113300E-02	-5.071601E-02	-5.409278E-02	-4.651149E-02	-3.468869E-02	-2.358582E-02	-1.450474E-02	-8.303138E-03
0.79373	 0.000000E+00	 6.265082E-01	 1.465635E+00	 9.754237E-01	 7.443943E-01	 4.013592E-01	 2.004522E-01	 5.308650E-02	-1.804249E-02	-5.018090E-02	-5.497839E-02	-4.805470E-02	-3.632179E-02	-2.502437E-02	-1.560704E-02	-9.074477E-03
0.79687	 0.000000E+00	 6.278871E-01	 1.481141E+00	 9.902027E-01	 7.625398E-01	 4.157341E-01	 2.116976E-01	 5.974906E-02	-1.469709E-02	-4.945390E-02	-5.574553E-02	-4.954897E-02	-3.795693E-02	-2.649635E-02	-1.675536E-02	-9.892026E-03
0.80000	 0.000000E+00	 6.292339E-01	 1.496943E+00	 1.005155E+00	 7.810280E-01	 4.304561E-01	 2.233282E-01	 6.673866E-02	-1.108518E-02	-4.855456E-02	-5.642228E-02	-5.102137E-02	-3.961609E-02	-2.801819E-02	-1.796133E-02	-1.076381E-02
0.80312	 0.000000E+00	 6.316512E-01	 1.515053E+00	 1.021922E+00	 8.013164E-01	 4.464364E-01	 2.358802E-01	 7.427957E-02	-7.156787E-03	-4.753054E-02	-5.709048E-02	-5.255682E-02	-4.137103E-02	-2.964419E-02	-1.926239E-02	-1.171394E-02
0.80623	 0.000000E+00	 6.342343E-01	 1.533980E+00	 1.039253E+00	 8.223364E-01	 4.630293E-01	 2.490020E-01	 8.225456E-02	-2.900405E-03	-4.630792E-02	-5.766219E-02	-5.407675E-02	-4.316256E-02	-3.133523E-02	-2.063610E-02	-1.273173E-02
0.80932	 0.000000E+00	 6.368210E-01	 1.553522E+00	 1.056951E+00	 8.439335E-01	 4.801415E-01	 2.626484E-01	 9.065535E-02	 1.697972E-03	-4.486350E-02	-5.811324E-02	-5.556102E-02	-4.497653E-02	-3.308314E-02	-2.207918E-02	-1.381728E-02
0.81240	 0.000000E+00	 6.405627E-01	 1.575787E+00	 1.076788E+00	 8.677340E-01	 4.988214E-01	 2.774677E-01	 9.977401E-02	 6.723903E-03	-4.323548E-02	-5.853042E-02	-5.710705E-02	-4.689920E-02	-3.495578E-02	-2.364026E-02	-1.500313E-02
0.81548	 0.000000E+00	 6.447150E-01	 1.599478E+00	 1.097707E+00	 8.928371E-01	 5.185288E-01	 2.931706E-01	 1.095171E-01	 1.219148E-02	-4.135860E-02	-5.883700E-02	-5.864670E-02	-4.887945E-02	-3.691976E-02	-2.530072E-02	-1.628116E-02
0.81854	 0.000000E+00	 6.484786E-01	 1.623141E+00	 1.118483E+00	 9.181419E-01	 5.385684E-01	 3.093495E-01	 1.197203E-01	 1.807827E-02	-3.917738E-02	-5.895047E-02	-6.009809E-02	-5.085040E-02	-3.892706E-02	-2.703024E-02	-1.763472E-02
0.82158	 0.000000E+00	 6.527533E-01	 1.648482E+00	 1.140544E+00	 9.449871E-01	 5.598128E-01	 3.265578E-01	 1.306459E-01	 2.447600E-02	-3.670647E-02	-5.893005E-02	-6.153417E-02	-5.287982E-02	-4.103335E-02	-2.887064E-02	-1.909346E-02
0.82462	 0.000000E+00	 6.578605E-01	 1.676194E+00	 1.164474E+00	 9.739718E-01	 5.826760E-01	 3.450884E-01	 1.424580E-01	 3.146996E-02	-3.391900E-02	-5.877930E-02	-6.297502E-02	-5.499360E-02	-4.326488E-02	-3.084533E-02	-2.067682E-02
0.82765	 0.000000E+00	 6.630332E-01	 1.704864E+00	 1.189088E+00	 1.004039E+00	 6.064923E-01	 3.645550E-01	 1.550057E-01	 3.904673E-02	-3.075377E-02	-5.841146E-02	-6.433588E-02	-5.712296E-02	-4.557277E-02	-3.292397E-02	-2.236887E-02
0.83066	 0.000000E+00	 6.682193E-01	 1.734323E+00	 1.214276E+00	 1.035105E+00	 6.312260E-01	 3.849603E-01	 1.683120E-01	 4.724002E-02	-2.717830E-02	-5.779806E-02	-6.559594E-02	-5.925481E-02	-4.795099E-02	-3.510608E-02	-2.417277E-02
0.83367	 0.000000E+00	 6.737287E-01	 1.765136E+00	 1.240546E+00	 1.067681E+00	 6.572384E-01	 4.065672E-01	 1.825295E-01	 5.613352E-02	-2.316149E-02	-5.693540E-02	-6.676764E-02	-6.140812E-02	-5.042039E-02	-3.741149E-02	-2.610607E-02
0.83666	 0.000000E+00	 6.793028E-01	 1.796849E+00	 1.267508E+00	 1.101443E+00	 6.843285E-01	 4.292755E-01	 1.976338E-01	 6.574955E-02	-1.866060E-02	-5.577525E-02	-6.780852E-02	-6.355062E-02	-5.296014E-02	-3.982956E-02	-2.816581E-02
0.83964	 0.000000E+00	 6.847346E-01	 1.829039E+00	 1.294804E+00	 1.136062E+00	 7.122901E-01	 4.529741E-01	 2.135917E-01	 7.610314E-02	-1.363705E-02	-5.427093E-02	-6.867581E-02	-6.564857E-02	-5.554739E-02	-4.234757E-02	-3.034723E-02
0.84261	 0.000000E+00	 6.901184E-01	 1.861909E+00	 1.322601E+00	 1.171719E+00	 7.412557E-01	 4.777733E-01	 2.304816E-01	 8.725495E-02	-8.049915E-03	-5.239350E-02	-6.935223E-02	-6.769325E-02	-5.818054E-02	-4.496908E-02	-3.265722E-02
0.84558	 0.000000E+00	 6.956613E-01	 1.896005E+00	 1.351313E+00	 1.208861E+00	 7.715353E-01	 5.039090E-01	 2.484494E-01	 9.929875E-02	-1.850601E-03	-5.011898E-02	-6.983188E-02	-6.968884E-02	-6.087014E-02	-4.770775E-02	-3.511058E-02
0.84853	 0.000000E+00	 7.014699E-01	 1.931675E+00	 1.381196E+00	 1.247798E+00	 8.033553E-01	 5.315712E-01	 2.676257E-01	 1.123309E-01	 5.020887E-03	-4.740923E-02	-7.009584E-02	-7.162910E-02	-6.361941E-02	-5.057269E-02	-3.771982E-02
0.85147	 0.000000E+00	 7.075213E-01	 1.968904E+00	 1.412234E+00	 1.288561E+00	 8.367614E-01	 5.608326E-01	 2.880864E-01	 1.264301E-01	 1.263105E-02	-4.420863E-02	-7.010435E-02	-7.348819E-02	-6.641550E-02	-5.356115E-02	-4.048941E-02
0.85440	 0.000000E+00	 7.137097E-01	 2.007482E+00	 1.444254E+00	 1.331024E+00	 8.716906E-01	 5.916923E-01	 3.098675E-01	 1.416570E-01	 2.104391E-02	-4.045537E-02	-6.980753E-02	-7.522932E-02	-6.923562E-02	-5.666239E-02	-4.341800E-02
0.85732	 0.000000E+00	 7.199579E-01	 2.047265E+00	 1.477131E+00	 1.375119E+00	 9.081139E-01	 6.241736E-01	 3.330155E-01	 1.580767E-01	 3.032292E-02	-3.608929E-02	-6.915759E-02	-7.681712E-02	-7.205798E-02	-5.986621E-02	-4.650463E-02
0.86023	 0.000000E+00	 7.262163E-01	 2.088130E+00	 1.510774E+00	 1.420799E+00	 9.460199E-01	 6.583129E-01	 3.575861E-01	 1.757601E-01	 4.053568E-02	-3.104682E-02	-6.810411E-02	-7.821393E-02	-7.485896E-02	-6.316106E-02	-4.974752E-02
0.86313	 0.000000E+00	 7.323287E-01	 2.129727E+00	 1.544889E+00	 1.467806E+00	 9.852427E-01	 6.940326E-01	 3.835681E-01	 1.947438E-01	 5.173982E-02	-2.526001E-02	-6.658465E-02	-7.936722E-02	-7.760052E-02	-6.652294E-02	-5.313516E-02
0.86603	 0.000000E+00	 7.380843E-01	 2.171648E+00	 1.579092E+00	 1.515786E+00	 1.025532E+00	 7.311855E-01	 4.109015E-01	 2.150337E-01	 6.397835E-02	-1.866403E-02	-6.453248E-02	-8.021615E-02	-8.023496E-02	-6.991848E-02	-5.664800E-02
0.86891	 0.000000E+00	 7.435541E-01	 2.214074E+00	 1.613507E+00	 1.564911E+00	 1.067010E+00	 7.698928E-01	 4.396823E-01	 2.367193E-01	 7.732344E-02	-1.119451E-02	-6.189788E-02	-8.072228E-02	-8.273720E-02	-7.333382E-02	-6.028226E-02
0.87178	 0.000000E+00	 7.490325E-01	 2.257552E+00	 1.648627E+00	 1.615727E+00	 1.110083E+00	 8.104995E-01	 4.701515E-01	 2.599800E-01	 9.189095E-02	-2.771715E-03	-5.863449E-02	-8.085941E-02	-8.509832E-02	-7.677121E-02	-6.404863E-02
0.87464	 0.000000E+00	 7.543994E-01	 2.301699E+00	 1.684157E+00	 1.667953E+00	 1.154568E+00	 8.529150E-01	 5.022931E-01	 2.848556E-01	 1.077492E-01	 6.689378E-03	-5.466032E-02	-8.055387E-02	-8.726090E-02	-8.018972E-02	-6.792266E-02
0.87750	 0.000000E+00	 7.592362E-01	 2.345467E+00	 1.719212E+00	 1.720664E+00	 1.199798E+00	 8.966739E-01	 5.358504E-01	 3.112371E-01	 1.248942E-01	 1.724966E-02	-4.988587E-02	-7.970773E-02	-8.913634E-02	-8.351648E-02	-7.185100E-02
0.88034	 0.000000E+00	 7.630837E-01	 2.387837E+00	 1.752831E+00	 1.772844E+00	 1.244997E+00	 9.411959E-01	 5.704665E-01	 3.389358E-01	 1.432671E-01	 2.893651E-02	-4.423699E-02	-7.822539E-02	-9.062988E-02	-8.666763E-02	-7.576764E-02
0.88318	 0.000000E+00	 7.661875E-01	 2.429251E+00	 1.785339E+00	 1.824832E+00	 1.290367E+00	 9.866324E-01	 6.062356E-01	 3.680254E-01	 1.629259E-01	 4.180858E-02	-3.765959E-02	-7.605406E-02	-9.169667E-02	-8.960621E-02	-7.964685E-02
0.88600	 0.000000E+00	 7.700099E-01	 2.472273E+00	 1.819233E+00	 1.879271E+00	 1.337922E+00	 1.034601E+00	 6.442385E-01	 3.992208E-01	 1.842620E-01	 5.605706E-02	-3.010681E-02	-7.322232E-02	-9.240917E-02	-9.241890E-02	-8.357779E-02
0.88882	 0.000000E+00	 7.743406E-01	 2.515440E+00	 1.853565E+00	 1.934947E+00	 1.386846E+00	 1.084511E+00	 6.841723E-01	 4.323994E-01	 2.072937E-01	 7.177805E-02	-2.144622E-02	-6.958785E-02	-9.263791E-02	-9.499670E-02	-8.747784E-02
0.89163	 0.000000E+00	 7.769170E-01	 2.553245E+00	 1.883506E+00	 1.986339E+00	 1.432952E+00	 1.132957E+00	 7.238162E-01	 4.661432E-01	 2.313343E-01	 8.874839E-02	-1.157820E-02	-6.488016E-02	-9.203694E-02	-9.698666E-02	-9.102676E-02
0.89443	 0.000000E+00	 7.783570E-01	 2.587583E+00	 1.910322E+00	 2.034964E+00	 1.477211E+00	 1.180673E+00	 7.635652E-01	 5.006604E-01	 2.564366E-01	 1.069513E-01	-5.576650E-04	-5.915649E-02	-9.065694E-02	-9.842374E-02	-9.424813E-02
0.89722	 0.000000E+00	 7.815521E-01	 2.624680E+00	 1.939404E+00	 2.087056E+00	 1.524215E+00	 1.231499E+00	 8.059592E-01	 5.376682E-01	 2.835161E-01	 1.268108E-01	 1.166871E-02	-5.255846E-02	-8.874959E-02	-9.958929E-02	-9.741793E-02
0.90000	 0.000000E+00	 7.891525E-01	 2.663945E+00	 1.972809E+00	 2.142973E+00	 1.574855E+00	 1.285953E+00	 8.517264E-01	 5.777901E-01	 3.132383E-01	 1.489044E-01	 2.561549E-02	-4.466393E-02	-8.598335E-02	-1.002407E-01	-1.003695E-01
0.90277	 0.000000E+00	 8.006969E-01	 2.700636E+00	 2.008267E+00	 2.198593E+00	 1.626527E+00	 1.341580E+00	 8.994865E-01	 6.201308E-01	 3.453561E-01	 1.733023E-01	 4.162635E-02	-3.502013E-02	-8.186291E-02	-9.991127E-02	-1.026926E-01
0.90554	 0.000000E+00	 8.124360E-01	 2.736086E+00	 2.042970E+00	 2.253725E+00	 1.678041E+00	 1.397860E+00	 9.483708E-01	 6.640396E-01	 3.791452E-01	 1.994230E-01	 5.918749E-02	-2.402065E-02	-7.668734E-02	-9.879997E-02	-1.045163E-01
0.90830	 0.000000E+00	 8.221300E-01	 2.771598E+00	 2.075477E+00	 2.308902E+00	 1.729080E+00	 1.454940E+00	 9.981337E-01	 7.093566E-01	 4.142799E-01	 2.269807E-01	 7.798980E-02	-1.192891E-02	-7.068605E-02	-9.708018E-02	-1.059744E-01
0.91104	 0.000000E+00	 8.316888E-01	 2.803384E+00	 2.105919E+00	 2.361356E+00	 1.778403E+00	 1.511240E+00	 1.048081E+00	 7.555909E-01	 4.507835E-01	 2.561799E-01	 9.844161E-02	 1.722587E-03	-6.336867E-02	-9.430076E-02	-1.066702E-01
0.91378	 0.000000E+00	 8.418959E-01	 2.828065E+00	 2.133514E+00	 2.408168E+00	 1.824236E+00	 1.564794E+00	 1.097015E+00	 8.018013E-01	 4.882307E-01	 2.868373E-01	 1.206279E-01	 1.715183E-02	-5.442223E-02	-9.012444E-02	-1.062675E-01
0.91652	 0.000000E+00	 8.512299E-01	 2.847837E+00	 2.157525E+00	 2.450420E+00	 1.866533E+00	 1.615862E+00	 1.144673E+00	 8.477276E-01	 5.261550E-01	 3.185059E-01	 1.440873E-01	 3.396465E-02	-4.417558E-02	-8.479495E-02	-1.049388E-01
0.91924	 0.000000E+00	 8.599674E-01	 2.865396E+00	 2.179509E+00	 2.490538E+00	 1.906895E+00	 1.665883E+00	 1.191927E+00	 8.939693E-01	 5.648339E-01	 3.513025E-01	 1.688001E-01	 5.208549E-02	-3.273417E-02	-7.841616E-02	-1.027775E-01
0.92195	 0.000000E+00	 8.706794E-01	 2.881641E+00	 2.202729E+00	 2.530249E+00	 1.947397E+00	 1.716225E+00	 1.240063E+00	 9.414384E-01	 6.050688E-01	 3.858124E-01	 1.952475E-01	 7.187960E-02	-1.980902E-02	-7.077527E-02	-9.962224E-02
0.92466	 0.000000E+00	 8.827146E-01	 2.894428E+00	 2.225604E+00	 2.567145E+00	 1.986173E+00	 1.765115E+00	 1.287763E+00	 9.891067E-01	 6.461976E-01	 4.216076E-01	 2.232253E-01	 9.329256E-02	-5.340736E-03	-6.174738E-02	-9.530588E-02
0.92736	 0.000000E+00	 8.934265E-01	 2.901334E+00	 2.244404E+00	 2.597488E+00	 2.019864E+00	 1.809539E+00	 1.332553E+00	 1.035010E+00	 6.867631E-01	 4.576461E-01	 2.520535E-01	 1.159229E-01	 1.048802E-02	-5.135861E-02	-8.974480E-02
0.93005	 0.000000E+00	 9.012883E-01	 2.904982E+00	 2.258761E+00	 2.622382E+00	 2.048655E+00	 1.849673E+00	 1.374187E+00	 1.078877E+00	 7.263525E-01	 4.935440E-01	 2.813498E-01	 1.394502E-01	 2.741270E-02	-3.979939E-02	-8.306883E-02
0.93274	 0.000000E+00	 9.107499E-01	 2.920267E+00	 2.280214E+00	 2.657206E+00	 2.084417E+00	 1.896443E+00	 1.420680E+00	 1.127066E+00	 7.692369E-01	 5.322400E-01	 3.127783E-01	 1.647212E-01	 4.562527E-02	-2.726321E-02	-7.573450E-02
0.93541	 0.000000E+00	 9.311863E-01	 2.966914E+00	 2.328594E+00	 2.725285E+00	 2.146842E+00	 1.967857E+00	 1.486207E+00	 1.191104E+00	 8.238770E-01	 5.799536E-01	 3.504669E-01	 1.943643E-01	 6.651524E-02	-1.320769E-02	-6.782860E-02
0.93808	 0.000000E+00	 9.648702E-01	 3.050400E+00	 2.410256E+00	 2.834752E+00	 2.243517E+00	 2.071518E+00	 1.577272E+00	 1.276807E+00	 8.949812E-01	 6.405531E-01	 3.973474E-01	 2.305855E-01	 9.159338E-02	 3.354096E-03	-5.882280E-02
0.94074	 0.000000E+00	 9.974157E-01	 3.148453E+00	 2.499482E+00	 2.959198E+00	 2.351595E+00	 2.187938E+00	 1.678533E+00	 1.372505E+00	 9.742472E-01	 7.084903E-01	 4.500655E-01	 2.716639E-01	 1.203026E-01	 2.266779E-02	-4.800214E-02
0.94340	 0.000000E+00	 1.016023E+00	 3.237183E+00	 2.570834E+00	 3.070090E+00	 2.446573E+00	 2.295102E+00	 1.772378E+00	 1.464090E+00	 1.051261E+00	 7.762817E-01	 5.037086E-01	 3.146148E-01	 1.511633E-01	 4.433305E-02	-3.503606E-02
0.94604	 0.000000E+00	 1.026500E+00	 3.320984E+00	 2.632669E+00	 3.173580E+00	 2.534970E+00	 2.397976E+00	 1.863147E+00	 1.554820E+00	 1.128635E+00	 8.458320E-01	 5.597150E-01	 3.604568E-01	 1.848885E-01	 6.882544E-02	-1.963200E-02
0.94868	 0.000000E+00	 1.039184E+00	 3.423446E+00	 2.706952E+00	 3.297026E+00	 2.639213E+00	 2.517546E+00	 1.967343E+00	 1.658433E+00	 1.216620E+00	 9.249988E-01	 6.235833E-01	 4.130221E-01	 2.238544E-01	 9.751885E-02	-1.239379E-03
0.95131	 0.000000E+00	 1.066355E+00	 3.581613E+00	 2.824957E+00	 3.485085E+00	 2.795619E+00	 2.690751E+00	 2.114230E+00	 1.800642E+00	 1.334590E+00	 1.029207E+00	 7.061704E-01	 4.800574E-01	 2.728373E-01	 1.331798E-01	 2.116254E-02
0.95394	 0.000000E+00	 1.102380E+00	 3.781708E+00	 2.974450E+00	 3.724385E+00	 2.993632E+00	 2.909390E+00	 2.298108E+00	 1.978062E+00	 1.480931E+00	 1.158392E+00	 8.084037E-01	 5.632189E-01	 3.338031E-01	 1.779306E-01	 4.956566E-02
0.95656	 0.000000E+00	 1.127083E+00	 3.966368E+00	 3.105266E+00	 3.947608E+00	 3.178103E+00	 3.119507E+00	 2.476460E+00	 2.154616E+00	 1.628990E+00	 1.292400E+00	 9.169360E-01	 6.539574E-01	 4.024378E-01	 2.303467E-01	 8.475272E-02
0.95917	 0.000000E+00	 1.136044E+00	 4.127023E+00	 3.208274E+00	 4.144087E+00	 3.339717E+00	 3.312275E+00	 2.641661E+00	 2.323588E+00	 1.773119E+00	 1.426637E+00	 1.028237E+00	 7.496852E-01	 4.770357E-01	 2.894647E-01	 1.263419E-01
0.96177	 0.000000E+00	 1.137142E+00	 4.295546E+00	 3.306473E+00	 4.350963E+00	 3.507147E+00	 3.518418E+00	 2.817355E+00	 2.506312E+00	 1.928938E+00	 1.573776E+00	 1.151029E+00	 8.567503E-01	 5.615007E-01	 3.576941E-01	 1.753270E-01
0.96437	 0.000000E+00	 1.136559E+00	 4.481367E+00	 3.410144E+00	 4.580612E+00	 3.690938E+00	 3.748664E+00	 3.012653E+00	 2.711354E+00	 2.103537E+00	 1.740210E+00	 1.290592E+00	 9.797537E-01	 6.596400E-01	 4.382665E-01	 2.342820E-01
0.96695	 0.000000E+00	 1.137671E+00	 4.675729E+00	 3.518796E+00	 4.825407E+00	 3.887130E+00	 3.997830E+00	 3.224687E+00	 2.936392E+00	 2.296065E+00	 1.925878E+00	 1.447797E+00	 1.120158E+00	 7.734825E-01	 5.334825E-01	 3.056789E-01
0.96954	 0.000000E+00	 1.135819E+00	 4.868007E+00	 3.621130E+00	 5.071622E+00	 4.083505E+00	 4.254544E+00	 3.443962E+00	 3.173660E+00	 2.500321E+00	 2.126239E+00	 1.619396E+00	 1.275986E+00	 9.021221E-01	 6.433268E-01	 3.901883E-01
0.97211	 0.000000E+00	 1.125304E+00	 5.059030E+00	 3.709099E+00	 5.316495E+00	 4.274367E+00	 4.515459E+00	 3.666340E+00	 3.420549E+00	 2.713380E+00	 2.339512E+00	 1.803669E+00	 1.446279E+00	 1.044962E+00	 7.677951E-01	 4.881396E-01
0.97468	 0.000000E+00	 1.114590E+00	 5.277467E+00	 3.804918E+00	 5.595156E+00	 4.487788E+00	 4.811453E+00	 3.917103E+00	 3.701421E+00	 2.954692E+00	 2.583271E+00	 2.014364E+00	 1.642757E+00	 1.211136E+00	 9.143430E-01	 6.051833E-01
0.97724	 0.000000E+00	 1.114171E+00	 5.550770E+00	 3.933112E+00	 5.946482E+00	 4.755377E+00	 5.179557E+00	 4.227354E+00	 4.047729E+00	 3.250294E+00	 2.882099E+00	 2.271487E+00	 1.883287E+00	 1.415204E+00	 1.095386E+00	 7.512622E-01
0.97980	 0.000000E+00	 1.118543E+00	 5.850054E+00	 4.072074E+00	 6.338268E+00	 5.050228E+00	 5.594013E+00	 4.576568E+00	 4.442728E+00	 3.587635E+00	 3.227475E+00	 2.569321E+00	 2.165287E+00	 1.656784E+00	 1.312443E+00	 9.294603E-01
0.98234	 0.000000E+00	 1.111748E+00	 6.111747E+00	 4.172111E+00	 6.689624E+00	 5.305468E+00	 5.980744E+00	 4.903298E+00	 4.827578E+00	 3.918971E+00	 3.577788E+00	 2.874795E+00	 2.462234E+00	 1.916204E+00	 1.551090E+00	 1.130880E+00
0.98489	 0.000000E+00	 1.099065E+00	 6.352933E+00	 4.247019E+00	 7.021723E+00	 5.537250E+00	 6.358789E+00	 5.222307E+00	 5.216963E+00	 4.255689E+00	 3.943645E+00	 3.195391E+00	 2.781028E+00	 2.198202E+00	 1.815444E+00	 1.358762E+00
0.98742	 0.000000E+00	 1.087187E+00	 6.608770E+00	 4.319881E+00	 7.378867E+00	 5.777697E+00	 6.768887E+00	 5.565385E+00	 5.644403E+00	 4.624786E+00	 4.351197E+00	 3.551607E+00	 3.140858E+00	 2.517518E+00	 2.118683E+00	 1.623502E+00
0.98995	 0.000000E+00	 1.073485E+00	 6.866829E+00	 4.380728E+00	 7.743093E+00	 6.010753E+00	 7.194079E+00	 5.917242E+00	 6.096578E+00	 5.015542E+00	 4.792183E+00	 3.936920E+00	 3.538020E+00	 2.871260E+00	 2.460104E+00	 1.925393E+00
0.99247	 0.000000E+00	 1.055316E+00	 7.110037E+00	 4.418660E+00	 8.088874E+00	 6.215650E+00	 7.608777E+00	 6.255167E+00	 6.551186E+00	 5.409573E+00	 5.249764E+00	 4.337638E+00	 3.961534E+00	 3.249948E+00	 2.833079E+00	 2.259127E+00
0.99499	 0.000000E+00	 1.037160E+00	 7.375907E+00	 4.453774E+00	 8.460278E+00	 6.422336E+00	 8.055793E+00	 6.612032E+00	 7.045672E+00	 5.837343E+00	 5.755238E+00	 4.777963E+00	 4.435977E+00	 3.672294E+00	 3.255524E+00	 2.639191E+00
0.99750	 0.000000E+00	 1.021218E+00	 7.687248E+00	 4.494526E+00	 8.880320E+00	 6.642539E+00	 8.555355E+00	 7.000403E+00	 7.597309E+00	 6.312419E+00	 6.324558E+00	 5.269831E+00	 4.977119E+00	 4.149713E+00	 3.741373E+00	 3.077584E+00
1.00000	 0.000000E+00	 1.002445E+00	 7.994732E+00	 4.523841E+00	 9.299901E+00	 6.851334E+00	 9.057207E+00	 7.382592E+00	 8.155338E+00	 6.791304E+00	 6.906240E+00	 5.772331E+00	 5.536809E+00	 4.643167E+00	 4.249158E+00	 3.536366E+00
