r	   0/   0	   1/   0	   2/   0	   3/   0	   4/   0	   5/   0	   6/   0	   7/   0	   8/   0	   9/   0	  10/   0	  11/   0	  12/   0	  13/   0	  14/   0	  15/   0
0.07071	 9.251639E-01	 1.155240E-01	 2.177286E-01	 5.837606E-03	 1.779181E-03	-1.760834E-04	-7.816956E-04	 1.289916E-04	 1.559932E-04	-2.248208E-05	-4.177300E-06	 1.583930E-06	-8.095235E-07	 2.531600E-06	 8.962217E-07	-1.768980E-07
0.10000	 9.782806E-01	 1.712534E-01	 2.441323E-01	 9.429863E-03	-4.333753E-04	-4.739927E-04	-1.067141E-03	 8.550610E-05	 2.692712E-04	-2.772238E-05	-1.869222E-05	 2.211234E-06	-3.386815E-07	 2.831128E-06	 1.489702E-06	-1.700055E-07
0.12247	 9.895874E-01	 2.112402E-01	 2.564662E-01	 1.258424E-02	-2.728696E-03	-1.074421E-03	-9.974967E-04	 1.934360E-05	 2.730102E-04	-3.083385E-05	-4.203992E-05	 5.344440E-07	 2.097221E-06	 2.125060E-06	 1.330120E-06	-2.506801E-07
0.14142	 9.946903E-01	 2.452282E-01	 2.628363E-01	 1.541753E-02	-3.601438E-03	-1.370323E-03	-7.542478E-04	-3.677055E-05	 2.050406E-04	-2.079961E-05	-5.064814E-05	 3.841836E-06	 6.637898E-06	 1.238742E-06	 4.340973E-07	-3.714931E-07
0.15811	 9.979038E-01	 2.763054E-01	 2.681475E-01	 1.815606E-02	-4.010970E-03	-1.508448E-03	-5.302423E-04	-7.258171E-05	 1.300913E-04	-9.457946E-06	-4.318659E-05	 9.014929E-06	 1.109368E-05	 1.053178E-06	-5.795203E-07	-3.390843E-07
0.17321	 1.000364E+00	 3.050292E-01	 2.732751E-01	 2.105574E-02	-4.186246E-03	-1.729082E-03	-4.263687E-04	-7.836428E-05	 6.848576E-05	-1.557556E-06	-3.155227E-05	 1.035905E-05	 1.301235E-05	 1.410365E-06	-1.183725E-06	-2.157932E-07
0.18708	 1.002477E+00	 3.315283E-01	 2.784857E-01	 2.399495E-02	-4.276713E-03	-2.023030E-03	-4.312016E-04	-8.295288E-05	 2.332143E-05	 3.582809E-06	-2.013813E-05	 9.056666E-06	 1.225446E-05	 1.659149E-06	-1.321725E-06	-1.062040E-07
0.20000	 1.004381E+00	 3.557638E-01	 2.837811E-01	 2.684340E-02	-4.367590E-03	-2.369005E-03	-5.141508E-04	-9.688205E-05	-7.944491E-06	 4.935821E-06	-1.135412E-05	 6.886263E-06	 9.982259E-06	 1.639091E-06	-1.172849E-06	-3.174549E-08
0.21213	 1.006144E+00	 3.777074E-01	 2.890625E-01	 2.950179E-02	-4.499897E-03	-2.748627E-03	-6.478148E-04	-1.227200E-04	-2.932071E-05	 3.098701E-06	-5.969868E-06	 4.601687E-06	 7.228088E-06	 1.416786E-06	-8.907310E-07	 1.710146E-08
0.22361	 1.007797E+00	 3.974254E-01	 2.942206E-01	 3.191077E-02	-4.689379E-03	-3.147275E-03	-8.109394E-04	-1.595938E-04	-4.482629E-05	-7.563700E-07	-3.513505E-06	 2.563513E-06	 4.645700E-06	 1.081018E-06	-5.896153E-07	 4.688743E-08
0.23452	 1.009361E+00	 4.151277E-01	 2.991874E-01	 3.405883E-02	-4.935358E-03	-3.553739E-03	-9.890710E-04	-2.058928E-04	-5.756638E-05	-5.469031E-06	-2.994383E-06	 9.791755E-07	 2.570894E-06	 7.161739E-07	-3.373231E-07	 6.204702E-08
0.24495	 1.010861E+00	 4.311625E-01	 3.039602E-01	 3.598363E-02	-5.225589E-03	-3.961482E-03	-1.174129E-03	-2.601104E-04	-6.966144E-05	-1.022884E-05	-3.467013E-06	-8.602475E-08	 1.101606E-06	 3.898526E-07	-1.586618E-07	 6.703176E-08
0.25495	 1.012311E+00	 4.459418E-01	 3.085836E-01	 3.775613E-02	-5.541061E-03	-4.368142E-03	-1.363034E-03	-3.212524E-04	-8.247016E-05	-1.460289E-05	-4.276544E-06	-6.988962E-07	 1.890557E-07	 1.458778E-07	-5.153218E-08	 6.476527E-08
0.26458	 1.013734E+00	 4.598493E-01	 3.131215E-01	 3.945224E-02	-5.862866E-03	-4.775608E-03	-1.555922E-03	-3.881281E-04	-9.683860E-05	-1.870967E-05	-5.141708E-06	-9.984694E-07	-3.018635E-07	-8.396881E-09	-1.634871E-09	 5.770753E-08
0.27386	 1.015151E+00	 4.731753E-01	 3.176281E-01	 4.113126E-02	-6.176564E-03	-5.187718E-03	-1.754290E-03	-4.594785E-04	-1.132449E-04	-2.297596E-05	-6.046100E-06	-1.138804E-06	-5.265996E-07	-9.058006E-08	 9.036781E-09	 4.724617E-08
0.28284	 1.016572E+00	 4.861025E-01	 3.221349E-01	 4.282975E-02	-6.472713E-03	-5.607200E-03	-1.959736E-03	-5.346685E-04	-1.318976E-04	-2.772594E-05	-7.065075E-06	-1.259477E-06	-6.090305E-07	-1.200667E-07	-3.832105E-09	 3.261235E-08
0.29155	 1.018000E+00	 4.987123E-01	 3.266497E-01	 4.455948E-02	-6.747510E-03	-6.035585E-03	-2.173344E-03	-6.133074E-04	-1.528582E-04	-3.323428E-05	-8.294158E-06	-1.446451E-06	-6.416289E-07	-1.226569E-07	-2.894317E-08	 1.479615E-08
0.30000	 1.019439E+00	 5.110069E-01	 3.311594E-01	 4.631099E-02	-7.002348E-03	-6.473354E-03	-2.395439E-03	-6.950564E-04	-1.760827E-04	-3.971705E-05	-9.808482E-06	-1.726978E-06	-6.869213E-07	-1.278373E-07	-5.847258E-08	-2.327307E-09
0.30822	 1.020885E+00	 5.229610E-01	 3.356434E-01	 4.806790E-02	-7.240517E-03	-6.919536E-03	-2.625781E-03	-7.800027E-04	-2.014532E-04	-4.716681E-05	-1.162852E-05	-2.111139E-06	-7.721049E-07	-1.494084E-07	-8.719139E-08	-1.641298E-08
0.31623	 1.022332E+00	 5.345565E-01	 3.400843E-01	 4.981722E-02	-7.464890E-03	-7.372341E-03	-2.863894E-03	-8.685658E-04	-2.288524E-04	-5.542378E-05	-1.373401E-05	-2.608827E-06	-9.016529E-07	-1.861721E-07	-1.125705E-07	-2.772042E-08
0.32404	 1.023780E+00	 5.457888E-01	 3.444706E-01	 5.154970E-02	-7.678021E-03	-7.830262E-03	-3.109244E-03	-9.610515E-04	-2.581996E-04	-6.437165E-05	-1.609800E-05	-3.212327E-06	-1.074395E-06	-2.387169E-07	-1.345742E-07	-3.551475E-08
0.33166	 1.025228E+00	 5.566716E-01	 3.487996E-01	 5.326147E-02	-7.881571E-03	-8.292276E-03	-3.361356E-03	-1.057630E-03	-2.894610E-04	-7.395401E-05	-1.869315E-05	-3.902806E-06	-1.287488E-06	-3.092062E-07	-1.536809E-07	-3.843936E-08
0.33912	 1.026677E+00	 5.672449E-01	 3.530796E-01	 5.495797E-02	-8.074885E-03	-8.757466E-03	-3.619964E-03	-1.158557E-03	-3.226447E-04	-8.410456E-05	-2.149793E-05	-4.677709E-06	-1.533788E-06	-3.913566E-07	-1.705816E-07	-3.811692E-08
0.34641	 1.028131E+00	 5.775693E-01	 3.573301E-01	 5.665266E-02	-8.255082E-03	-9.225196E-03	-3.885121E-03	-1.264125E-03	-3.578126E-04	-9.480228E-05	-2.451111E-05	-5.544740E-06	-1.807375E-06	-4.777571E-07	-1.870011E-07	-3.749550E-08
0.35355	 1.029594E+00	 5.877091E-01	 3.615781E-01	 5.836206E-02	-8.418191E-03	-9.695331E-03	-4.157213E-03	-1.374576E-03	-3.950960E-04	-1.061242E-04	-2.775033E-05	-6.504821E-06	-2.109349E-06	-5.692063E-07	-2.049352E-07	-3.787160E-08
0.36056	 1.031069E+00	 5.977210E-01	 3.658530E-01	 6.010265E-02	-8.559804E-03	-1.016798E-02	-4.436887E-03	-1.490205E-03	-4.346766E-04	-1.181938E-04	-3.124597E-05	-7.559841E-06	-2.444855E-06	-6.698881E-07	-2.261415E-07	-4.016279E-08
0.36742	 1.032562E+00	 6.076500E-01	 3.701822E-01	 6.188904E-02	-8.675626E-03	-1.064327E-02	-4.724927E-03	-1.611396E-03	-4.767625E-04	-1.311418E-04	-3.503895E-05	-8.718901E-06	-2.820381E-06	-7.837713E-07	-2.523216E-07	-4.577089E-08
0.37417	 1.034072E+00	 6.175243E-01	 3.745847E-01	 6.373105E-02	-8.762524E-03	-1.112124E-02	-5.022017E-03	-1.738508E-03	-5.215480E-04	-1.451007E-04	-3.917938E-05	-9.993280E-06	-3.242214E-06	-9.163718E-07	-2.858297E-07	-5.576306E-08
0.38079	 1.035601E+00	 6.273532E-01	 3.790676E-01	 6.563212E-02	-8.819182E-03	-1.160172E-02	-5.328534E-03	-1.871792E-03	-5.691783E-04	-1.601829E-04	-4.371961E-05	-1.139532E-05	-3.714131E-06	-1.073340E-06	-3.300564E-07	-7.115809E-08
0.38730	 1.037147E+00	 6.371302E-01	 3.836271E-01	 6.758998E-02	-8.846012E-03	-1.208440E-02	-5.644533E-03	-2.011400E-03	-6.197610E-04	-1.764687E-04	-4.870040E-05	-1.293659E-05	-4.238927E-06	-1.259035E-06	-3.880343E-07	-9.287178E-08
0.39370	 1.038707E+00	 6.468386E-01	 3.882541E-01	 6.959840E-02	-8.844746E-03	-1.256896E-02	-5.969878E-03	-2.157420E-03	-6.733866E-04	-1.940125E-04	-5.414478E-05	-1.462461E-05	-4.820013E-06	-1.476944E-06	-4.613791E-07	-1.211787E-07
0.40000	 1.040279E+00	 6.564578E-01	 3.929387E-01	 7.164971E-02	-8.817754E-03	-1.305519E-02	-6.304424E-03	-2.309951E-03	-7.301439E-04	-2.128491E-04	-6.006239E-05	-1.646377E-05	-5.460361E-06	-1.729284E-06	-5.507192E-07	-1.559799E-07
0.40620	 1.041860E+00	 6.659723E-01	 3.976770E-01	 7.373841E-02	-8.766935E-03	-1.354318E-02	-6.648281E-03	-2.469236E-03	-7.901690E-04	-2.330105E-04	-6.645491E-05	-1.845764E-05	-6.163441E-06	-2.016800E-06	-6.555513E-07	-1.970632E-07
0.41231	 1.043450E+00	 6.753775E-01	 4.024750E-01	 7.586386E-02	-8.692794E-03	-1.403321E-02	-7.001980E-03	-2.635754E-03	-8.536836E-04	-2.545442E-04	-7.332638E-05	-2.061408E-05	-6.934086E-06	-2.338263E-06	-7.744375E-07	-2.448732E-07
0.41833	 1.045050E+00	 6.846796E-01	 4.073470E-01	 7.803006E-02	-8.594391E-03	-1.452579E-02	-7.366443E-03	-2.810205E-03	-9.209955E-04	-2.775290E-04	-8.069404E-05	-2.294589E-05	-7.777781E-06	-2.691978E-06	-9.063088E-07	-3.005355E-07
0.42426	 1.046661E+00	 6.938916E-01	 4.123119E-01	 8.024383E-02	-8.469874E-03	-1.502149E-02	-7.742830E-03	-2.993416E-03	-9.924755E-04	-3.020864E-04	-8.859312E-05	-2.546654E-05	-8.699593E-06	-3.078483E-06	-1.051476E-06	-3.649112E-07
0.43012	 1.048286E+00	 7.030305E-01	 4.173888E-01	 8.251317E-02	-8.316900E-03	-1.552081E-02	-8.132332E-03	-3.186247E-03	-1.068524E-03	-3.283668E-04	-9.707542E-05	-2.819159E-05	-9.703287E-06	-3.499408E-06	-1.211784E-06	-4.389833E-07
0.43589	 1.049927E+00	 7.121170E-01	 4.225977E-01	 8.484775E-02	-8.132360E-03	-1.602410E-02	-8.536176E-03	-3.389635E-03	-1.149604E-03	-3.565514E-04	-1.062039E-04	-3.114022E-05	-1.079346E-05	-3.956353E-06	-1.389381E-06	-5.241067E-07
0.44159	 1.051587E+00	 7.211743E-01	 4.279590E-01	 8.725848E-02	-7.912435E-03	-1.653150E-02	-8.955614E-03	-3.604589E-03	-1.236240E-03	-3.868569E-04	-1.160525E-04	-3.433422E-05	-1.197638E-05	-4.451818E-06	-1.586472E-06	-6.216653E-07
0.44721	 1.053270E+00	 7.302264E-01	 4.334926E-01	 8.975700E-02	-7.652742E-03	-1.704297E-02	-9.391873E-03	-3.832171E-03	-1.329019E-03	-4.195336E-04	-1.267084E-04	-3.779923E-05	-1.325958E-05	-4.988984E-06	-1.805584E-06	-7.331992E-07
0.45277	 1.054979E+00	 7.392967E-01	 4.392169E-01	 9.235510E-02	-7.348490E-03	-1.755820E-02	-9.846130E-03	-4.073489E-03	-1.428583E-03	-4.548668E-04	-1.382712E-04	-4.156481E-05	-1.465222E-05	-5.571696E-06	-2.049327E-06	-8.604214E-07
0.45826	 1.056715E+00	 7.484055E-01	 4.451472E-01	 9.506361E-02	-6.994913E-03	-1.807666E-02	-1.031942E-02	-4.329639E-03	-1.535613E-03	-4.931709E-04	-1.508533E-04	-4.566357E-05	-1.616432E-05	-6.204768E-06	-2.320743E-06	-1.005122E-06
0.46368	 1.058482E+00	 7.575686E-01	 4.512950E-01	 9.789176E-02	-6.587510E-03	-1.859762E-02	-1.081262E-02	-4.601684E-03	-1.650813E-03	-5.347852E-04	-1.645789E-04	-5.013152E-05	-1.780639E-05	-6.893437E-06	-2.623161E-06	-1.169209E-06
0.46904	 1.060281E+00	 7.667972E-01	 4.576684E-01	 1.008470E-01	-6.122221E-03	-1.912019E-02	-1.132643E-02	-4.890640E-03	-1.774900E-03	-5.800694E-04	-1.795837E-04	-5.500783E-05	-1.958893E-05	-7.643244E-06	-2.960340E-06	-1.354640E-06
0.47434	 1.062113E+00	 7.760994E-01	 4.642746E-01	 1.039362E-01	-5.595043E-03	-1.964342E-02	-1.186156E-02	-5.197596E-03	-1.908654E-03	-6.294175E-04	-1.960166E-04	-6.033628E-05	-2.152399E-05	-8.459652E-06	-3.335674E-06	-1.563359E-06
0.47958	 1.063980E+00	 7.854815E-01	 4.711218E-01	 1.071664E-01	-5.001669E-03	-2.016640E-02	-1.241892E-02	-5.523817E-03	-2.052976E-03	-6.832757E-04	-2.140431E-04	-6.616731E-05	-2.362678E-05	-9.347794E-06	-3.751304E-06	-1.797320E-06
0.48477	 1.065882E+00	 7.949457E-01	 4.782155E-01	 1.105432E-01	-4.338158E-03	-2.068812E-02	-1.299932E-02	-5.870589E-03	-2.208808E-03	-7.421252E-04	-2.338476E-04	-7.255806E-05	-2.591322E-05	-1.031261E-05	-4.209360E-06	-2.058733E-06
0.48990	 1.067820E+00	 8.044872E-01	 4.855539E-01	 1.140684E-01	-3.601867E-03	-2.120745E-02	-1.360318E-02	-6.238996E-03	-2.377039E-03	-8.064507E-04	-2.556284E-04	-7.956940E-05	-2.839682E-05	-1.135871E-05	-4.713102E-06	-2.350000E-06
0.49497	 1.069793E+00	 8.140965E-01	 4.931297E-01	 1.177403E-01	-2.791358E-03	-2.172313E-02	-1.423058E-02	-6.629908E-03	-2.558488E-03	-8.767339E-04	-2.795911E-04	-8.726416E-05	-3.108988E-05	-1.249017E-05	-5.265904E-06	-2.673223E-06
0.50000	 1.071799E+00	 8.237635E-01	 5.009347E-01	 1.215571E-01	-1.905145E-03	-2.223385E-02	-1.488153E-02	-7.044216E-03	-2.754029E-03	-9.534894E-04	-3.059545E-04	-9.571255E-05	-3.400752E-05	-1.370936E-05	-5.869189E-06	-3.030383E-06
0.50498	 1.073839E+00	 8.334802E-01	 5.089624E-01	 1.255180E-01	-9.413669E-04	-2.273816E-02	-1.555603E-02	-7.482853E-03	-2.964596E-03	-1.037275E-03	-3.349596E-04	-1.049948E-04	-3.716825E-05	-1.501801E-05	-6.523082E-06	-3.423392E-06
0.50990	 1.075912E+00	 8.432400E-01	 5.172065E-01	 1.296222E-01	 1.019926E-04	-2.323452E-02	-1.625397E-02	-7.946741E-03	-3.191157E-03	-1.128693E-03	-3.668745E-04	-1.152014E-04	-4.059257E-05	-1.641789E-05	-7.227428E-06	-3.853969E-06
0.51478	 1.078017E+00	 8.530359E-01	 5.256587E-01	 1.338680E-01	 1.226671E-03	-2.372119E-02	-1.697501E-02	-8.436650E-03	-3.434646E-03	-1.228361E-03	-4.019890E-04	-1.264328E-04	-4.430257E-05	-1.791059E-05	-7.982042E-06	-4.323781E-06
0.51962	 1.080154E+00	 8.628618E-01	 5.343102E-01	 1.382534E-01	 2.434269E-03	-2.419629E-02	-1.771858E-02	-8.953215E-03	-3.695967E-03	-1.336920E-03	-4.406170E-04	-1.388006E-04	-4.832290E-05	-1.949765E-05	-8.786427E-06	-4.834186E-06
0.52440	 1.082322E+00	 8.727134E-01	 5.431528E-01	 1.427769E-01	 3.726660E-03	-2.465774E-02	-1.848394E-02	-9.497004E-03	-3.976031E-03	-1.455044E-03	-4.830991E-04	-1.524310E-04	-5.268312E-05	-2.118081E-05	-9.639224E-06	-5.386190E-06
0.52915	 1.084522E+00	 8.825904E-01	 5.521816E-01	 1.474390E-01	 5.106537E-03	-2.510330E-02	-1.927041E-02	-1.006865E-02	-4.275825E-03	-1.583471E-03	-5.298160E-04	-1.674687E-04	-5.741962E-05	-2.296255E-05	-1.053802E-05	-5.980219E-06
0.53385	 1.086755E+00	 8.924950E-01	 5.613943E-01	 1.522416E-01	 6.577373E-03	-2.553047E-02	-2.007721E-02	-1.066881E-02	-4.596389E-03	-1.723001E-03	-5.811928E-04	-1.840818E-04	-6.257683E-05	-2.484657E-05	-1.147984E-05	-6.616531E-06
0.53852	 1.089022E+00	 9.024313E-01	 5.707895E-01	 1.571876E-01	 8.142997E-03	-2.593654E-02	-2.090346E-02	-1.129806E-02	-4.938771E-03	-1.874477E-03	-6.376974E-04	-2.024619E-04	-6.820741E-05	-2.683852E-05	-1.246182E-05	-7.295047E-06
0.54314	 1.091323E+00	 9.124039E-01	 5.803660E-01	 1.622798E-01	 9.807453E-03	-2.631857E-02	-2.174807E-02	-1.195691E-02	-5.304023E-03	-2.038789E-03	-6.998403E-04	-2.228252E-04	-7.437355E-05	-2.894632E-05	-1.348093E-05	-8.015119E-06
0.54772	 1.093661E+00	 9.224172E-01	 5.901232E-01	 1.675213E-01	 1.157487E-02	-2.667349E-02	-2.260987E-02	-1.264580E-02	-5.693195E-03	-2.216865E-03	-7.681736E-04	-2.454142E-04	-8.114875E-05	-3.118054E-05	-1.453367E-05	-8.775358E-06
0.55227	 1.096037E+00	 9.324761E-01	 6.000611E-01	 1.729155E-01	 1.344962E-02	-2.699814E-02	-2.348759E-02	-1.336516E-02	-6.107379E-03	-2.409689E-03	-8.432978E-04	-2.705005E-04	-8.861911E-05	-3.355500E-05	-1.561599E-05	-9.573348E-06
0.55678	 1.098451E+00	 9.425843E-01	 6.101793E-01	 1.784654E-01	 1.543598E-02	-2.728920E-02	-2.437982E-02	-1.411532E-02	-6.547637E-03	-2.618274E-03	-9.258547E-04	-2.983862E-04	-9.688509E-05	-3.608753E-05	-1.672379E-05	-1.040597E-05
0.56125	 1.100905E+00	 9.527461E-01	 6.204780E-01	 1.841744E-01	 1.753848E-02	-2.754325E-02	-2.528508E-02	-1.489660E-02	-7.015078E-03	-2.843698E-03	-1.016541E-03	-3.294080E-04	-1.060635E-04	-3.880048E-05	-1.785222E-05	-1.126861E-05
0.56569	 1.103401E+00	 9.629636E-01	 6.309554E-01	 1.900446E-01	 1.976106E-02	-2.775677E-02	-2.620155E-02	-1.570905E-02	-7.510676E-03	-3.087014E-03	-1.116081E-03	-3.639338E-04	-1.162877E-04	-4.172238E-05	-1.899760E-05	-1.215627E-05
0.57009	 1.105938E+00	 9.732390E-01	 6.416095E-01	 1.960780E-01	 2.210755E-02	-2.792616E-02	-2.712731E-02	-1.655262E-02	-8.035369E-03	-3.349299E-03	-1.225242E-03	-4.023664E-04	-1.277109E-04	-4.488893E-05	-2.015746E-05	-1.306294E-05
0.57446	 1.108519E+00	 9.835752E-01	 6.524416E-01	 2.022780E-01	 2.458272E-02	-2.804775E-02	-2.806061E-02	-1.742749E-02	-8.590291E-03	-3.631765E-03	-1.344873E-03	-4.451558E-04	-1.405104E-04	-4.834362E-05	-2.132809E-05	-1.398008E-05
0.57879	 1.111144E+00	 9.939732E-01	 6.634506E-01	 2.086467E-01	 2.719059E-02	-2.811788E-02	-2.899946E-02	-1.833360E-02	-9.176443E-03	-3.935596E-03	-1.475850E-03	-4.927883E-04	-1.548857E-04	-5.213938E-05	-2.250806E-05	-1.489872E-05
0.58310	 1.113814E+00	 1.004431E+00	 6.746319E-01	 2.151836E-01	 2.993383E-02	-2.813305E-02	-2.994153E-02	-1.927052E-02	-9.794584E-03	-4.261893E-03	-1.619057E-03	-5.457773E-04	-1.710564E-04	-5.633962E-05	-2.369973E-05	-1.580959E-05
0.58737	 1.116529E+00	 1.014947E+00	 6.859824E-01	 2.218889E-01	 3.281544E-02	-2.808979E-02	-3.088456E-02	-2.023790E-02	-1.044557E-02	-4.611834E-03	-1.775436E-03	-6.046811E-04	-1.892701E-04	-6.101872E-05	-2.490610E-05	-1.670102E-05
0.59161	 1.119288E+00	 1.025519E+00	 6.974989E-01	 2.287625E-01	 3.583837E-02	-2.798463E-02	-3.182630E-02	-2.123535E-02	-1.113023E-02	-4.986625E-03	-1.945975E-03	-6.701017E-04	-2.098029E-04	-6.626431E-05	-2.613303E-05	-1.756042E-05
0.59582	 1.122093E+00	 1.036143E+00	 7.091770E-01	 2.358031E-01	 3.900473E-02	-2.781427E-02	-3.276425E-02	-2.226222E-02	-1.184923E-02	-5.387402E-03	-2.131672E-03	-7.426736E-04	-2.329580E-04	-7.217942E-05	-2.739239E-05	-1.837549E-05
0.60000	 1.124943E+00	 1.046817E+00	 7.210138E-01	 2.430106E-01	 4.231727E-02	-2.757522E-02	-3.369594E-02	-2.331792E-02	-1.260329E-02	-5.815378E-03	-2.333592E-03	-8.230873E-04	-2.590746E-04	-7.888367E-05	-2.870006E-05	-1.913284E-05
0.60415	 1.127839E+00	 1.057540E+00	 7.330064E-01	 2.503846E-01	 4.577863E-02	-2.726403E-02	-3.461880E-02	-2.440171E-02	-1.339305E-02	-6.271754E-03	-2.552836E-03	-9.120769E-04	-2.885259E-04	-8.651607E-05	-3.007895E-05	-1.981966E-05
0.60828	 1.130781E+00	 1.068310E+00	 7.451516E-01	 2.579244E-01	 4.939115E-02	-2.687722E-02	-3.553008E-02	-2.551270E-02	-1.421906E-02	-6.757702E-03	-2.790528E-03	-1.010419E-03	-3.217205E-04	-9.523638E-05	-3.156035E-05	-2.042400E-05
0.61237	 1.133768E+00	 1.079123E+00	 7.574462E-01	 2.656293E-01	 5.315724E-02	-2.641127E-02	-3.642696E-02	-2.664989E-02	-1.508178E-02	-7.274398E-03	-3.047831E-03	-1.118940E-03	-3.591059E-04	-1.052271E-04	-3.318441E-05	-2.093512E-05
0.61644	 1.136802E+00	 1.089979E+00	 7.698864E-01	 2.734982E-01	 5.707893E-02	-2.586273E-02	-3.730645E-02	-2.781208E-02	-1.598155E-02	-7.822951E-03	-3.325915E-03	-1.238500E-03	-4.011667E-04	-1.166957E-04	-3.500297E-05	-2.134498E-05
0.62048	 1.139882E+00	 1.100876E+00	 7.824693E-01	 2.815304E-01	 6.115865E-02	-2.522800E-02	-3.816551E-02	-2.899804E-02	-1.691871E-02	-8.404518E-03	-3.626008E-03	-1.370021E-03	-4.484323E-04	-1.298760E-04	-3.707888E-05	-2.164743E-05
0.62450	 1.143008E+00	 1.111811E+00	 7.951906E-01	 2.897243E-01	 6.539809E-02	-2.450362E-02	-3.900090E-02	-3.020624E-02	-1.789334E-02	-9.020121E-03	-3.949310E-03	-1.514447E-03	-5.014687E-04	-1.450308E-04	-3.949031E-05	-2.184159E-05
0.62849	 1.146181E+00	 1.122783E+00	 8.080453E-01	 2.980778E-01	 6.979863E-02	-2.368620E-02	-3.980924E-02	-3.143496E-02	-1.890538E-02	-9.670719E-03	-4.297022E-03	-1.672759E-03	-5.608822E-04	-1.624521E-04	-4.233116E-05	-2.193137E-05
0.63246	 1.149399E+00	 1.133790E+00	 8.210296E-01	 3.065895E-01	 7.436201E-02	-2.277222E-02	-4.058709E-02	-3.268240E-02	-1.995473E-02	-1.035727E-02	-4.670376E-03	-1.845987E-03	-6.273265E-04	-1.824656E-04	-4.571249E-05	-2.192658E-05
0.63640	 1.152663E+00	 1.144831E+00	 8.341395E-01	 3.152579E-01	 7.908972E-02	-2.175824E-02	-4.133090E-02	-3.394657E-02	-2.104110E-02	-1.108062E-02	-5.070586E-03	-2.035190E-03	-7.014976E-04	-2.054321E-04	-4.976654E-05	-2.184583E-05
0.64031	 1.155973E+00	 1.155907E+00	 8.473736E-01	 3.240828E-01	 8.398409E-02	-2.064059E-02	-4.203714E-02	-3.522559E-02	-2.216429E-02	-1.184170E-02	-5.498944E-03	-2.241498E-03	-7.841489E-04	-2.317510E-04	-5.464594E-05	-2.171490E-05
0.64420	 1.159331E+00	 1.167017E+00	 8.607303E-01	 3.330642E-01	 8.904751E-02	-1.941554E-02	-4.270218E-02	-3.651739E-02	-2.332397E-02	-1.264139E-02	-5.956735E-03	-2.466080E-03	-8.760837E-04	-2.618632E-04	-6.052877E-05	-2.157136E-05
0.64807	 1.162736E+00	 1.178164E+00	 8.742083E-01	 3.422020E-01	 9.428214E-02	-1.807942E-02	-4.332229E-02	-3.781979E-02	-2.451965E-02	-1.348047E-02	-6.445242E-03	-2.710140E-03	-9.781529E-04	-2.962505E-04	-6.761958E-05	-2.146501E-05
0.65192	 1.166188E+00	 1.189346E+00	 8.878064E-01	 3.514961E-01	 9.969035E-02	-1.662851E-02	-4.389372E-02	-3.913051E-02	-2.575083E-02	-1.435972E-02	-6.965769E-03	-2.974931E-03	-1.091261E-03	-3.354382E-04	-7.614977E-05	-2.145785E-05
0.65574	 1.169689E+00	 1.200566E+00	 9.015219E-01	 3.609457E-01	 1.052737E-01	-1.505924E-02	-4.441246E-02	-4.044694E-02	-2.701663E-02	-1.527970E-02	-7.519530E-03	-3.261702E-03	-1.216349E-03	-3.799951E-04	-8.638331E-05	-2.163020E-05
0.65955	 1.173238E+00	 1.211822E+00	 9.153517E-01	 3.705495E-01	 1.110336E-01	-1.336816E-02	-4.487446E-02	-4.176625E-02	-2.831600E-02	-1.624084E-02	-8.107695E-03	-3.571720E-03	-1.354401E-03	-4.305340E-04	-9.861665E-05	-2.208011E-05
0.66332	 1.176835E+00	 1.223114E+00	 9.292932E-01	 3.803059E-01	 1.169710E-01	-1.155203E-02	-4.527578E-02	-4.308566E-02	-2.964786E-02	-1.724353E-02	-8.731422E-03	-3.906274E-03	-1.506445E-03	-4.877129E-04	-1.131793E-04	-2.292404E-05
0.66708	 1.180480E+00	 1.234441E+00	 9.433448E-01	 3.902143E-01	 1.230874E-01	-9.607663E-03	-4.561263E-02	-4.440249E-02	-3.101114E-02	-1.828818E-02	-9.391894E-03	-4.266697E-03	-1.673563E-03	-5.522393E-04	-1.304366E-04	-2.429889E-05
0.67082	 1.184174E+00	 1.245804E+00	 9.575068E-01	 4.002745E-01	 1.293849E-01	-7.531805E-03	-4.588133E-02	-4.571420E-02	-3.240491E-02	-1.937526E-02	-1.009036E-02	-4.654391E-03	-1.856902E-03	-6.248752E-04	-1.507912E-04	-2.636246E-05
0.67454	 1.187917E+00	 1.257202E+00	 9.717781E-01	 4.104858E-01	 1.358647E-01	-5.321426E-03	-4.607815E-02	-4.701805E-02	-3.382797E-02	-2.050510E-02	-1.082798E-02	-5.070748E-03	-2.057643E-03	-7.064298E-04	-1.746862E-04	-2.929855E-05
0.67823	 1.191709E+00	 1.268634E+00	 9.861560E-01	 4.208459E-01	 1.425273E-01	-2.973767E-03	-4.619920E-02	-4.831095E-02	-3.527878E-02	-2.167772E-02	-1.160578E-02	-5.517119E-03	-2.276987E-03	-7.977555E-04	-2.026068E-04	-3.332093E-05
0.68191	 1.195550E+00	 1.280098E+00	 1.000637E+00	 4.313530E-01	 1.493731E-01	-4.860743E-04	-4.624048E-02	-4.958961E-02	-3.675558E-02	-2.289299E-02	-1.242468E-02	-5.994841E-03	-2.516165E-03	-8.997539E-04	-2.350830E-04	-3.867408E-05
0.68557	 1.199440E+00	 1.291595E+00	 1.015220E+00	 4.420054E-01	 1.564026E-01	 2.144470E-03	-4.619801E-02	-5.085074E-02	-3.825658E-02	-2.415075E-02	-1.328560E-02	-6.505268E-03	-2.776456E-03	-1.013379E-03	-2.726906E-04	-4.563445E-05
0.68920	 1.203379E+00	 1.303124E+00	 1.029903E+00	 4.528024E-01	 1.636172E-01	 4.920805E-03	-4.606782E-02	-5.209107E-02	-3.977997E-02	-2.545083E-02	-1.418947E-02	-7.049789E-03	-3.059186E-03	-1.139643E-03	-3.160547E-04	-5.451269E-05
0.69282	 1.207368E+00	 1.314686E+00	 1.044687E+00	 4.637438E-01	 1.710184E-01	 7.846033E-03	-4.584587E-02	-5.330732E-02	-4.132391E-02	-2.679299E-02	-1.513719E-02	-7.629810E-03	-3.365735E-03	-1.279616E-03	-3.658528E-04	-6.565730E-05
0.69642	 1.211407E+00	 1.326283E+00	 1.059569E+00	 4.748288E-01	 1.786069E-01	 1.092299E-02	-4.552812E-02	-5.449597E-02	-4.288629E-02	-2.817681E-02	-1.612952E-02	-8.246692E-03	-3.697490E-03	-1.434412E-03	-4.228120E-04	-7.945718E-05
0.70000	 1.215495E+00	 1.337912E+00	 1.074549E+00	 4.860554E-01	 1.863832E-01	 1.415413E-02	-4.511059E-02	-5.565340E-02	-4.446477E-02	-2.960160E-02	-1.716709E-02	-8.901726E-03	-4.055842E-03	-1.605183E-03	-4.877072E-04	-9.634187E-05
0.70356	 1.219634E+00	 1.349574E+00	 1.089624E+00	 4.974227E-01	 1.943478E-01	 1.754208E-02	-4.458928E-02	-5.677596E-02	-4.605699E-02	-3.106670E-02	-1.825049E-02	-9.596221E-03	-4.442223E-03	-1.793136E-03	-5.613677E-04	-1.167840E-04
0.70711	 1.223823E+00	 1.361270E+00	 1.104794E+00	 5.089293E-01	 2.025013E-01	 2.108936E-02	-4.396018E-02	-5.785995E-02	-4.766045E-02	-3.257126E-02	-1.938024E-02	-1.033144E-02	-4.858077E-03	-1.999526E-03	-6.446760E-04	-1.413022E-04
0.71063	 1.228062E+00	 1.373000E+00	 1.120057E+00	 5.205739E-01	 2.108439E-01	 2.479831E-02	-4.321941E-02	-5.890161E-02	-4.927253E-02	-3.411431E-02	-2.055673E-02	-1.110862E-02	-5.304854E-03	-2.225643E-03	-7.385665E-04	-1.704625E-04
0.71414	 1.232352E+00	 1.384763E+00	 1.135414E+00	 5.323566E-01	 2.193772E-01	 2.867174E-02	-4.236289E-02	-5.989723E-02	-5.089068E-02	-3.569496E-02	-2.178042E-02	-1.192902E-02	-5.784074E-03	-2.472851E-03	-8.440384E-04	-2.048819E-04
0.71764	 1.236694E+00	 1.396562E+00	 1.150864E+00	 5.442767E-01	 2.281018E-01	 3.271215E-02	-4.138667E-02	-6.084297E-02	-5.251212E-02	-3.731204E-02	-2.305158E-02	-1.279383E-02	-6.297234E-03	-2.742546E-03	-9.621426E-04	-2.452297E-04
0.72111	 1.241087E+00	 1.408396E+00	 1.166408E+00	 5.563333E-01	 2.370183E-01	 3.692183E-02	-4.028681E-02	-6.173492E-02	-5.413389E-02	-3.896425E-02	-2.437035E-02	-1.370417E-02	-6.845820E-03	-3.036153E-03	-1.093983E-03	-2.922287E-04
0.72457	 1.245533E+00	 1.420267E+00	 1.182046E+00	 5.685275E-01	 2.461288E-01	 4.130390E-02	-3.905912E-02	-6.256919E-02	-5.575321E-02	-4.065043E-02	-2.573700E-02	-1.466126E-02	-7.431420E-03	-3.355189E-03	-1.240742E-03	-3.466624E-04
0.72801	 1.250032E+00	 1.432177E+00	 1.197780E+00	 5.808591E-01	 2.554343E-01	 4.586094E-02	-3.769953E-02	-6.334178E-02	-5.736699E-02	-4.236909E-02	-2.715156E-02	-1.566618E-02	-8.055562E-03	-3.701184E-03	-1.403646E-03	-4.093708E-04
0.73144	 1.254585E+00	 1.444127E+00	 1.213611E+00	 5.933281E-01	 2.649359E-01	 5.059544E-02	-3.620400E-02	-6.404860E-02	-5.897197E-02	-4.411861E-02	-2.861391E-02	-1.671991E-02	-8.719759E-03	-4.075695E-03	-1.583980E-03	-4.812539E-04
0.73485	 1.259193E+00	 1.456120E+00	 1.229540E+00	 6.059362E-01	 2.746362E-01	 5.551083E-02	-3.456809E-02	-6.468551E-02	-6.056506E-02	-4.589751E-02	-3.012408E-02	-1.782358E-02	-9.425638E-03	-4.480385E-03	-1.783117E-03	-5.632830E-04
0.73824	 1.263857E+00	 1.468156E+00	 1.245569E+00	 6.186834E-01	 2.845364E-01	 6.060969E-02	-3.278767E-02	-6.524828E-02	-6.214277E-02	-4.770389E-02	-3.168175E-02	-1.897808E-02	-1.017471E-02	-4.916890E-03	-2.002460E-03	-6.564860E-04
0.74162	 1.268577E+00	 1.480238E+00	 1.261699E+00	 6.315702E-01	 2.946378E-01	 6.589464E-02	-3.085851E-02	-6.573255E-02	-6.370150E-02	-4.953573E-02	-3.328650E-02	-2.018423E-02	-1.096846E-02	-5.386880E-03	-2.243475E-03	-7.619568E-04
0.74498	 1.273356E+00	 1.492369E+00	 1.277934E+00	 6.445989E-01	 3.049437E-01	 7.136951E-02	-2.877588E-02	-6.613395E-02	-6.523780E-02	-5.139123E-02	-3.493810E-02	-2.144302E-02	-1.180855E-02	-5.892152E-03	-2.507731E-03	-8.808740E-04
0.74833	 1.278193E+00	 1.504550E+00	 1.294274E+00	 6.577700E-01	 3.154553E-01	 7.703687E-02	-2.653553E-02	-6.644794E-02	-6.674777E-02	-5.326805E-02	-3.663585E-02	-2.275512E-02	-1.269641E-02	-6.434424E-03	-2.796805E-03	-1.014468E-03
0.75166	 1.283091E+00	 1.516784E+00	 1.310722E+00	 6.710844E-01	 3.261746E-01	 8.289972E-02	-2.413301E-02	-6.666997E-02	-6.822750E-02	-5.516381E-02	-3.837900E-02	-2.412115E-02	-1.363352E-02	-7.015473E-03	-3.112348E-03	-1.164046E-03
0.75498	 1.288050E+00	 1.529075E+00	 1.327285E+00	 6.845465E-01	 3.371065E-01	 8.896283E-02	-2.156301E-02	-6.679533E-02	-6.967328E-02	-5.707651E-02	-4.016720E-02	-2.554207E-02	-1.462159E-02	-7.637264E-03	-3.456158E-03	-1.331025E-03
0.75829	 1.293073E+00	 1.541426E+00	 1.343964E+00	 6.981577E-01	 3.482531E-01	 9.522932E-02	-1.882090E-02	-6.681922E-02	-7.108086E-02	-5.900345E-02	-4.199943E-02	-2.701835E-02	-1.566203E-02	-8.301626E-03	-3.830009E-03	-1.516867E-03
0.76158	 1.298161E+00	 1.553840E+00	 1.360762E+00	 7.119202E-01	 3.596174E-01	 1.017027E-01	-1.590184E-02	-6.673676E-02	-7.244599E-02	-6.094192E-02	-4.387466E-02	-2.855046E-02	-1.675628E-02	-9.010446E-03	-4.235755E-03	-1.723119E-03
0.76485	 1.303317E+00	 1.566323E+00	 1.377690E+00	 7.258404E-01	 3.712062E-01	 1.083891E-01	-1.279969E-02	-6.654280E-02	-7.376464E-02	-6.288972E-02	-4.579242E-02	-3.013933E-02	-1.790617E-02	-9.765894E-03	-4.675456E-03	-1.951475E-03
0.76811	 1.308543E+00	 1.578878E+00	 1.394750E+00	 7.399209E-01	 3.830229E-01	 1.152924E-01	-9.509234E-03	-6.623211E-02	-7.503218E-02	-6.484379E-02	-4.775139E-02	-3.178529E-02	-1.911309E-02	-1.056993E-02	-5.151111E-03	-2.203663E-03
0.77136	 1.313840E+00	 1.591509E+00	 1.411947E+00	 7.541638E-01	 3.950705E-01	 1.224163E-01	-6.025342E-03	-6.579940E-02	-7.624376E-02	-6.680083E-02	-4.975005E-02	-3.348845E-02	-2.037836E-02	-1.142448E-02	-5.664757E-03	-2.481482E-03
0.77460	 1.319212E+00	 1.604222E+00	 1.429289E+00	 7.685767E-01	 4.073572E-01	 1.297677E-01	-2.341052E-03	-6.523896E-02	-7.739490E-02	-6.875830E-02	-5.178766E-02	-3.524965E-02	-2.170383E-02	-1.233190E-02	-6.218722E-03	-2.786934E-03
0.77782	 1.324662E+00	 1.617022E+00	 1.446785E+00	 7.831644E-01	 4.198886E-01	 1.373522E-01	 1.549864E-03	-6.454500E-02	-7.848057E-02	-7.071289E-02	-5.386276E-02	-3.706915E-02	-2.309097E-02	-1.329434E-02	-6.815284E-03	-3.122061E-03
0.78102	 1.330191E+00	 1.629913E+00	 1.464438E+00	 7.979292E-01	 4.326681E-01	 1.451738E-01	 5.653046E-03	-6.371170E-02	-7.949533E-02	-7.266074E-02	-5.597332E-02	-3.894674E-02	-2.454096E-02	-1.431380E-02	-7.456681E-03	-3.488946E-03
0.78422	 1.335803E+00	 1.642899E+00	 1.482256E+00	 8.128781E-01	 4.457037E-01	 1.532397E-01	 9.975927E-03	-6.273270E-02	-8.043390E-02	-7.459855E-02	-5.811799E-02	-4.088285E-02	-2.605549E-02	-1.539266E-02	-8.145453E-03	-3.889895E-03
0.78740	 1.341500E+00	 1.655986E+00	 1.500245E+00	 8.280146E-01	 4.590001E-01	 1.615549E-01	 1.452497E-02	-6.160166E-02	-8.129050E-02	-7.652223E-02	-6.029459E-02	-4.287722E-02	-2.763576E-02	-1.653305E-02	-8.884025E-03	-4.327218E-03
0.79057	 1.347284E+00	 1.669176E+00	 1.518407E+00	 8.433403E-01	 4.725602E-01	 1.701234E-01	 1.930604E-02	-6.031228E-02	-8.205895E-02	-7.842712E-02	-6.250035E-02	-4.492906E-02	-2.928259E-02	-1.773685E-02	-9.674748E-03	-4.803248E-03
0.79373	 1.353159E+00	 1.682475E+00	 1.536754E+00	 8.588635E-01	 4.863936E-01	 1.789536E-01	 2.432781E-02	-5.885731E-02	-8.273328E-02	-8.030945E-02	-6.473357E-02	-4.703864E-02	-3.099766E-02	-1.900662E-02	-1.052045E-02	-5.320649E-03
0.79687	 1.359125E+00	 1.695886E+00	 1.555285E+00	 8.745848E-01	 5.005023E-01	 1.880493E-01	 2.959629E-02	-5.722997E-02	-8.330672E-02	-8.216395E-02	-6.699092E-02	-4.920476E-02	-3.278158E-02	-2.034419E-02	-1.142354E-02	-5.881920E-03
0.80000	 1.365184E+00	 1.709407E+00	 1.574001E+00	 8.905013E-01	 5.148844E-01	 1.974110E-01	 3.511572E-02	-5.542404E-02	-8.377206E-02	-8.398436E-02	-6.926791E-02	-5.142511E-02	-3.463404E-02	-2.175078E-02	-1.238611E-02	-6.489428E-03
0.80312	 1.371345E+00	 1.723057E+00	 1.592926E+00	 9.066341E-01	 5.295616E-01	 2.070553E-01	 4.089972E-02	-5.343014E-02	-8.412282E-02	-8.576745E-02	-7.156377E-02	-5.370103E-02	-3.655776E-02	-2.322989E-02	-1.341183E-02	-7.146575E-03
0.80623	 1.377616E+00	 1.736854E+00	 1.612091E+00	 9.230078E-01	 5.445593E-01	 2.170015E-01	 4.696406E-02	-5.123760E-02	-8.435179E-02	-8.750973E-02	-7.387780E-02	-5.603410E-02	-3.855585E-02	-2.478546E-02	-1.450479E-02	-7.857139E-03
0.80932	 1.384006E+00	 1.750809E+00	 1.631512E+00	 9.396328E-01	 5.598887E-01	 2.272591E-01	 5.331887E-02	-4.883720E-02	-8.445046E-02	-8.920486E-02	-7.620604E-02	-5.842290E-02	-4.062901E-02	-2.641977E-02	-1.566806E-02	-8.624397E-03
0.81240	 1.390524E+00	 1.764944E+00	 1.651220E+00	 9.565353E-01	 5.755774E-01	 2.378495E-01	 5.998209E-02	-4.621642E-02	-8.440998E-02	-9.084820E-02	-7.854702E-02	-6.086868E-02	-4.278036E-02	-2.813699E-02	-1.690616E-02	-9.452659E-03
0.81548	 1.397186E+00	 1.779284E+00	 1.671257E+00	 9.737490E-01	 5.916613E-01	 2.488003E-01	 6.697626E-02	-4.336030E-02	-8.422057E-02	-9.243533E-02	-8.090015E-02	-6.337384E-02	-4.501418E-02	-2.994246E-02	-1.822457E-02	-1.034698E-02
0.81854	 1.403997E+00	 1.793839E+00	 1.691636E+00	 9.912846E-01	 6.081532E-01	 2.601234E-01	 7.431459E-02	-4.025681E-02	-8.387122E-02	-9.395813E-02	-8.326026E-02	-6.593639E-02	-4.733114E-02	-3.183879E-02	-1.962700E-02	-1.131144E-02
0.82158	 1.410966E+00	 1.808620E+00	 1.712377E+00	 1.009155E+00	 6.250686E-01	 2.718331E-01	 8.201212E-02	-3.689275E-02	-8.335017E-02	-9.540812E-02	-8.562206E-02	-6.855440E-02	-4.973209E-02	-3.382888E-02	-2.111750E-02	-1.235047E-02
0.82462	 1.418106E+00	 1.823654E+00	 1.733517E+00	 1.027393E+00	 6.424449E-01	 2.839592E-01	 9.009462E-02	-3.324991E-02	-8.264445E-02	-9.677837E-02	-8.798308E-02	-7.122919E-02	-5.222095E-02	-3.591828E-02	-2.270221E-02	-1.347004E-02
0.82765	 1.425431E+00	 1.838964E+00	 1.755092E+00	 1.046028E+00	 6.603140E-01	 2.965281E-01	 9.858633E-02	-2.930989E-02	-8.173976E-02	-9.806010E-02	-9.033892E-02	-7.396045E-02	-5.480043E-02	-3.811175E-02	-2.438689E-02	-1.467610E-02
0.83066	 1.432949E+00	 1.854561E+00	 1.777120E+00	 1.065073E+00	 6.786951E-01	 3.095577E-01	 1.075065E-01	-2.505572E-02	-8.062089E-02	-9.924217E-02	-9.268231E-02	-7.674507E-02	-5.747094E-02	-4.041238E-02	-2.617628E-02	-1.597409E-02
0.83367	 1.440671E+00	 1.870461E+00	 1.799624E+00	 1.084548E+00	 6.976123E-01	 3.230699E-01	 1.168778E-01	-2.046819E-02	-7.927125E-02	-1.003130E-01	-9.500598E-02	-7.958031E-02	-6.023341E-02	-4.282389E-02	-2.807574E-02	-1.737001E-02
0.83666	 1.448606E+00	 1.886683E+00	 1.822629E+00	 1.104473E+00	 7.170920E-01	 3.370888E-01	 1.267250E-01	-1.552656E-02	-7.767299E-02	-1.012600E-01	-9.730203E-02	-8.246310E-02	-6.308868E-02	-4.535009E-02	-3.009091E-02	-1.887030E-02
0.83964	 1.456764E+00	 1.903237E+00	 1.846152E+00	 1.124863E+00	 7.371538E-01	 3.516335E-01	 1.370699E-01	-1.021078E-02	-7.580750E-02	-1.020690E-01	-9.956053E-02	-8.538839E-02	-6.603595E-02	-4.799358E-02	-3.222667E-02	-2.048104E-02
0.84261	 1.465152E+00	 1.920134E+00	 1.870207E+00	 1.145729E+00	 7.578155E-01	 3.667223E-01	 1.479344E-01	-4.500242E-03	-7.365508E-02	-1.027247E-01	-1.017702E-01	-8.835001E-02	-6.907350E-02	-5.075638E-02	-3.448767E-02	-2.220830E-02
0.84558	 1.473781E+00	 1.937392E+00	 1.894817E+00	 1.167091E+00	 7.791018E-01	 3.823787E-01	 1.593443E-01	 1.628310E-03	-7.119432E-02	-1.032108E-01	-1.039195E-01	-9.134182E-02	-7.219992E-02	-5.364098E-02	-3.687908E-02	-2.405879E-02
0.84853	 1.482665E+00	 1.955030E+00	 1.920014E+00	 1.188972E+00	 8.010460E-01	 3.986325E-01	 1.713309E-01	 8.201404E-03	-6.840163E-02	-1.035099E-01	-1.059964E-01	-9.435781E-02	-7.541423E-02	-5.665051E-02	-3.940688E-02	-2.604002E-02
0.85147	 1.491819E+00	 1.973073E+00	 1.945833E+00	 1.211404E+00	 8.236851E-01	 4.155167E-01	 1.839283E-01	 1.524809E-02	-6.525122E-02	-1.036031E-01	-1.079875E-01	-9.739118E-02	-7.871506E-02	-5.978806E-02	-4.207727E-02	-2.816000E-02
0.85440	 1.501258E+00	 1.991545E+00	 1.972308E+00	 1.234413E+00	 8.470551E-01	 4.330640E-01	 1.971714E-01	 2.279884E-02	-6.171530E-02	-1.034695E-01	-1.098777E-01	-1.004335E-01	-8.209977E-02	-6.305595E-02	-4.489616E-02	-3.042678E-02
0.85732	 1.510996E+00	 2.010468E+00	 1.999470E+00	 1.258025E+00	 8.711903E-01	 4.513063E-01	 2.110955E-01	 3.088524E-02	-5.776435E-02	-1.030859E-01	-1.116495E-01	-1.034746E-01	-8.556434E-02	-6.645558E-02	-4.786897E-02	-3.284833E-02
0.86023	 1.521049E+00	 2.029863E+00	 2.027348E+00	 1.282264E+00	 8.961244E-01	 4.702757E-01	 2.257367E-01	 3.954017E-02	-5.336699E-02	-1.024276E-01	-1.132837E-01	-1.065026E-01	-8.910346E-02	-6.998748E-02	-5.100069E-02	-3.543260E-02
0.86313	 1.531428E+00	 2.049749E+00	 2.055969E+00	 1.307151E+00	 9.218885E-01	 4.900022E-01	 2.411308E-01	 4.879719E-02	-4.849034E-02	-1.014678E-01	-1.147588E-01	-1.095037E-01	-9.271009E-02	-7.365090E-02	-5.429552E-02	-3.818720E-02
0.86603	 1.542147E+00	 2.070141E+00	 2.085353E+00	 1.332702E+00	 9.485075E-01	 5.105117E-01	 2.573107E-01	 5.868899E-02	-4.310080E-02	-1.001779E-01	-1.160512E-01	-1.124616E-01	-9.637484E-02	-7.744317E-02	-5.775625E-02	-4.111889E-02
0.86891	 1.553215E+00	 2.091051E+00	 2.115518E+00	 1.358930E+00	 9.760053E-01	 5.318292E-01	 2.743094E-01	 6.924868E-02	-3.716361E-02	-9.852777E-02	-1.171348E-01	-1.153580E-01	-1.000865E-01	-8.136015E-02	-6.138467E-02	-4.423386E-02
0.87178	 1.564647E+00	 2.112502E+00	 2.146489E+00	 1.385857E+00	 1.004414E+00	 5.539860E-01	 2.921656E-01	 8.051368E-02	-3.064059E-02	-9.648501E-02	-1.179822E-01	-1.181736E-01	-1.038331E-01	-8.539748E-02	-6.518264E-02	-4.753875E-02
0.87464	 1.576457E+00	 2.134513E+00	 2.178298E+00	 1.413505E+00	 1.033770E+00	 5.770169E-01	 3.109216E-01	 9.252445E-02	-2.349058E-02	-9.401461E-02	-1.185635E-01	-1.208872E-01	-1.076012E-01	-8.954976E-02	-6.915146E-02	-5.104003E-02
0.87750	 1.588657E+00	 2.157100E+00	 2.210958E+00	 1.441888E+00	 1.064096E+00	 6.009476E-01	 3.306133E-01	 1.053182E-01	-1.567304E-02	-9.108009E-02	-1.188458E-01	-1.234740E-01	-1.113738E-01	-9.380818E-02	-7.328958E-02	-5.474209E-02
0.88034	 1.601251E+00	 2.180264E+00	 2.244469E+00	 1.471001E+00	 1.095397E+00	 6.257882E-01	 3.512642E-01	 1.189247E-01	-7.151027E-03	-8.764515E-02	-1.187940E-01	-1.259056E-01	-1.151292E-01	-9.815960E-02	-7.759153E-02	-5.864616E-02
0.88318	 1.614241E+00	 2.204001E+00	 2.278821E+00	 1.500833E+00	 1.127671E+00	 6.515426E-01	 3.728926E-01	 1.333702E-01	 2.110694E-03	-8.367341E-02	-1.183715E-01	-1.281510E-01	-1.188426E-01	-1.025876E-01	-8.204887E-02	-6.275102E-02
0.88600	 1.627639E+00	 2.228333E+00	 2.314036E+00	 1.531403E+00	 1.160948E+00	 6.782412E-01	 3.955391E-01	 1.486961E-01	 1.215755E-02	-7.912324E-02	-1.175394E-01	-1.301794E-01	-1.224908E-01	-1.070781E-01	-8.665550E-02	-6.705787E-02
0.88882	 1.641465E+00	 2.253294E+00	 2.350152E+00	 1.562743E+00	 1.195274E+00	 7.059290E-01	 4.192585E-01	 1.649551E-01	 2.304380E-02	-7.394689E-02	-1.162548E-01	-1.319580E-01	-1.260492E-01	-1.116167E-01	-9.140579E-02	-7.156886E-02
0.89163	 1.655711E+00	 2.278875E+00	 2.387134E+00	 1.594828E+00	 1.230624E+00	 7.345938E-01	 4.440561E-01	 1.821675E-01	 3.480432E-02	-6.810301E-02	-1.144724E-01	-1.334449E-01	-1.294811E-01	-1.161753E-01	-9.628058E-02	-7.627402E-02
0.89443	 1.670357E+00	 2.305036E+00	 2.424911E+00	 1.627593E+00	 1.266931E+00	 7.641865E-01	 4.699044E-01	 2.003303E-01	 4.745727E-02	-6.155865E-02	-1.121489E-01	-1.345952E-01	-1.327432E-01	-1.207176E-01	-1.012517E-01	-8.115471E-02
0.89722	 1.685411E+00	 2.331796E+00	 2.463495E+00	 1.661043E+00	 1.304210E+00	 7.947243E-01	 4.968338E-01	 2.194783E-01	 6.104570E-02	-5.427084E-02	-1.092409E-01	-1.353712E-01	-1.358029E-01	-1.252195E-01	-1.063031E-01	-8.620329E-02
0.90000	 1.700909E+00	 2.359241E+00	 2.502961E+00	 1.695258E+00	 1.342548E+00	 8.262860E-01	 5.249288E-01	 2.396902E-01	 7.564694E-02	-4.617179E-02	-1.056878E-01	-1.357251E-01	-1.386225E-01	-1.296560E-01	-1.114202E-01	-9.141537E-02
0.90277	 1.716866E+00	 2.387451E+00	 2.543333E+00	 1.730294E+00	 1.381980E+00	 8.589206E-01	 5.542439E-01	 2.610349E-01	 9.133747E-02	-3.718017E-02	-1.014090E-01	-1.355828E-01	-1.411369E-01	-1.339748E-01	-1.165638E-01	-9.676558E-02
0.90554	 1.733284E+00	 2.416462E+00	 2.584595E+00	 1.766163E+00	 1.422501E+00	 8.926386E-01	 5.847991E-01	 2.835522E-01	 1.081708E-01	-2.723113E-02	-9.633417E-02	-1.348753E-01	-1.432814E-01	-1.381210E-01	-1.216899E-01	-1.022225E-01
0.90830	 1.750171E+00	 2.446281E+00	 2.626765E+00	 1.802864E+00	 1.464127E+00	 9.274494E-01	 6.166198E-01	 3.072698E-01	 1.261859E-01	-1.628454E-02	-9.041921E-02	-1.335616E-01	-1.450174E-01	-1.420634E-01	-1.267740E-01	-1.077706E-01
0.91104	 1.767528E+00	 2.476899E+00	 2.669830E+00	 1.840377E+00	 1.506849E+00	 9.633437E-01	 6.497138E-01	 3.322036E-01	 1.454133E-01	-4.303297E-03	-8.361931E-02	-1.315969E-01	-1.463004E-01	-1.457635E-01	-1.317838E-01	-1.133867E-01
0.91378	 1.785323E+00	 2.508293E+00	 2.713704E+00	 1.878650E+00	 1.550586E+00	 1.000266E+00	 6.840385E-01	 3.583433E-01	 1.658667E-01	 8.751803E-03	-7.587838E-02	-1.289147E-01	-1.470600E-01	-1.491540E-01	-1.366588E-01	-1.190210E-01
0.91652	 1.803523E+00	 2.540425E+00	 2.758286E+00	 1.917614E+00	 1.595238E+00	 1.038142E+00	 7.195325E-01	 3.856610E-01	 1.875439E-01	 2.290621E-02	-6.715131E-02	-1.254562E-01	-1.472301E-01	-1.521690E-01	-1.413371E-01	-1.246207E-01
0.91924	 1.822108E+00	 2.573270E+00	 2.803524E+00	 1.957225E+00	 1.640750E+00	 1.076924E+00	 7.561612E-01	 4.141386E-01	 2.104454E-01	 3.817757E-02	-5.740540E-02	-1.211795E-01	-1.467624E-01	-1.547600E-01	-1.457724E-01	-1.301460E-01
0.92195	 1.841075E+00	 2.606838E+00	 2.849405E+00	 1.997480E+00	 1.687109E+00	 1.116601E+00	 7.939214E-01	 4.437844E-01	 2.345925E-01	 5.459940E-02	-4.659652E-02	-1.160344E-01	-1.456025E-01	-1.568742E-01	-1.499152E-01	-1.355542E-01
0.92466	 1.860415E+00	 2.641152E+00	 2.895902E+00	 2.038383E+00	 1.734290E+00	 1.157161E+00	 8.328025E-01	 4.746059E-01	 2.600055E-01	 7.221003E-02	-3.467424E-02	-1.099614E-01	-1.436861E-01	-1.584472E-01	-1.537047E-01	-1.407921E-01
0.92736	 1.880098E+00	 2.676179E+00	 2.942934E+00	 2.079883E+00	 1.782202E+00	 1.198531E+00	 8.727367E-01	 5.065621E-01	 2.866641E-01	 9.101695E-02	-2.161072E-02	-1.029152E-01	-1.409560E-01	-1.594166E-01	-1.570773E-01	-1.457994E-01
0.93005	 1.900087E+00	 2.711850E+00	 2.990404E+00	 2.121889E+00	 1.830722E+00	 1.240604E+00	 9.136205E-01	 5.395755E-01	 3.145143E-01	 1.109969E-01	-7.404245E-03	-9.487221E-02	-1.373715E-01	-1.597312E-01	-1.599764E-01	-1.505192E-01
0.93274	 1.920416E+00	 2.748203E+00	 3.038406E+00	 2.164453E+00	 1.879911E+00	 1.283416E+00	 9.554876E-01	 5.736688E-01	 3.435833E-01	 1.321776E-01	 7.979015E-03	-8.579739E-02	-1.328938E-01	-1.593533E-01	-1.623645E-01	-1.549174E-01
0.93541	 1.941287E+00	 2.785587E+00	 3.087432E+00	 2.207990E+00	 1.930256E+00	 1.327372E+00	 9.987287E-01	 6.091545E-01	 3.741447E-01	 1.547694E-01	 2.470914E-02	-7.556999E-02	-1.274354E-01	-1.582300E-01	-1.642125E-01	-1.589869E-01
0.93808	 1.963037E+00	 2.824616E+00	 3.138297E+00	 2.253231E+00	 1.982603E+00	 1.373202E+00	 1.044055E+00	 6.466186E-01	 4.067160E-01	 1.791778E-01	 4.311323E-02	-6.395542E-02	-1.208288E-01	-1.562618E-01	-1.654700E-01	-1.627208E-01
0.94074	 1.985937E+00	 2.865745E+00	 3.191645E+00	 2.300728E+00	 2.037618E+00	 1.421481E+00	 1.092046E+00	 6.865437E-01	 4.417416E-01	 2.057616E-01	 6.349705E-02	-5.072187E-02	-1.128945E-01	-1.533289E-01	-1.660599E-01	-1.660850E-01
0.94340	 2.010040E+00	 2.908964E+00	 3.247586E+00	 2.350495E+00	 2.095381E+00	 1.472249E+00	 1.142783E+00	 7.289925E-01	 4.793146E-01	 2.346107E-01	 8.596866E-02	-3.576667E-02	-1.035265E-01	-1.493387E-01	-1.658973E-01	-1.690125E-01
0.94604	 2.035304E+00	 2.954078E+00	 3.305989E+00	 2.402336E+00	 2.155717E+00	 1.525337E+00	 1.196135E+00	 7.738557E-01	 5.193807E-01	 2.657063E-01	 1.105561E-01	-1.903575E-02	-9.264358E-02	-1.442030E-01	-1.648857E-01	-1.714140E-01
0.94868	 2.061826E+00	 3.001195E+00	 3.367064E+00	 2.456394E+00	 2.218818E+00	 1.580902E+00	 1.252286E+00	 8.212937E-01	 5.621204E-01	 2.992185E-01	 1.374399E-01	-3.603120E-04	-8.007983E-02	-1.377773E-01	-1.628944E-01	-1.731852E-01
0.95131	 2.090036E+00	 3.051021E+00	 3.431801E+00	 2.513503E+00	 2.285724E+00	 1.639838E+00	 1.312169E+00	 8.720891E-01	 6.082775E-01	 3.357580E-01	 1.671602E-01	 2.068465E-02	-6.548757E-02	-1.298125E-01	-1.597427E-01	-1.742235E-01
0.95394	 2.120518E+00	 3.104536E+00	 3.501549E+00	 2.574810E+00	 2.357890E+00	 1.703401E+00	 1.377119E+00	 9.273734E-01	 6.589381E-01	 3.762187E-01	 2.005098E-01	 4.472210E-02	-4.835866E-02	-1.199466E-01	-1.551714E-01	-1.743853E-01
0.95656	 2.153527E+00	 3.162113E+00	 3.576841E+00	 2.640733E+00	 2.435876E+00	 1.772075E+00	 1.447704E+00	 9.876493E-01	 7.146471E-01	 4.210953E-01	 2.379903E-01	 7.220398E-02	-2.826517E-02	-1.078156E-01	-1.488601E-01	-1.734229E-01
0.95917	 2.188972E+00	 3.223482E+00	 3.657377E+00	 2.710944E+00	 2.519341E+00	 1.845557E+00	 1.523693E+00	 1.052752E+00	 7.753485E-01	 4.704114E-01	 2.797273E-01	 1.033243E-01	-4.946733E-03	-9.313280E-02	-1.404981E-01	-1.710415E-01
0.96177	 2.226880E+00	 3.288552E+00	 3.743154E+00	 2.785347E+00	 2.608289E+00	 1.923828E+00	 1.605173E+00	 1.122763E+00	 8.412188E-01	 5.243537E-01	 3.259782E-01	 1.383564E-01	 2.190841E-02	-7.559296E-02	-1.297726E-01	-1.669632E-01
0.96437	 2.267521E+00	 3.357658E+00	 3.834739E+00	 2.864331E+00	 2.703343E+00	 2.007396E+00	 1.692798E+00	 1.198240E+00	 9.128857E-01	 5.834682E-01	 3.773133E-01	 1.778099E-01	 5.280078E-02	-5.475921E-02	-1.162768E-01	-1.608581E-01
0.96695	 2.311212E+00	 3.431276E+00	 3.932779E+00	 2.948406E+00	 2.805206E+00	 2.096860E+00	 1.787305E+00	 1.279835E+00	 9.910805E-01	 6.484135E-01	 4.344260E-01	 2.223232E-01	 8.836607E-02	-3.005748E-02	-9.946684E-02	-1.522660E-01
0.96954	 2.358190E+00	 3.509773E+00	 4.037719E+00	 3.037931E+00	 2.914358E+00	 2.192638E+00	 1.889239E+00	 1.368052E+00	 1.076414E+00	 7.197681E-01	 4.979637E-01	 2.725246E-01	 1.292609E-01	-8.627395E-04	-7.872481E-02	-1.406340E-01
0.97211	 2.408640E+00	 3.593356E+00	 4.149876E+00	 3.133085E+00	 3.031115E+00	 2.294975E+00	 1.998995E+00	 1.463251E+00	 1.169380E+00	 7.979994E-01	 5.684941E-01	 3.289758E-01	 1.761031E-01	 3.343171E-02	-5.342542E-02	-1.253839E-01
0.97468	 2.462937E+00	 3.682506E+00	 4.270006E+00	 3.234365E+00	 3.156257E+00	 2.404482E+00	 2.117394E+00	 1.566138E+00	 1.270835E+00	 8.838658E-01	 6.468679E-01	 3.924628E-01	 2.297152E-01	 7.359708E-02	-2.279744E-02	-1.058214E-01
0.97724	 2.521888E+00	 3.778457E+00	 4.399824E+00	 3.343098E+00	 3.291608E+00	 2.522678E+00	 2.246264E+00	 1.678305E+00	 1.382535E+00	 9.788961E-01	 7.346759E-01	 4.643906E-01	 2.914824E-01	 1.208692E-01	 1.433259E-02	-8.093139E-02
0.97980	 2.586419E+00	 3.882682E+00	 4.541277E+00	 3.460826E+00	 3.439256E+00	 2.651306E+00	 2.387731E+00	 1.801622E+00	 1.506572E+00	 1.084932E+00	 8.338659E-01	 5.464933E-01	 3.631403E-01	 1.768161E-01	 5.947069E-02	-4.938316E-02
0.98234	 2.656923E+00	 3.995752E+00	 4.695062E+00	 3.588034E+00	 3.599911E+00	 2.790901E+00	 2.542622E+00	 1.936837E+00	 1.643968E+00	 1.202928E+00	 9.456257E-01	 6.399101E-01	 4.459769E-01	 2.427137E-01	 1.139600E-01	-9.868507E-03
0.98489	 2.733489E+00	 4.117723E+00	 4.861190E+00	 3.724623E+00	 3.773534E+00	 2.941332E+00	 2.711044E+00	 2.084069E+00	 1.795127E+00	 1.333312E+00	 1.070678E+00	 7.453879E-01	 5.409753E-01	 3.196100E-01	 1.789965E-01	 3.886416E-02
0.98742	 2.816606E+00	 4.249311E+00	 5.040582E+00	 3.871243E+00	 3.961092E+00	 3.103303E+00	 2.894086E+00	 2.244256E+00	 1.961314E+00	 1.477235E+00	 1.210457E+00	 8.642426E-01	 6.496617E-01	 4.089736E-01	 2.561587E-01	 9.837283E-02
0.98995	 2.907002E+00	 4.391598E+00	 5.234666E+00	 4.028935E+00	 4.164066E+00	 3.277918E+00	 3.093328E+00	 2.418737E+00	 2.144253E+00	 1.636237E+00	 1.366824E+00	 9.981480E-01	 7.739502E-01	 5.125918E-01	 3.473599E-01	 1.705112E-01
0.99247	 3.005232E+00	 4.545374E+00	 5.444454E+00	 4.198398E+00	 4.383434E+00	 3.465826E+00	 3.309838E+00	 2.608379E+00	 2.345215E+00	 1.811491E+00	 1.541319E+00	 1.148525E+00	 9.155881E-01	 6.321151E-01	 4.544709E-01	 2.571262E-01
0.99499	 3.112067E+00	 4.711741E+00	 5.671408E+00	 4.380665E+00	 4.620611E+00	 3.668011E+00	 3.545130E+00	 2.814411E+00	 2.565900E+00	 2.004534E+00	 1.735896E+00	 1.317116E+00	 1.076704E+00	 7.694860E-01	 5.796900E-01	 3.603592E-01
0.99750	 3.228892E+00	 4.892719E+00	 5.918280E+00	 4.577739E+00	 4.878324E+00	 3.886487E+00	 3.802002E+00	 3.039132E+00	 2.809196E+00	 2.217907E+00	 1.953604E+00	 1.506526E+00	 1.260402E+00	 9.274372E-01	 7.260300E-01	 4.831071E-01
1.00000	 3.353917E+00	 5.086121E+00	 6.181005E+00	 4.786872E+00	 5.151534E+00	 4.117092E+00	 4.074237E+00	 3.276807E+00	 3.067879E+00	 2.444876E+00	 2.186695E+00	 1.709650E+00	 1.459022E+00	 1.098893E+00	 8.863356E-01	 6.187268E-01
