r	   0/   0	   1/   0	   2/   0	   3/   0	   4/   0	   5/   0	   6/   0	   7/   0	   8/   0	   9/   0	  10/   0	  11/   0	  12/   0	  13/   0	  14/   0	  15/   0
0.07071	 0.000000E+00	-3.105844E-05	 4.087187E-04	 7.865271E-05	-9.624036E-06	-7.422767E-06	 4.307097E-06	 4.190087E-06	 7.046339E-06	 2.150102E-06	-2.719825E-07	 2.933016E-08	-8.202254E-08	 3.376737E-08	 3.493966E-08	 5.324626E-09
0.10000	 0.000000E+00	-4.267533E-05	 5.107733E-04	 9.838708E-05	-1.968408E-05	-9.844342E-06	 1.153480E-05	 8.058421E-06	 1.107515E-05	 3.530021E-06	-3.813756E-07	-9.608093E-09	-5.304265E-08	 6.502118E-08	 6.567822E-08	 1.669895E-08
0.12247	 0.000000E+00	-5.381303E-05	 4.811508E-04	 1.154852E-04	-8.024919E-06	-8.378283E-06	 1.381918E-05	 9.202922E-06	 1.005743E-05	 3.714079E-06	-3.443912E-07	 2.549320E-09	 7.582876E-08	 9.138390E-08	 6.145507E-08	 1.435414E-08
0.14142	 0.000000E+00	-6.295384E-05	 4.636626E-04	 1.315848E-04	 6.428088E-06	-3.410898E-06	 1.558681E-05	 8.644875E-06	 7.765008E-06	 3.090616E-06	-4.094934E-07	 2.854112E-08	 1.944022E-07	 1.107780E-07	 3.493455E-08	 6.939949E-09
0.15811	 0.000000E+00	-7.109480E-05	 4.497994E-04	 1.465279E-04	 2.188128E-05	 1.881840E-06	 1.612545E-05	 8.080010E-06	 5.711457E-06	 2.376182E-06	-3.772796E-07	 1.130404E-08	 2.456835E-07	 1.325411E-07	 1.647193E-08	 4.113057E-09
0.17321	 0.000000E+00	-7.857988E-05	 4.373703E-04	 1.597675E-04	 3.702995E-05	 7.137096E-06	 1.601727E-05	 7.625488E-06	 4.200223E-06	 1.832743E-06	-2.423743E-07	-3.900476E-09	 2.390316E-07	 1.400925E-07	 7.942351E-09	 2.149159E-09
0.18708	 0.000000E+00	-8.545742E-05	 4.257976E-04	 1.711180E-04	 5.118663E-05	 1.229817E-05	 1.581339E-05	 7.371860E-06	 3.257046E-06	 1.478837E-06	-6.945197E-08	 4.106914E-09	 2.053724E-07	 1.363679E-07	 7.637595E-09	 7.618613E-10
0.20000	 0.000000E+00	-9.168409E-05	 4.149712E-04	 1.806709E-04	 6.411565E-05	 1.737001E-05	 1.582117E-05	 7.334073E-06	 2.789010E-06	 1.292792E-06	 9.966165E-08	 3.198396E-08	 1.666773E-07	 1.269505E-07	 1.281739E-08	 9.186307E-10
0.21213	 0.000000E+00	-9.720940E-05	 4.049412E-04	 1.886815E-04	 7.583789E-05	 2.234453E-05	 1.615920E-05	 7.491625E-06	 2.662460E-06	 1.234778E-06	 2.476230E-07	 7.132083E-08	 1.348065E-07	 1.160480E-07	 2.048971E-08	 2.534209E-09
0.22361	 0.000000E+00	-1.020104E-04	 3.957854E-04	 1.954441E-04	 8.649539E-05	 2.723674E-05	 1.684908E-05	 7.790802E-06	 2.740960E-06	 1.257671E-06	 3.674986E-07	 1.140169E-07	 1.138740E-07	 1.059681E-07	 2.792397E-08	 4.699400E-09
0.23452	 0.000000E+00	-1.061212E-04	 3.874902E-04	 2.012453E-04	 9.628365E-05	 3.206692E-05	 1.785915E-05	 8.180654E-06	 2.918258E-06	 1.319721E-06	 4.583278E-07	 1.540687E-07	 1.030459E-07	 9.779459E-08	 3.359489E-08	 6.577777E-09
0.24495	 0.000000E+00	-1.096387E-04	 3.799453E-04	 2.063219E-04	 1.054034E-04	 3.686841E-05	 1.914403E-05	 8.622608E-06	 3.124700E-06	 1.392528E-06	 5.228686E-07	 1.876450E-07	 9.939182E-08	 9.176996E-08	 3.690655E-08	 7.561965E-09
0.25495	 0.000000E+00	-1.126989E-04	 3.729849E-04	 2.108394E-04	 1.140245E-04	 4.167628E-05	 2.065993E-05	 9.098513E-06	 3.326719E-06	 1.462440E-06	 5.667427E-07	 2.133033E-07	 9.991558E-08	 8.783716E-08	 3.801978E-08	 7.411064E-09
0.26458	 0.000000E+00	-1.154395E-04	 3.664451E-04	 2.149068E-04	 1.222751E-04	 4.650446E-05	 2.236261E-05	 9.616783E-06	 3.521875E-06	 1.526373E-06	 5.977429E-07	 2.326947E-07	 1.025471E-07	 8.576212E-08	 3.781294E-08	 6.497553E-09
0.27386	 0.000000E+00	-1.179727E-04	 3.601777E-04	 2.185859E-04	 1.302416E-04	 5.136063E-05	 2.421838E-05	 1.019121E-05	 3.718744E-06	 1.586556E-06	 6.226663E-07	 2.481134E-07	 1.060756E-07	 8.511247E-08	 3.704542E-08	 5.235870E-09
0.28284	 0.000000E+00	-1.203771E-04	 3.540794E-04	 2.219060E-04	 1.379733E-04	 5.624986E-05	 2.620454E-05	 1.083191E-05	 3.927878E-06	 1.647577E-06	 6.464578E-07	 2.613905E-07	 1.099596E-07	 8.555834E-08	 3.621901E-08	 3.887786E-09
0.29155	 0.000000E+00	-1.226927E-04	 3.480975E-04	 2.248928E-04	 1.455019E-04	 6.116778E-05	 2.830191E-05	 1.154884E-05	 4.160227E-06	 1.712985E-06	 6.723967E-07	 2.746267E-07	 1.141765E-07	 8.672026E-08	 3.572520E-08	 2.785373E-09
0.30000	 0.000000E+00	-1.249297E-04	 3.422249E-04	 2.275759E-04	 1.528498E-04	 6.610764E-05	 3.049550E-05	 1.234457E-05	 4.421858E-06	 1.784869E-06	 7.019463E-07	 2.892898E-07	 1.188435E-07	 8.817955E-08	 3.569275E-08	 2.154989E-09
0.30822	 0.000000E+00	-1.270834E-04	 3.364790E-04	 2.299853E-04	 1.600317E-04	 7.106712E-05	 3.277685E-05	 1.321223E-05	 4.712429E-06	 1.864752E-06	 7.352768E-07	 3.054415E-07	 1.239023E-07	 8.973557E-08	 3.601884E-08	 1.935358E-09
0.31623	 0.000000E+00	-1.291454E-04	 3.308749E-04	 2.321510E-04	 1.670606E-04	 7.604584E-05	 3.514070E-05	 1.414320E-05	 5.029651E-06	 1.953569E-06	 7.720242E-07	 3.226451E-07	 1.292666E-07	 9.136426E-08	 3.656245E-08	 1.963728E-09
0.32404	 0.000000E+00	-1.311082E-04	 3.254252E-04	 2.341033E-04	 1.739484E-04	 8.104110E-05	 3.758177E-05	 1.513151E-05	 5.371894E-06	 2.051400E-06	 8.117597E-07	 3.408376E-07	 1.349756E-07	 9.301854E-08	 3.723382E-08	 2.180606E-09
0.33166	 0.000000E+00	-1.329667E-04	 3.201383E-04	 2.358685E-04	 1.807068E-04	 8.605180E-05	 4.009670E-05	 1.617189E-05	 5.737210E-06	 2.158205E-06	 8.541552E-07	 3.598607E-07	 1.410095E-07	 9.468348E-08	 3.795005E-08	 2.514185E-09
0.33912	 0.000000E+00	-1.347175E-04	 3.150103E-04	 2.374682E-04	 1.873453E-04	 9.107845E-05	 4.268400E-05	 1.726108E-05	 6.124250E-06	 2.274031E-06	 8.989564E-07	 3.794028E-07	 1.472750E-07	 9.640359E-08	 3.862562E-08	 2.838240E-09
0.34641	 0.000000E+00	-1.363604E-04	 3.101217E-04	 2.389037E-04	 1.938360E-04	 9.610919E-05	 4.534487E-05	 1.839463E-05	 6.530054E-06	 2.399922E-06	 9.468315E-07	 3.990025E-07	 1.536504E-07	 9.847284E-08	 3.933657E-08	 3.001839E-09
0.35355	 0.000000E+00	-1.378768E-04	 3.054609E-04	 2.401934E-04	 2.001899E-04	 1.011466E-04	 4.807946E-05	 1.957578E-05	 6.956651E-06	 2.535903E-06	 9.980009E-07	 4.190638E-07	 1.602185E-07	 1.008331E-07	 4.011815E-08	 3.047580E-09
0.36056	 0.000000E+00	-1.392916E-04	 3.009114E-04	 2.413522E-04	 2.064504E-04	 1.062107E-04	 5.089024E-05	 2.081285E-05	 7.410255E-06	 2.682406E-06	 1.052438E-06	 4.402960E-07	 1.672510E-07	 1.033553E-07	 4.095862E-08	 3.082768E-09
0.36742	 0.000000E+00	-1.406674E-04	 2.964394E-04	 2.423707E-04	 2.126250E-04	 1.113116E-04	 5.378462E-05	 2.211031E-05	 7.894232E-06	 2.841402E-06	 1.110964E-06	 4.629636E-07	 1.749752E-07	 1.062377E-07	 4.194375E-08	 3.126776E-09
0.37417	 0.000000E+00	-1.420266E-04	 2.920635E-04	 2.432489E-04	 2.187105E-04	 1.164511E-04	 5.676859E-05	 2.347188E-05	 8.410592E-06	 3.014225E-06	 1.174361E-06	 4.873705E-07	 1.835601E-07	 1.096079E-07	 4.315151E-08	 3.211626E-09
0.38079	 0.000000E+00	-1.433644E-04	 2.877847E-04	 2.439975E-04	 2.247143E-04	 1.216315E-04	 5.984409E-05	 2.490078E-05	 8.961970E-06	 3.201856E-06	 1.243001E-06	 5.138438E-07	 1.932253E-07	 1.135130E-07	 4.460278E-08	 3.383384E-09
0.38730	 0.000000E+00	-1.446785E-04	 2.835760E-04	 2.446288E-04	 2.306522E-04	 1.268580E-04	 6.301069E-05	 2.639981E-05	 9.551408E-06	 3.405064E-06	 1.317001E-06	 5.427255E-07	 2.042148E-07	 1.179594E-07	 4.628414E-08	 3.701333E-09
0.39370	 0.000000E+00	-1.459688E-04	 2.794473E-04	 2.451544E-04	 2.365292E-04	 1.321290E-04	 6.626726E-05	 2.796945E-05	 1.017982E-05	 3.624275E-06	 1.396565E-06	 5.741992E-07	 2.166481E-07	 1.229731E-07	 4.819421E-08	 4.201878E-09
0.40000	 0.000000E+00	-1.472173E-04	 2.754840E-04	 2.455893E-04	 2.423295E-04	 1.374316E-04	 6.961243E-05	 2.960668E-05	 1.084418E-05	 3.859323E-06	 1.482137E-06	 6.080246E-07	 2.303294E-07	 1.286465E-07	 5.040016E-08	 4.839834E-09
0.40620	 0.000000E+00	-1.483871E-04	 2.717205E-04	 2.459672E-04	 2.480734E-04	 1.427703E-04	 7.304663E-05	 3.131195E-05	 1.154452E-05	 4.109955E-06	 1.573669E-06	 6.442000E-07	 2.451689E-07	 1.349051E-07	 5.290748E-08	 5.630628E-09
0.41231	 0.000000E+00	-1.494812E-04	 2.681135E-04	 2.463169E-04	 2.538088E-04	 1.481693E-04	 7.657613E-05	 3.309041E-05	 1.228471E-05	 4.376865E-06	 1.670983E-06	 6.828687E-07	 2.612579E-07	 1.416818E-07	 5.568156E-08	 6.613277E-09
0.41833	 0.000000E+00	-1.505410E-04	 2.646593E-04	 2.466470E-04	 2.595574E-04	 1.536451E-04	 8.021244E-05	 3.494689E-05	 1.306678E-05	 4.661387E-06	 1.774564E-06	 7.239150E-07	 2.785430E-07	 1.490933E-07	 5.877372E-08	 7.759845E-09
0.42426	 0.000000E+00	-1.515823E-04	 2.613951E-04	 2.469711E-04	 2.653311E-04	 1.592084E-04	 8.396806E-05	 3.688689E-05	 1.389214E-05	 4.964610E-06	 1.885073E-06	 7.672886E-07	 2.968945E-07	 1.572102E-07	 6.225762E-08	 9.054844E-09
0.43012	 0.000000E+00	-1.526042E-04	 2.583305E-04	 2.473076E-04	 2.711548E-04	 1.648764E-04	 8.785497E-05	 3.891780E-05	 1.476464E-05	 5.288096E-06	 2.002974E-06	 8.131071E-07	 3.163583E-07	 1.660563E-07	 6.615545E-08	 1.051460E-08
0.43589	 0.000000E+00	-1.536231E-04	 2.554309E-04	 2.476658E-04	 2.770609E-04	 1.706728E-04	 9.188690E-05	 4.104958E-05	 1.569065E-05	 5.634147E-06	 2.128764E-06	 8.616589E-07	 3.371245E-07	 1.756558E-07	 7.046529E-08	 1.218632E-08
0.44159	 0.000000E+00	-1.546700E-04	 2.526806E-04	 2.480419E-04	 2.830628E-04	 1.766134E-04	 9.607839E-05	 4.329190E-05	 1.667560E-05	 6.005278E-06	 2.263315E-06	 9.131616E-07	 3.592877E-07	 1.860992E-07	 7.522696E-08	 1.409354E-08
0.44721	 0.000000E+00	-1.557574E-04	 2.501019E-04	 2.484325E-04	 2.891576E-04	 1.827037E-04	 1.004428E-04	 4.565349E-05	 1.772337E-05	 6.403751E-06	 2.407791E-06	 9.677620E-07	 3.827662E-07	 1.974676E-07	 8.053203E-08	 1.624225E-08
0.45277	 0.000000E+00	-1.568809E-04	 2.476907E-04	 2.488399E-04	 2.953574E-04	 1.889568E-04	 1.049933E-04	 4.814511E-05	 1.884054E-05	 6.832459E-06	 2.563224E-06	 1.025824E-06	 4.076752E-07	 2.097932E-07	 8.642896E-08	 1.868444E-08
0.45826	 0.000000E+00	-1.580545E-04	 2.453989E-04	 2.492583E-04	 3.016817E-04	 1.953921E-04	 1.097442E-04	 5.077940E-05	 2.003617E-05	 7.295155E-06	 2.730653E-06	 1.087870E-06	 4.343206E-07	 2.231257E-07	 9.292330E-08	 2.149734E-08
0.46368	 0.000000E+00	-1.593087E-04	 2.431993E-04	 2.496697E-04	 3.081293E-04	 2.020176E-04	 1.147084E-04	 5.356742E-05	 2.131746E-05	 7.795515E-06	 2.911494E-06	 1.154289E-06	 4.628377E-07	 2.375639E-07	 1.000669E-07	 2.472446E-08
0.46904	 0.000000E+00	-1.606513E-04	 2.411002E-04	 2.500623E-04	 3.146888E-04	 2.088327E-04	 1.198961E-04	 5.651856E-05	 2.269002E-05	 8.336748E-06	 3.107290E-06	 1.225455E-06	 4.932280E-07	 2.531597E-07	 1.079324E-07	 2.840326E-08
0.47434	 0.000000E+00	-1.620755E-04	 2.390981E-04	 2.504346E-04	 3.213646E-04	 2.158445E-04	 1.253185E-04	 5.964381E-05	 2.416152E-05	 8.922681E-06	 3.319572E-06	 1.301873E-06	 5.256015E-07	 2.699265E-07	 1.165618E-07	 3.259669E-08
0.47958	 0.000000E+00	-1.635889E-04	 2.371617E-04	 2.507832E-04	 3.281741E-04	 2.230708E-04	 1.309913E-04	 6.295737E-05	 2.574228E-05	 9.558204E-06	 3.550032E-06	 1.384172E-06	 5.601846E-07	 2.878863E-07	 1.259732E-07	 3.738789E-08
0.48477	 0.000000E+00	-1.652115E-04	 2.352761E-04	 2.510976E-04	 3.351206E-04	 2.305213E-04	 1.369295E-04	 6.647260E-05	 2.744147E-05	 1.024826E-05	 3.800674E-06	 1.472879E-06	 5.970603E-07	 3.070867E-07	 1.362110E-07	 4.282682E-08
0.48990	 0.000000E+00	-1.669443E-04	 2.334519E-04	 2.513729E-04	 3.421985E-04	 2.381960E-04	 1.431433E-04	 7.019994E-05	 2.926649E-05	 1.099722E-05	 4.073495E-06	 1.568490E-06	 6.362292E-07	 3.275268E-07	 1.473030E-07	 4.894112E-08
0.49497	 0.000000E+00	-1.687753E-04	 2.316910E-04	 2.516092E-04	 3.494083E-04	 2.460960E-04	 1.496395E-04	 7.414861E-05	 3.122519E-05	 1.180965E-05	 4.370393E-06	 1.671566E-06	 6.777798E-07	 3.491737E-07	 1.592354E-07	 5.576771E-08
0.50000	 0.000000E+00	-1.707026E-04	 2.299732E-04	 2.518027E-04	 3.567566E-04	 2.542278E-04	 1.564271E-04	 7.832930E-05	 3.332697E-05	 1.269088E-05	 4.693487E-06	 1.782735E-06	 7.218234E-07	 3.719951E-07	 1.719828E-07	 6.334482E-08
0.50498	 0.000000E+00	-1.727342E-04	 2.282882E-04	 2.519443E-04	 3.642401E-04	 2.625928E-04	 1.635147E-04	 8.275255E-05	 3.558069E-05	 1.364639E-05	 5.045242E-06	 1.902662E-06	 7.683626E-07	 3.959371E-07	 1.855314E-07	 7.169653E-08
0.50990	 0.000000E+00	-1.748658E-04	 2.266490E-04	 2.520289E-04	 3.718488E-04	 2.711855E-04	 1.709092E-04	 8.742771E-05	 3.799409E-05	 1.468140E-05	 5.428350E-06	 2.032042E-06	 8.172826E-07	 4.208853E-07	 1.998703E-07	 8.082739E-08
0.51478	 0.000000E+00	-1.770837E-04	 2.250568E-04	 2.520547E-04	 3.795797E-04	 2.800035E-04	 1.786155E-04	 9.236380E-05	 4.057616E-05	 1.580180E-05	 5.845582E-06	 2.171737E-06	 8.686541E-07	 4.467298E-07	 2.149368E-07	 9.074099E-08
0.51962	 0.000000E+00	-1.793869E-04	 2.234860E-04	 2.520121E-04	 3.874312E-04	 2.890473E-04	 1.866386E-04	 9.757045E-05	 4.333724E-05	 1.701432E-05	 6.299988E-06	 2.322787E-06	 9.226819E-07	 4.733834E-07	 2.306359E-07	 1.014418E-07
0.52440	 0.000000E+00	-1.817878E-04	 2.219167E-04	 2.518820E-04	 3.953885E-04	 2.983096E-04	 1.949820E-04	 1.030563E-04	 4.628659E-05	 1.832564E-05	 6.795036E-06	 2.486301E-06	 9.794472E-07	 5.007378E-07	 2.468903E-07	 1.129100E-07
0.52915	 0.000000E+00	-1.842886E-04	 2.203406E-04	 2.516504E-04	 4.034374E-04	 3.077819E-04	 2.036494E-04	 1.088304E-04	 4.943384E-05	 1.974284E-05	 7.334599E-06	 2.663628E-06	 1.039050E-06	 5.286313E-07	 2.636067E-07	 1.251303E-07
0.53385	 0.000000E+00	-1.868872E-04	 2.187479E-04	 2.513048E-04	 4.115662E-04	 3.174579E-04	 2.126447E-04	 1.149026E-04	 5.278990E-05	 2.127392E-05	 7.923016E-06	 2.856369E-06	 1.101730E-06	 5.569285E-07	 2.806684E-07	 1.380709E-07
0.53852	 0.000000E+00	-1.895853E-04	 2.171205E-04	 2.508293E-04	 4.197625E-04	 3.273308E-04	 2.219713E-04	 1.212830E-04	 5.636668E-05	 2.292773E-05	 8.565113E-06	 3.066432E-06	 1.167899E-06	 5.855205E-07	 2.979318E-07	 1.516953E-07
0.54314	 0.000000E+00	-1.923871E-04	 2.154437E-04	 2.502055E-04	 4.280093E-04	 3.373909E-04	 2.316311E-04	 1.279811E-04	 6.017595E-05	 2.471347E-05	 9.266208E-06	 3.295985E-06	 1.238029E-06	 6.143072E-07	 3.152442E-07	 1.659478E-07
0.54772	 0.000000E+00	-1.952924E-04	 2.137130E-04	 2.494177E-04	 4.362869E-04	 3.476241E-04	 2.416241E-04	 1.350053E-04	 6.422893E-05	 2.664045E-05	 1.003203E-05	 3.547468E-06	 1.312644E-06	 6.431630E-07	 3.324341E-07	 1.807575E-07
0.55227	 0.000000E+00	-1.982975E-04	 2.119209E-04	 2.484531E-04	 4.445808E-04	 3.580203E-04	 2.519513E-04	 1.423649E-04	 6.853807E-05	 2.871891E-05	 1.086882E-05	 3.823654E-06	 1.392467E-06	 6.719971E-07	 3.492962E-07	 1.960300E-07
0.55678	 0.000000E+00	-2.014047E-04	 2.100483E-04	 2.472952E-04	 4.528773E-04	 3.685703E-04	 2.626137E-04	 1.500692E-04	 7.311674E-05	 3.095994E-05	 1.178340E-05	 4.127697E-06	 1.478443E-06	 7.007875E-07	 3.656051E-07	 2.116484E-07
0.56125	 0.000000E+00	-2.046234E-04	 2.080783E-04	 2.459241E-04	 4.611582E-04	 3.792624E-04	 2.736124E-04	 1.581282E-04	 7.797832E-05	 3.337509E-05	 1.278323E-05	 4.463090E-06	 1.571581E-06	 7.295026E-07	 3.811247E-07	 2.274700E-07
0.56569	 0.000000E+00	-2.079573E-04	 2.059935E-04	 2.443215E-04	 4.694050E-04	 3.900829E-04	 2.849451E-04	 1.665493E-04	 8.313570E-05	 3.597615E-05	 1.387615E-05	 4.833714E-06	 1.673175E-06	 7.582242E-07	 3.956002E-07	 2.433079E-07
0.57009	 0.000000E+00	-2.114096E-04	 2.037819E-04	 2.424704E-04	 4.775978E-04	 4.010158E-04	 2.966081E-04	 1.753391E-04	 8.860128E-05	 3.877505E-05	 1.507053E-05	 5.243897E-06	 1.784713E-06	 7.870688E-07	 4.087683E-07	 2.589630E-07
0.57446	 0.000000E+00	-2.149810E-04	 2.014392E-04	 2.403586E-04	 4.857217E-04	 4.120487E-04	 3.086013E-04	 1.845067E-04	 9.438906E-05	 4.178486E-05	 1.637559E-05	 5.698423E-06	 1.907820E-06	 8.161447E-07	 4.203359E-07	 2.742005E-07
0.57879	 0.000000E+00	-2.186701E-04	 1.989595E-04	 2.379748E-04	 4.937620E-04	 4.231679E-04	 3.209217E-04	 1.940592E-04	 1.005125E-04	 4.501887E-05	 1.780092E-05	 6.202484E-06	 2.044472E-06	 8.457217E-07	 4.300049E-07	 2.887221E-07
0.58310	 0.000000E+00	-2.224770E-04	 1.963282E-04	 2.353056E-04	 5.017035E-04	 4.343588E-04	 3.335635E-04	 2.040012E-04	 1.069841E-04	 4.849024E-05	 1.935640E-05	 6.761720E-06	 2.197024E-06	 8.762442E-07	 4.374919E-07	 3.022078E-07
0.58737	 0.000000E+00	-2.264049E-04	 1.935370E-04	 2.323384E-04	 5.095304E-04	 4.456061E-04	 3.465221E-04	 2.143383E-04	 1.138166E-04	 5.221259E-05	 2.105261E-05	 7.382233E-06	 2.367963E-06	 9.081632E-07	 4.425006E-07	 3.143024E-07
0.59161	 0.000000E+00	-2.304509E-04	 1.905910E-04	 2.290667E-04	 5.172277E-04	 4.568929E-04	 3.597913E-04	 2.250743E-04	 1.210217E-04	 5.619937E-05	 2.290049E-05	 8.070542E-06	 2.560046E-06	 9.420361E-07	 4.447359E-07	 3.245887E-07
0.59582	 0.000000E+00	-2.346064E-04	 1.874927E-04	 2.254868E-04	 5.247840E-04	 4.682029E-04	 3.733628E-04	 2.362113E-04	 1.286103E-04	 6.046393E-05	 2.491124E-05	 8.833650E-06	 2.776489E-06	 9.786615E-07	 4.439489E-07	 3.326206E-07
0.60000	 0.000000E+00	-2.388686E-04	 1.842369E-04	 2.215923E-04	 5.321894E-04	 4.795233E-04	 3.872311E-04	 2.477533E-04	 1.365952E-04	 6.502101E-05	 2.709708E-05	 9.679235E-06	 3.020905E-06	 1.019009E-06	 4.399210E-07	 3.379216E-07
0.60415	 0.000000E+00	-2.432384E-04	 1.808194E-04	 2.173743E-04	 5.394308E-04	 4.908383E-04	 4.013890E-04	 2.597031E-04	 1.449883E-04	 6.988525E-05	 2.947070E-05	 1.061553E-05	 3.297318E-06	 1.064265E-06	 4.324912E-07	 3.399788E-07
0.60828	 0.000000E+00	-2.477132E-04	 1.772424E-04	 2.128271E-04	 5.464940E-04	 5.021293E-04	 4.158268E-04	 2.720611E-04	 1.537997E-04	 7.507073E-05	 3.204502E-05	 1.165126E-05	 3.610134E-06	 1.115813E-06	 4.215686E-07	 3.382605E-07
0.61237	 0.000000E+00	-2.522905E-04	 1.735030E-04	 2.079441E-04	 5.533663E-04	 5.133794E-04	 4.305352E-04	 2.848280E-04	 1.630403E-04	 8.059214E-05	 3.483366E-05	 1.279580E-05	 3.964265E-06	 1.175339E-06	 4.071607E-07	 3.322089E-07
0.61644	 0.000000E+00	-2.569724E-04	 1.695802E-04	 2.027138E-04	 5.600382E-04	 5.245769E-04	 4.455068E-04	 2.980056E-04	 1.727223E-04	 8.646542E-05	 3.785104E-05	 1.405928E-05	 4.365369E-06	 1.244976E-06	 3.894155E-07	 3.212771E-07
0.62048	 0.000000E+00	-2.617669E-04	 1.654626E-04	 1.971218E-04	 5.664923E-04	 5.357026E-04	 4.607317E-04	 3.115941E-04	 1.828565E-04	 9.270608E-05	 4.111214E-05	 1.545247E-05	 4.819426E-06	 1.327021E-06	 3.685730E-07	 3.049140E-07
0.62450	 0.000000E+00	-2.666674E-04	 1.611655E-04	 1.911663E-04	 5.727091E-04	 5.467293E-04	 4.761916E-04	 3.255864E-04	 1.934481E-04	 9.932664E-05	 4.463108E-05	 1.698626E-05	 5.332774E-06	 1.424070E-06	 3.450467E-07	 2.825881E-07
0.62849	 0.000000E+00	-2.716543E-04	 1.567033E-04	 1.848542E-04	 5.786808E-04	 5.576373E-04	 4.918696E-04	 3.399752E-04	 2.045028E-04	 1.063399E-04	 4.842229E-05	 1.867214E-05	 5.912469E-06	 1.539202E-06	 3.194467E-07	 2.538146E-07
0.63246	 0.000000E+00	-2.767195E-04	 1.520768E-04	 1.781843E-04	 5.843968E-04	 5.684079E-04	 5.077497E-04	 3.547541E-04	 2.160271E-04	 1.137597E-04	 5.250104E-05	 2.052236E-05	 6.566222E-06	 1.675966E-06	 2.926090E-07	 2.181462E-07
0.63640	 0.000000E+00	-2.818602E-04	 1.472842E-04	 1.711509E-04	 5.898416E-04	 5.790184E-04	 5.238141E-04	 3.699149E-04	 2.280257E-04	 1.215987E-04	 5.688268E-05	 2.254970E-05	 7.302343E-06	 1.838363E-06	 2.656378E-07	 1.752325E-07
0.64031	 0.000000E+00	-2.870731E-04	 1.423294E-04	 1.637512E-04	 5.950020E-04	 5.894475E-04	 5.400462E-04	 3.854500E-04	 2.405037E-04	 1.298703E-04	 6.158319E-05	 2.476768E-05	 8.129741E-06	 2.030782E-06	 2.398513E-07	 1.247863E-07
0.64420	 0.000000E+00	-2.923580E-04	 1.372067E-04	 1.559781E-04	 5.998634E-04	 5.996743E-04	 5.564299E-04	 4.013521E-04	 2.534664E-04	 1.385879E-04	 6.661911E-05	 2.719052E-05	 9.058078E-06	 2.258246E-06	 2.169331E-07	 6.662251E-08
0.64807	 0.000000E+00	-2.977212E-04	 1.318805E-04	 1.478152E-04	 6.044165E-04	 6.096888E-04	 5.729557E-04	 4.176189E-04	 2.669237E-04	 1.477683E-04	 7.200878E-05	 2.983379E-05	 1.009826E-05	 2.526644E-06	 1.989863E-07	 7.366395E-10
0.65192	 0.000000E+00	-3.031777E-04	 1.263327E-04	 1.392430E-04	 6.086391E-04	 6.194671E-04	 5.896069E-04	 4.342430E-04	 2.808813E-04	 1.574260E-04	 7.777016E-05	 3.271339E-05	 1.126153E-05	 2.842134E-06	 1.883797E-07	-7.274135E-08
0.65574	 0.000000E+00	-3.087173E-04	 1.205925E-04	 1.302666E-04	 6.125105E-04	 6.289743E-04	 6.063544E-04	 4.512049E-04	 2.953344E-04	 1.675685E-04	 8.391832E-05	 3.584444E-05	 1.255919E-05	 3.211256E-06	 1.878936E-07	-1.534643E-07
0.65955	 0.000000E+00	-3.143074E-04	 1.146912E-04	 1.209095E-04	 6.160321E-04	 6.381913E-04	 6.231732E-04	 4.684857E-04	 3.102789E-04	 1.782040E-04	 9.046819E-05	 3.924249E-05	 1.400355E-05	 3.641456E-06	 2.008295E-07	-2.408317E-07
0.66332	 0.000000E+00	-3.199332E-04	 1.086424E-04	 1.111810E-04	 6.191990E-04	 6.470984E-04	 6.400403E-04	 4.860682E-04	 3.257118E-04	 1.893409E-04	 9.743529E-05	 4.292366E-05	 1.560753E-05	 4.140795E-06	 2.309352E-07	-3.340325E-07
0.66708	 0.000000E+00	-3.255888E-04	 1.024519E-04	 1.010844E-04	 6.220047E-04	 6.556774E-04	 6.569361E-04	 5.039380E-04	 3.416314E-04	 2.009887E-04	 1.048358E-04	 4.690479E-05	 1.738477E-05	 4.717939E-06	 2.824115E-07	-4.320001E-07
0.67082	 0.000000E+00	-3.312706E-04	 9.612484E-05	 9.062340E-05	 6.244457E-04	 6.639128E-04	 6.738447E-04	 5.220829E-04	 3.580376E-04	 2.131572E-04	 1.126864E-04	 5.120340E-05	 1.934962E-05	 5.382171E-06	 3.599120E-07	-5.334230E-07
0.67454	 0.000000E+00	-3.369822E-04	 8.965444E-05	 7.979366E-05	 6.265130E-04	 6.717879E-04	 6.907499E-04	 5.404904E-04	 3.749294E-04	 2.258562E-04	 1.210040E-04	 5.583737E-05	 2.151708E-05	 6.143517E-06	 4.686863E-07	-6.366825E-07
0.67823	 0.000000E+00	-3.427310E-04	 8.299912E-05	 6.857924E-05	 6.282004E-04	 6.792956E-04	 7.076408E-04	 5.591526E-04	 3.923104E-04	 2.390983E-04	 1.298071E-04	 6.082589E-05	 2.390361E-05	 7.013311E-06	 6.148574E-07	-7.396251E-07
0.68191	 0.000000E+00	-3.485336E-04	 7.613850E-05	 5.696158E-05	 6.294850E-04	 6.864102E-04	 7.244943E-04	 5.780519E-04	 4.101761E-04	 2.528911E-04	 1.391118E-04	 6.618758E-05	 2.652573E-05	 8.003163E-06	 8.050519E-07	-8.396585E-07
0.68557	 0.000000E+00	-3.543773E-04	 6.911320E-05	 4.495737E-05	 6.303554E-04	 6.930995E-04	 7.412774E-04	 5.971591E-04	 4.285103E-04	 2.672334E-04	 1.489298E-04	 7.193907E-05	 2.939931E-05	 9.124769E-06	 1.046318E-06	-9.338185E-07
0.68920	 0.000000E+00	-3.602218E-04	 6.196933E-05	 3.260685E-05	 6.308302E-04	 6.993550E-04	 7.579678E-04	 6.164498E-04	 4.473006E-04	 2.821259E-04	 1.592731E-04	 7.809740E-05	 3.254125E-05	 1.039097E-05	 1.346517E-06	-1.018635E-06
0.69282	 0.000000E+00	-3.660477E-04	 5.473283E-05	 1.993074E-05	 6.309146E-04	 7.051622E-04	 7.745426E-04	 6.359006E-04	 4.665354E-04	 2.975700E-04	 1.701544E-04	 8.468027E-05	 3.596915E-05	 1.181542E-05	 1.714238E-06	-1.090150E-06
0.69642	 0.000000E+00	-3.718427E-04	 4.741736E-05	 6.941987E-06	 6.306092E-04	 7.105060E-04	 7.909788E-04	 6.554883E-04	 4.862024E-04	 3.135662E-04	 1.815856E-04	 9.170527E-05	 3.970104E-05	 1.341247E-05	 2.158831E-06	-1.143805E-06
0.70000	 0.000000E+00	-3.775975E-04	 4.003153E-05	-6.348402E-06	 6.299140E-04	 7.153718E-04	 8.072537E-04	 6.751882E-04	 5.062877E-04	 3.301132E-04	 1.935775E-04	 9.918945E-05	 4.375515E-05	 1.519708E-05	 2.690373E-06	-1.174419E-06
0.70356	 0.000000E+00	-3.833043E-04	 3.258402E-05	-1.992995E-05	 6.288291E-04	 7.197454E-04	 8.233452E-04	 6.949765E-04	 5.267772E-04	 3.472092E-04	 2.061407E-04	 1.071500E-04	 4.815017E-05	 1.718489E-05	 3.319665E-06	-1.176217E-06
0.70711	 0.000000E+00	-3.889543E-04	 2.508655E-05	-3.378957E-05	 6.273562E-04	 7.236132E-04	 8.392311E-04	 7.148276E-04	 5.476546E-04	 3.648504E-04	 2.192841E-04	 1.156034E-04	 5.290493E-05	 1.939213E-05	 4.058265E-06	-1.142753E-06
0.71063	 0.000000E+00	-3.945375E-04	 1.755109E-05	-4.791268E-05	 6.254990E-04	 7.269634E-04	 8.548899E-04	 7.347157E-04	 5.689026E-04	 3.830316E-04	 2.330157E-04	 1.245658E-04	 5.803835E-05	 2.183557E-05	 4.918486E-06	-1.066896E-06
0.71414	 0.000000E+00	-4.000453E-04	 9.987475E-06	-6.228605E-05	 6.232622E-04	 7.297865E-04	 8.703027E-04	 7.546175E-04	 5.905058E-04	 4.017488E-04	 2.473442E-04	 1.340537E-04	 6.357013E-05	 2.453286E-05	 5.913459E-06	-9.408388E-07
0.71764	 0.000000E+00	-4.054689E-04	 2.407051E-06	-7.689534E-05	 6.206506E-04	 7.320721E-04	 8.854492E-04	 7.745071E-04	 6.124460E-04	 4.209950E-04	 2.622762E-04	 1.440827E-04	 6.951977E-05	 2.750206E-05	 7.057098E-06	-7.559860E-07
0.72111	 0.000000E+00	-4.107979E-04	-5.173864E-06	-9.172288E-05	 6.176701E-04	 7.338098E-04	 9.003082E-04	 7.943565E-04	 6.347017E-04	 4.407606E-04	 2.778159E-04	 1.546669E-04	 7.590635E-05	 3.076157E-05	 8.364023E-06	-5.029708E-07
0.72457	 0.000000E+00	-4.160195E-04	-1.273882E-05	-1.067498E-04	 6.143302E-04	 7.349934E-04	 9.148624E-04	 8.141415E-04	 6.572550E-04	 4.610378E-04	 2.939693E-04	 1.658215E-04	 8.274994E-05	 3.433069E-05	 9.849734E-06	-1.716868E-07
0.72801	 0.000000E+00	-4.211191E-04	-2.027054E-05	-1.219557E-04	 6.106412E-04	 7.356167E-04	 9.290930E-04	 8.338349E-04	 6.800848E-04	 4.818164E-04	 3.107397E-04	 1.775603E-04	 9.007014E-05	 3.822904E-05	 1.153050E-05	 2.488397E-07
0.73144	 0.000000E+00	-4.260650E-04	-2.772144E-05	-1.372951E-04	 6.066315E-04	 7.356805E-04	 9.429797E-04	 8.534037E-04	 7.031626E-04	 5.030787E-04	 3.281250E-04	 1.898936E-04	 9.788515E-05	 4.247586E-05	 1.342304E-05	 7.704430E-07
0.73485	 0.000000E+00	-4.308136E-04	-3.496257E-05	-1.526849E-04	 6.023359E-04	 7.351669E-04	 9.564845E-04	 8.727934E-04	 7.264364E-04	 5.247874E-04	 3.461101E-04	 2.028236E-04	 1.062081E-04	 4.708789E-05	 1.554333E-05	 1.405009E-06
0.73824	 0.000000E+00	-4.353011E-04	-4.191171E-05	-1.680375E-04	 5.978188E-04	 7.340995E-04	 9.695976E-04	 8.919702E-04	 7.498710E-04	 5.469150E-04	 3.646836E-04	 2.163536E-04	 1.150530E-04	 5.208344E-05	 1.790872E-05	 2.165541E-06
0.74162	 0.000000E+00	-4.395283E-04	-4.863111E-05	-1.833628E-04	 5.930961E-04	 7.325025E-04	 9.823271E-04	 9.109314E-04	 7.734647E-04	 5.694630E-04	 3.838540E-04	 2.304993E-04	 1.244416E-04	 5.748560E-05	 2.053929E-05	 3.066744E-06
0.74498	 0.000000E+00	-4.435531E-04	-5.519412E-05	-1.987231E-04	 5.881195E-04	 7.303450E-04	 9.946554E-04	 9.296614E-04	 7.972085E-04	 5.924299E-04	 4.036304E-04	 2.452781E-04	 1.343967E-04	 6.331761E-05	 2.345569E-05	 4.123982E-06
0.74833	 0.000000E+00	-4.473843E-04	-6.160473E-05	-2.141167E-04	 5.828849E-04	 7.276161E-04	 1.006565E-03	 9.481335E-04	 8.210767E-04	 6.157967E-04	 4.240080E-04	 2.606978E-04	 1.449356E-04	 6.960011E-05	 2.667802E-05	 5.353265E-06
0.75166	 0.000000E+00	-4.510074E-04	-6.784244E-05	-2.295150E-04	 5.774134E-04	 7.243202E-04	 1.018046E-03	 9.663212E-04	 8.450420E-04	 6.395422E-04	 4.449792E-04	 2.767640E-04	 1.560744E-04	 7.635382E-05	 3.022703E-05	 6.771462E-06
0.75498	 0.000000E+00	-4.544085E-04	-7.389531E-05	-2.448963E-04	 5.717238E-04	 7.204636E-04	 1.029092E-03	 9.842052E-04	 8.690862E-04	 6.636538E-04	 4.665435E-04	 2.934873E-04	 1.678329E-04	 8.360185E-05	 3.412512E-05	 8.396612E-06
0.75829	 0.000000E+00	-4.575539E-04	-7.970763E-05	-2.602044E-04	 5.658581E-04	 7.160589E-04	 1.039688E-03	 1.001751E-03	 8.931729E-04	 6.881012E-04	 4.886853E-04	 3.108676E-04	 1.802245E-04	 9.136371E-05	 3.839358E-05	 1.024716E-05
0.76158	 0.000000E+00	-4.603879E-04	-8.510353E-05	-2.753182E-04	 5.598816E-04	 7.111018E-04	 1.049801E-03	 1.018892E-03	 9.172264E-04	 7.128168E-04	 5.113617E-04	 3.288856E-04	 1.932496E-04	 9.965128E-05	 4.305012E-05	 1.234036E-05
0.76485	 0.000000E+00	-4.628297E-04	-8.997104E-05	-2.901163E-04	 5.538974E-04	 7.056473E-04	 1.059444E-03	 1.035605E-03	 9.412134E-04	 7.377669E-04	 5.345515E-04	 3.475354E-04	 2.069166E-04	 1.084826E-04	 4.811599E-05	 1.469550E-05
0.76811	 0.000000E+00	-4.648833E-04	-9.440046E-05	-3.046206E-04	 5.479215E-04	 6.997328E-04	 1.068643E-03	 1.051903E-03	 9.651430E-04	 7.629571E-04	 5.582626E-04	 3.668305E-04	 2.212470E-04	 1.178840E-04	 5.361741E-05	 1.733503E-05
0.77136	 0.000000E+00	-4.666261E-04	-9.849422E-05	-3.189214E-04	 5.418817E-04	 6.933155E-04	 1.077374E-03	 1.067767E-03	 9.890024E-04	 7.883789E-04	 5.824962E-04	 3.867814E-04	 2.362604E-04	 1.278796E-04	 5.958004E-05	 2.028172E-05
0.77460	 0.000000E+00	-4.680715E-04	-1.022467E-04	-3.330148E-04	 5.357794E-04	 6.863887E-04	 1.085632E-03	 1.083180E-03	 1.012772E-03	 8.140138E-04	 6.072456E-04	 4.073935E-04	 2.519736E-04	 1.384921E-04	 6.602923E-05	 2.355870E-05
0.77782	 0.000000E+00	-4.691993E-04	-1.056269E-04	-3.468565E-04	 5.296562E-04	 6.789752E-04	 1.093423E-03	 1.098121E-03	 1.036424E-03	 8.398338E-04	 6.324933E-04	 4.286629E-04	 2.683970E-04	 1.497412E-04	 7.298943E-05	 2.718962E-05
0.78102	 0.000000E+00	-4.700048E-04	-1.086490E-04	-3.604336E-04	 5.235321E-04	 6.710925E-04	 1.100751E-03	 1.112579E-03	 1.059941E-03	 8.658170E-04	 6.582263E-04	 4.505879E-04	 2.855423E-04	 1.616479E-04	 8.048625E-05	 3.119941E-05
0.78422	 0.000000E+00	-4.705027E-04	-1.113306E-04	-3.737535E-04	 5.174045E-04	 6.627380E-04	 1.107614E-03	 1.126537E-03	 1.083306E-03	 8.919488E-04	 6.844391E-04	 4.731739E-04	 3.034264E-04	 1.742364E-04	 8.854762E-05	 3.561460E-05
0.78740	 0.000000E+00	-4.706882E-04	-1.136613E-04	-3.867945E-04	 5.112924E-04	 6.539213E-04	 1.114010E-03	 1.139977E-03	 1.106493E-03	 9.182000E-04	 7.111127E-04	 4.964147E-04	 3.220581E-04	 1.875259E-04	 9.719899E-05	 4.046127E-05
0.79057	 0.000000E+00	-4.705473E-04	-1.156201E-04	-3.995211E-04	 5.052262E-04	 6.446596E-04	 1.119939E-03	 1.152874E-03	 1.129469E-03	 9.445332E-04	 7.382192E-04	 5.202964E-04	 3.414399E-04	 2.015315E-04	 1.064641E-04	 4.576541E-05
0.79373	 0.000000E+00	-4.700678E-04	-1.171890E-04	-4.119026E-04	 4.992364E-04	 6.349723E-04	 1.125412E-03	 1.165217E-03	 1.152217E-03	 9.709284E-04	 7.657468E-04	 5.448182E-04	 3.615843E-04	 2.162755E-04	 1.163711E-04	 5.155558E-05
0.79687	 0.000000E+00	-4.692334E-04	-1.183433E-04	-4.238983E-04	 4.933571E-04	 6.248809E-04	 1.130429E-03	 1.176982E-03	 1.174702E-03	 9.973441E-04	 7.936629E-04	 5.699609E-04	 3.824899E-04	 2.317701E-04	 1.269424E-04	 5.785811E-05
0.80000	 0.000000E+00	-4.680255E-04	-1.190463E-04	-4.354585E-04	 4.876264E-04	 6.144065E-04	 1.134988E-03	 1.188136E-03	 1.196872E-03	 1.023721E-03	 8.219168E-04	 5.956899E-04	 4.041423E-04	 2.480191E-04	 1.381955E-04	 6.469728E-05
0.80312	 0.000000E+00	-4.664362E-04	-1.192805E-04	-4.465588E-04	 4.820785E-04	 6.035702E-04	 1.139110E-03	 1.198681E-03	 1.218731E-03	 1.050057E-03	 8.505126E-04	 6.220169E-04	 4.265644E-04	 2.650525E-04	 1.501652E-04	 7.210760E-05
0.80623	 0.000000E+00	-4.644757E-04	-1.190617E-04	-4.572039E-04	 4.767279E-04	 5.923835E-04	 1.142819E-03	 1.208627E-03	 1.240292E-03	 1.076360E-03	 8.794658E-04	 6.489637E-04	 4.497871E-04	 2.829075E-04	 1.628922E-04	 8.012823E-05
0.80932	 0.000000E+00	-4.621873E-04	-1.184626E-04	-4.674503E-04	 4.715277E-04	 5.808178E-04	 1.146103E-03	 1.217957E-03	 1.261538E-03	 1.102609E-03	 9.087643E-04	 6.765279E-04	 4.738220E-04	 3.016086E-04	 1.764098E-04	 8.879601E-05
0.81240	 0.000000E+00	-4.596348E-04	-1.176972E-04	-4.774432E-04	 4.663879E-04	 5.688494E-04	 1.148979E-03	 1.226711E-03	 1.282538E-03	 1.128877E-03	 9.384816E-04	 7.047804E-04	 4.987394E-04	 3.212230E-04	 1.907808E-04	 9.816617E-05
0.81548	 0.000000E+00	-4.569055E-04	-1.168881E-04	-4.873161E-04	 4.611978E-04	 5.563958E-04	 1.151421E-03	 1.234883E-03	 1.303319E-03	 1.155203E-03	 9.686733E-04	 7.337845E-04	 5.246095E-04	 3.418189E-04	 2.060712E-04	 1.082973E-04
0.81854	 0.000000E+00	-4.539674E-04	-1.158779E-04	-4.969618E-04	 4.560196E-04	 5.434536E-04	 1.153403E-03	 1.242401E-03	 1.323791E-03	 1.181490E-03	 9.992625E-04	 7.634889E-04	 5.514116E-04	 3.633988E-04	 2.223047E-04	 1.192238E-04
0.82158	 0.000000E+00	-4.507053E-04	-1.144962E-04	-5.061867E-04	 4.510288E-04	 5.301319E-04	 1.154977E-03	 1.249247E-03	 1.343908E-03	 1.207668E-03	 1.030188E-03	 7.938485E-04	 5.791264E-04	 3.859682E-04	 2.395066E-04	 1.309829E-04
0.82462	 0.000000E+00	-4.470956E-04	-1.127475E-04	-5.149675E-04	 4.462658E-04	 5.164600E-04	 1.156177E-03	 1.255432E-03	 1.363691E-03	 1.233753E-03	 1.061475E-03	 8.248978E-04	 6.078015E-04	 4.095842E-04	 2.577393E-04	 1.436363E-04
0.82765	 0.000000E+00	-4.431589E-04	-1.106618E-04	-5.233298E-04	 4.417108E-04	 5.024134E-04	 1.156993E-03	 1.260935E-03	 1.383133E-03	 1.259738E-03	 1.093133E-03	 8.566570E-04	 6.374747E-04	 4.342963E-04	 2.770620E-04	 1.572453E-04
0.83066	 0.000000E+00	-4.388862E-04	-1.081835E-04	-5.312182E-04	 4.374059E-04	 4.880050E-04	 1.157430E-03	 1.265718E-03	 1.402183E-03	 1.285555E-03	 1.125108E-03	 8.890898E-04	 6.681361E-04	 4.601185E-04	 2.975093E-04	 1.718571E-04
0.83367	 0.000000E+00	-4.343117E-04	-1.053959E-04	-5.386819E-04	 4.333023E-04	 4.732084E-04	 1.157484E-03	 1.269768E-03	 1.420836E-03	 1.311191E-03	 1.157399E-03	 9.222043E-04	 6.998101E-04	 4.870938E-04	 3.191371E-04	 1.875356E-04
0.83666	 0.000000E+00	-4.295561E-04	-1.028131E-04	-5.460589E-04	 4.291333E-04	 4.579328E-04	 1.157136E-03	 1.273149E-03	 1.439221E-03	 1.336797E-03	 1.190162E-03	 9.561472E-04	 7.326362E-04	 5.153537E-04	 3.420655E-04	 2.043885E-04
0.83964	 0.000000E+00	-4.248099E-04	-1.007392E-04	-5.536656E-04	 4.245728E-04	 4.419395E-04	 1.156225E-03	 1.275762E-03	 1.457300E-03	 1.362368E-03	 1.223426E-03	 9.909732E-04	 7.666903E-04	 5.449804E-04	 3.663847E-04	 2.225046E-04
0.84261	 0.000000E+00	-4.199923E-04	-9.877122E-05	-5.612229E-04	 4.198014E-04	 4.252588E-04	 1.154727E-03	 1.277474E-03	 1.474887E-03	 1.387687E-03	 1.257001E-03	 1.026530E-03	 8.018732E-04	 5.759198E-04	 3.920878E-04	 2.419087E-04
0.84558	 0.000000E+00	-4.148406E-04	-9.651824E-05	-5.682724E-04	 4.152466E-04	 4.081925E-04	 1.152822E-03	 1.278318E-03	 1.491938E-03	 1.412637E-03	 1.290761E-03	 1.062698E-03	 8.381011E-04	 6.081318E-04	 4.191747E-04	 2.626340E-04
0.84853	 0.000000E+00	-4.093242E-04	-9.414599E-05	-5.748509E-04	 4.108920E-04	 3.907809E-04	 1.150541E-03	 1.278322E-03	 1.508498E-03	 1.437256E-03	 1.324749E-03	 1.099524E-03	 8.754336E-04	 6.416923E-04	 4.477323E-04	 2.847755E-04
0.85147	 0.000000E+00	-4.035384E-04	-9.181828E-05	-5.811221E-04	 4.065519E-04	 3.728799E-04	 1.147781E-03	 1.277406E-03	 1.524525E-03	 1.461517E-03	 1.358971E-03	 1.137033E-03	 9.139234E-04	 6.766716E-04	 4.778484E-04	 3.084295E-04
0.85440	 0.000000E+00	-3.974192E-04	-8.924947E-05	-5.868616E-04	 4.023929E-04	 3.545521E-04	 1.144566E-03	 1.275491E-03	 1.539901E-03	 1.485255E-03	 1.393278E-03	 1.175099E-03	 9.534882E-04	 7.130289E-04	 5.095286E-04	 3.336357E-04
0.85732	 0.000000E+00	-3.908417E-04	-8.628220E-05	-5.918349E-04	 3.986276E-04	 3.359700E-04	 1.141017E-03	 1.272606E-03	 1.554611E-03	 1.508395E-03	 1.427589E-03	 1.213638E-03	 9.940725E-04	 7.507460E-04	 5.427917E-04	 3.604473E-04
0.86023	 0.000000E+00	-3.838813E-04	-8.344390E-05	-5.963450E-04	 3.949755E-04	 3.170465E-04	 1.137089E-03	 1.268793E-03	 1.568761E-03	 1.531067E-03	 1.462046E-03	 1.252790E-03	 1.035820E-03	 7.899706E-04	 5.777848E-04	 3.890116E-04
0.86313	 0.000000E+00	-3.767359E-04	-8.107967E-05	-6.007411E-04	 3.910345E-04	 2.974850E-04	 1.132554E-03	 1.263898E-03	 1.582268E-03	 1.553226E-03	 1.496655E-03	 1.292590E-03	 1.078799E-03	 8.307914E-04	 6.146194E-04	 4.194511E-04
0.86603	 0.000000E+00	-3.692871E-04	-7.866624E-05	-6.046119E-04	 3.871212E-04	 2.774353E-04	 1.127475E-03	 1.257820E-03	 1.594936E-03	 1.574587E-03	 1.531132E-03	 1.332771E-03	 1.122800E-03	 8.730568E-04	 6.532171E-04	 4.517478E-04
0.86891	 0.000000E+00	-3.612336E-04	-7.575489E-05	-6.073759E-04	 3.837905E-04	 2.573526E-04	 1.122165E-03	 1.250685E-03	 1.606764E-03	 1.595018E-03	 1.565295E-03	 1.373123E-03	 1.167639E-03	 9.166293E-04	 6.934986E-04	 4.858834E-04
0.87178	 0.000000E+00	-3.525772E-04	-7.275341E-05	-6.091946E-04	 3.808695E-04	 2.372400E-04	 1.116621E-03	 1.242549E-03	 1.617842E-03	 1.614611E-03	 1.599238E-03	 1.413728E-03	 1.213403E-03	 9.616080E-04	 7.355752E-04	 5.219855E-04
0.87464	 0.000000E+00	-3.434844E-04	-6.997056E-05	-6.103636E-04	 3.779835E-04	 2.168348E-04	 1.110621E-03	 1.233259E-03	 1.628073E-03	 1.633297E-03	 1.632935E-03	 1.454581E-03	 1.260123E-03	 1.008049E-03	 7.795348E-04	 5.601648E-04
0.87750	 0.000000E+00	-3.338155E-04	-6.684633E-05	-6.104034E-04	 3.755306E-04	 1.963897E-04	 1.104317E-03	 1.222783E-03	 1.637300E-03	 1.650791E-03	 1.666073E-03	 1.495353E-03	 1.307514E-03	 1.055720E-03	 8.252243E-04	 6.003424E-04
0.88034	 0.000000E+00	-3.232635E-04	-6.292016E-05	-6.086786E-04	 3.741214E-04	 1.764623E-04	 1.098106E-03	 1.211334E-03	 1.645574E-03	 1.666978E-03	 1.698447E-03	 1.535775E-03	 1.355308E-03	 1.104383E-03	 8.724671E-04	 6.424138E-04
0.88318	 0.000000E+00	-3.118354E-04	-5.866776E-05	-6.053614E-04	 3.735345E-04	 1.570786E-04	 1.091984E-03	 1.199003E-03	 1.652995E-03	 1.681952E-03	 1.730127E-03	 1.575881E-03	 1.403529E-03	 1.154065E-03	 9.213022E-04	 6.864419E-04
0.88600	 0.000000E+00	-2.997151E-04	-5.443887E-05	-6.007757E-04	 3.733399E-04	 1.379611E-04	 1.085697E-03	 1.185635E-03	 1.659453E-03	 1.695637E-03	 1.761069E-03	 1.615638E-03	 1.452169E-03	 1.204778E-03	 9.717729E-04	 7.324990E-04
0.88882	 0.000000E+00	-2.867474E-04	-4.959396E-05	-5.943650E-04	 3.740384E-04	 1.194711E-04	 1.079502E-03	 1.171289E-03	 1.664860E-03	 1.707783E-03	 1.790968E-03	 1.654687E-03	 1.500895E-03	 1.256220E-03	 1.023655E-03	 7.804377E-04
0.89163	 0.000000E+00	-2.726176E-04	-4.366998E-05	-5.854444E-04	 3.762826E-04	 1.022755E-04	 1.073881E-03	 1.156287E-03	 1.669327E-03	 1.718306E-03	 1.819592E-03	 1.692687E-03	 1.549325E-03	 1.308015E-03	 1.076621E-03	 8.300053E-04
0.89443	 0.000000E+00	-2.573868E-04	-3.748358E-05	-5.743932E-04	 3.795650E-04	 8.629691E-05	 1.068685E-03	 1.140731E-03	 1.672953E-03	 1.727363E-03	 1.847046E-03	 1.729696E-03	 1.597475E-03	 1.360151E-03	 1.130649E-03	 8.811904E-04
0.89722	 0.000000E+00	-2.413248E-04	-3.155905E-05	-5.617261E-04	 3.832019E-04	 7.108178E-05	 1.063487E-03	 1.124389E-03	 1.675578E-03	 1.734886E-03	 1.873306E-03	 1.765713E-03	 1.645359E-03	 1.412650E-03	 1.185779E-03	 9.340500E-04
0.90000	 0.000000E+00	-2.241420E-04	-2.482488E-05	-5.465220E-04	 3.880759E-04	 5.727012E-05	 1.058746E-03	 1.107424E-03	 1.677120E-03	 1.740557E-03	 1.897937E-03	 1.800201E-03	 1.692440E-03	 1.464996E-03	 1.241575E-03	 9.882419E-04
0.90277	 0.000000E+00	-2.052293E-04	-1.631392E-05	-5.275107E-04	 3.954338E-04	 4.603622E-05	 1.055252E-03	 1.090365E-03	 1.677699E-03	 1.744202E-03	 1.920494E-03	 1.832547E-03	 1.738022E-03	 1.516481E-03	 1.297388E-03	 1.043214E-03
0.90554	 0.000000E+00	-1.845408E-04	-6.728889E-06	-5.048998E-04	 4.048856E-04	 3.741974E-05	 1.052861E-03	 1.073343E-03	 1.677364E-03	 1.745949E-03	 1.941005E-03	 1.862740E-03	 1.782029E-03	 1.567001E-03	 1.353094E-03	 1.098849E-03
0.90830	 0.000000E+00	-1.623993E-04	 3.312139E-06	-4.792854E-04	 4.156843E-04	 3.096264E-05	 1.051184E-03	 1.056230E-03	 1.676087E-03	 1.745895E-03	 1.959602E-03	 1.890913E-03	 1.824577E-03	 1.616641E-03	 1.408754E-03	 1.155196E-03
0.91104	 0.000000E+00	-1.386113E-04	 1.481472E-05	-4.497990E-04	 4.287946E-04	 2.748842E-05	 1.050985E-03	 1.039548E-03	 1.674146E-03	 1.744036E-03	 1.976077E-03	 1.916661E-03	 1.865149E-03	 1.664805E-03	 1.463774E-03	 1.211698E-03
0.91378	 0.000000E+00	-1.128553E-04	 2.821714E-05	-4.156809E-04	 4.449742E-04	 2.792455E-05	 1.052990E-03	 1.023995E-03	 1.671926E-03	 1.740561E-03	 1.990317E-03	 1.939680E-03	 1.903256E-03	 1.710887E-03	 1.517506E-03	 1.267705E-03
0.91652	 0.000000E+00	-8.558046E-05	 4.098659E-05	-3.786306E-04	 4.620286E-04	 3.111505E-05	 1.055968E-03	 1.009284E-03	 1.669361E-03	 1.735962E-03	 2.002884E-03	 1.960698E-03	 1.939579E-03	 1.755532E-03	 1.570488E-03	 1.323640E-03
0.91924	 0.000000E+00	-5.760521E-05	 5.153701E-05	-3.404090E-04	 4.777014E-04	 3.532200E-05	 1.058220E-03	 9.943980E-04	 1.665674E-03	 1.729982E-03	 2.013724E-03	 1.979885E-03	 1.974359E-03	 1.799048E-03	 1.623002E-03	 1.379782E-03
0.92195	 0.000000E+00	-2.833629E-05	 6.245207E-05	-2.989417E-04	 4.942982E-04	 4.227288E-05	 1.061221E-03	 9.801822E-04	 1.661156E-03	 1.722388E-03	 2.022201E-03	 1.996266E-03	 2.006424E-03	 1.840146E-03	 1.673744E-03	 1.434921E-03
0.92466	 0.000000E+00	 3.942889E-06	 7.701003E-05	-2.503480E-04	 5.163581E-04	 5.606745E-05	 1.068565E-03	 9.693669E-04	 1.657649E-03	 1.714135E-03	 2.028459E-03	 2.009323E-03	 2.034779E-03	 1.877502E-03	 1.721234E-03	 1.487538E-03
0.92736	 0.000000E+00	 4.011792E-05	 9.731798E-05	-1.923627E-04	 5.465792E-04	 7.917251E-05	 1.082431E-03	 9.637068E-04	 1.656332E-03	 1.705892E-03	 2.032603E-03	 2.018735E-03	 2.058701E-03	 1.910118E-03	 1.764290E-03	 1.536357E-03
0.93005	 0.000000E+00	 8.071366E-05	 1.243391E-04	-1.236794E-04	 5.864948E-04	 1.132672E-04	 1.104393E-03	 9.647476E-04	 1.658449E-03	 1.698669E-03	 2.035242E-03	 2.024796E-03	 2.078103E-03	 1.937609E-03	 1.802276E-03	 1.580559E-03
0.93274	 0.000000E+00	 1.259696E-04	 1.581015E-04	-4.378664E-05	 6.366183E-04	 1.592376E-04	 1.135356E-03	 9.735993E-04	 1.665082E-03	 1.693555E-03	 2.037291E-03	 2.028266E-03	 2.093487E-03	 1.960254E-03	 1.835238E-03	 1.619984E-03
0.93541	 0.000000E+00	 1.762324E-04	 1.990946E-04	 4.821883E-05	 6.978507E-04	 2.181668E-04	 1.176428E-03	 9.913359E-04	 1.677311E-03	 1.691525E-03	 2.039646E-03	 2.029871E-03	 2.105439E-03	 1.978473E-03	 1.863442E-03	 1.654767E-03
0.93808	 0.000000E+00	 2.323954E-04	 2.496052E-04	 1.549429E-04	 7.731816E-04	 2.928155E-04	 1.230404E-03	 1.020117E-03	 1.697056E-03	 1.693860E-03	 2.043293E-03	 2.030125E-03	 2.114224E-03	 1.992236E-03	 1.886707E-03	 1.684591E-03
0.94074	 0.000000E+00	 2.954209E-04	 3.112593E-04	 2.789099E-04	 8.654938E-04	 3.863258E-04	 1.300502E-03	 1.062830E-03	 1.727043E-03	 1.702735E-03	 2.050054E-03	 2.030339E-03	 2.120759E-03	 2.002038E-03	 1.905232E-03	 1.709350E-03
0.94340	 0.000000E+00	 3.652647E-04	 3.830534E-04	 4.200541E-04	 9.745054E-04	 4.994440E-04	 1.387637E-03	 1.121053E-03	 1.769087E-03	 1.720214E-03	 2.061962E-03	 2.032452E-03	 2.126695E-03	 2.009219E-03	 1.919998E-03	 1.729647E-03
0.94604	 0.000000E+00	 4.413632E-04	 4.638032E-04	 5.774822E-04	 1.098987E-03	 6.318615E-04	 1.491712E-03	 1.195516E-03	 1.824195E-03	 1.747769E-03	 2.080553E-03	 2.038034E-03	 2.133396E-03	 2.014908E-03	 1.931793E-03	 1.745961E-03
0.94868	 0.000000E+00	 5.239804E-04	 5.541505E-04	 7.523604E-04	 1.240154E-03	 7.853884E-04	 1.614664E-03	 1.288408E-03	 1.894517E-03	 1.787504E-03	 2.107703E-03	 2.048662E-03	 2.142073E-03	 2.019920E-03	 1.941032E-03	 1.758374E-03
0.95131	 0.000000E+00	 6.140834E-04	 6.555292E-04	 9.474390E-04	 1.400767E-03	 9.636127E-04	 1.760087E-03	 1.403307E-03	 1.983580E-03	 1.842582E-03	 2.146332E-03	 2.066788E-03	 2.154798E-03	 2.025841E-03	 1.948903E-03	 1.767647E-03
0.95394	 0.000000E+00	 7.125866E-04	 7.688232E-04	 1.165353E-03	 1.583091E-03	 1.170208E-03	 1.931505E-03	 1.544095E-03	 2.095330E-03	 1.916828E-03	 2.200169E-03	 2.095776E-03	 2.174647E-03	 2.035276E-03	 1.957598E-03	 1.775487E-03
0.95656	 0.000000E+00	 8.202202E-04	 8.954334E-04	 1.408637E-03	 1.789828E-03	 1.409118E-03	 2.132833E-03	 1.715207E-03	 2.234070E-03	 2.014532E-03	 2.273114E-03	 2.139019E-03	 2.204452E-03	 2.050365E-03	 1.968590E-03	 1.782772E-03
0.95917	 0.000000E+00	 9.377758E-04	 1.039671E-03	 1.681137E-03	 2.026698E-03	 1.686067E-03	 2.370587E-03	 1.922891E-03	 2.405850E-03	 2.141003E-03	 2.369743E-03	 2.200013E-03	 2.246743E-03	 2.072438E-03	 1.982196E-03	 1.788904E-03
0.96177	 0.000000E+00	 1.065656E-03	 1.203245E-03	 1.984988E-03	 2.297339E-03	 2.005578E-03	 2.650334E-03	 2.173188E-03	 2.617268E-03	 2.302641E-03	 2.496393E-03	 2.284531E-03	 2.306646E-03	 2.105689E-03	 2.001675E-03	 1.796047E-03
0.96437	 0.000000E+00	 1.201877E-03	 1.380912E-03	 2.315568E-03	 2.596114E-03	 2.364382E-03	 2.969259E-03	 2.465721E-03	 2.869431E-03	 2.502393E-03	 2.657351E-03	 2.398052E-03	 2.390265E-03	 2.156586E-03	 2.033393E-03	 1.810139E-03
0.96695	 0.000000E+00	 1.342581E-03	 1.565649E-03	 2.664448E-03	 2.912731E-03	 2.753984E-03	 3.319124E-03	 2.795036E-03	 3.158562E-03	 2.739071E-03	 2.853378E-03	 2.543334E-03	 2.501788E-03	 2.230422E-03	 2.083223E-03	 1.837312E-03
0.96954	 0.000000E+00	 1.483884E-03	 1.749648E-03	 3.022350E-03	 3.236111E-03	 3.164836E-03	 3.690517E-03	 3.154469E-03	 3.479646E-03	 3.010488E-03	 3.084291E-03	 2.722426E-03	 2.644966E-03	 2.332323E-03	 2.157217E-03	 1.884161E-03
0.97211	 0.000000E+00	 1.620933E-03	 1.925346E-03	 3.378086E-03	 3.553815E-03	 3.584524E-03	 4.071444E-03	 3.533944E-03	 3.824526E-03	 3.311088E-03	 3.346912E-03	 2.934575E-03	 2.821322E-03	 2.465527E-03	 2.260238E-03	 1.956559E-03
0.97468	 0.000000E+00	 1.748728E-03	 2.086864E-03	 3.720635E-03	 3.854838E-03	 4.000602E-03	 4.450568E-03	 3.922677E-03	 4.184789E-03	 3.634037E-03	 3.637112E-03	 3.177609E-03	 3.031334E-03	 2.632079E-03	 2.396491E-03	 2.059797E-03
0.97724	 0.000000E+00	 1.861244E-03	 2.226608E-03	 4.036141E-03	 4.125757E-03	 4.397364E-03	 4.813698E-03	 4.306419E-03	 4.549389E-03	 3.969493E-03	 3.948665E-03	 3.447379E-03	 3.274398E-03	 2.833341E-03	 2.570512E-03	 2.199857E-03
0.97980	 0.000000E+00	 1.947773E-03	 2.331653E-03	 4.299483E-03	 4.342530E-03	 4.744803E-03	 5.133618E-03	 4.656489E-03	 4.894734E-03	 4.294911E-03	 4.265002E-03	 3.730256E-03	 3.542811E-03	 3.064932E-03	 2.783480E-03	 2.380693E-03
0.98234	 0.000000E+00	 1.987950E-03	 2.373208E-03	 4.459671E-03	 4.454029E-03	 4.979043E-03	 5.350641E-03	 4.909504E-03	 5.165759E-03	 4.557057E-03	 4.543368E-03	 3.989079E-03	 3.810118E-03	 3.307337E-03	 3.026181E-03	 2.599290E-03
0.98489	 0.000000E+00	 1.944487E-03	 2.293802E-03	 4.420501E-03	 4.359376E-03	 4.975427E-03	 5.344933E-03	 4.937683E-03	 5.247616E-03	 4.644016E-03	 4.689516E-03	 4.139636E-03	 4.011156E-03	 3.508518E-03	 3.265498E-03	 2.835095E-03
0.98742	 0.000000E+00	 1.753669E-03	 1.997581E-03	 4.017704E-03	 3.886188E-03	 4.516654E-03	 4.907061E-03	 4.512102E-03	 4.932395E-03	 4.347914E-03	 4.524594E-03	 4.016413E-03	 4.012626E-03	 3.555235E-03	 3.420940E-03	 3.028696E-03
0.98995	 0.000000E+00	 1.301057E-03	 1.313089E-03	 2.953997E-03	 2.724204E-03	 3.203913E-03	 3.653495E-03	 3.204525E-03	 3.829435E-03	 3.269754E-03	 3.701093E-03	 3.289432E-03	 3.542194E-03	 3.207197E-03	 3.311339E-03	 3.035446E-03
0.99247	 0.000000E+00	 3.666101E-04	-8.614295E-05	 6.549604E-04	 2.771518E-04	 2.575443E-04	 8.354314E-04	 1.655277E-04	 1.160746E-03	 6.017963E-04	 1.509383E-03	 1.271284E-03	 2.022392E-03	 1.941158E-03	 2.526158E-03	 2.512043E-03
0.99499	 0.000000E+00	-1.464228E-03	-2.811203E-03	-3.970100E-03	-4.582128E-03	-5.821496E-03	-4.986334E-03	-6.262434E-03	-4.596562E-03	-5.264657E-03	-3.472590E-03	-3.444874E-03	-1.746425E-03	-1.357333E-03	 1.616645E-04	 6.743763E-04
0.99750	 0.000000E+00	-4.721782E-03	-7.643977E-03	-1.235074E-02	-1.333008E-02	-1.706029E-02	-1.576996E-02	-1.840455E-02	-1.560605E-02	-1.668923E-02	-1.336793E-02	-1.303762E-02	-9.672811E-03	-8.536276E-03	-5.352868E-03	-3.913807E-03
1.00000	 0.000000E+00	-8.753019E-03	-1.359344E-02	-2.281289E-02	-2.419053E-02	-3.123124E-02	-2.935338E-02	-3.389486E-02	-2.970285E-02	-3.149386E-02	-2.627955E-02	-2.572830E-02	-2.028217E-02	-1.831233E-02	-1.303465E-02	-1.047814E-02
