theta	phi(  2)	phi(  5)	phi(  9)	phi( 16)	phi( 24)	phi( 33)	phi( 45)	phi( 58)	phi( 73)	phi( 90)	phi(109)	phi(129)	phi(151)	phi(175)	phi(201)
   0.00	  -0.00000	  -0.00002	  -0.00005	  -0.00008	  -0.00013	  -0.00018	  -0.00025	  -0.00031	  -0.00035	  -0.00034	  -0.00026	  -0.00028	  -0.00059	  -0.00171	   0.01605
   3.60	   0.00029	   0.00219	   0.00531	   0.01099	   0.01728	   0.02443	   0.03475	   0.04839	   0.06743	   0.09359	   0.12803	   0.17127	   0.23818	   0.37913	   0.95316
   7.20	   0.00058	   0.00439	   0.01060	   0.02198	   0.03460	   0.04895	   0.06977	   0.09732	   0.13587	   0.18910	   0.25978	   0.34985	   0.49194	   0.79765	   1.98498
  10.80	   0.00086	   0.00653	   0.01579	   0.03277	   0.05169	   0.07329	   0.10475	   0.14656	   0.20535	   0.28715	   0.39698	   0.53899	   0.76600	   1.25053	   2.79055
  14.40	   0.00113	   0.00859	   0.02081	   0.04329	   0.06844	   0.09731	   0.13957	   0.19601	   0.27585	   0.38772	   0.53932	   0.73692	   1.05149	   1.68618	   3.22012
  18.00	   0.00138	   0.01055	   0.02561	   0.05342	   0.08470	   0.12081	   0.17400	   0.24536	   0.34683	   0.48968	   0.68394	   0.93627	   1.32725	   2.04282	   3.39409
  21.60	   0.00162	   0.01238	   0.03012	   0.06305	   0.10030	   0.14357	   0.20769	   0.29405	   0.41724	   0.59078	   0.82575	   1.12580	   1.56877	   2.29081	   3.43213
  25.20	   0.00183	   0.01406	   0.03431	   0.07208	   0.11507	   0.16532	   0.24020	   0.34130	   0.48559	   0.68795	   0.95839	   1.29366	   1.75865	   2.43632	   3.39518
  28.80	   0.00201	   0.01557	   0.03812	   0.08039	   0.12880	   0.18574	   0.27098	   0.38617	   0.55008	   0.77774	   1.07560	   1.43072	   1.89113	   2.50112	   3.31372
  32.40	   0.00216	   0.01689	   0.04150	   0.08788	   0.14132	   0.20451	   0.29946	   0.42761	   0.60883	   0.85683	   1.17242	   1.53238	   1.96959	   2.50706	   3.20475
  36.00	   0.00228	   0.01799	   0.04440	   0.09444	   0.15240	   0.22127	   0.32502	   0.46460	   0.66008	   0.92252	   1.24589	   1.59828	   2.00189	   2.47110	   3.07841
  39.60	   0.00237	   0.01887	   0.04680	   0.09998	   0.16187	   0.23572	   0.34711	   0.49617	   0.70233	   0.97297	   1.29509	   1.63104	   1.99677	   2.40533	   2.94092
  43.20	   0.00243	   0.01950	   0.04866	   0.10442	   0.16957	   0.24756	   0.36520	   0.52154	   0.73452	   1.00729	   1.32079	   1.63479	   1.96223	   2.31824	   2.79616
  46.80	   0.00245	   0.01989	   0.04994	   0.10768	   0.17536	   0.25655	   0.37890	   0.54010	   0.75602	   1.02550	   1.32489	   1.61408	   1.90488	   2.21576	   2.64657
  50.40	   0.00243	   0.02002	   0.05065	   0.10973	   0.17913	   0.26251	   0.38791	   0.55150	   0.76667	   1.02833	   1.30987	   1.57325	   1.82998	   2.10210	   2.49371
  54.00	   0.00238	   0.01990	   0.05077	   0.11053	   0.18084	   0.26535	   0.39208	   0.55565	   0.76673	   1.01700	   1.27844	   1.51617	   1.74165	   1.98022	   2.33860
  57.60	   0.00230	   0.01952	   0.05031	   0.11009	   0.18045	   0.26503	   0.39138	   0.55264	   0.75678	   0.99304	   1.23322	   1.44611	   1.64307	   1.85228	   2.18193
  61.20	   0.00218	   0.01890	   0.04927	   0.10843	   0.17801	   0.26159	   0.38594	   0.54281	   0.73765	   0.95807	   1.17662	   1.36580	   1.53669	   1.71986	   2.02414
  64.80	   0.00203	   0.01804	   0.04768	   0.10558	   0.17359	   0.25515	   0.37597	   0.52664	   0.71032	   0.91376	   1.11081	   1.27751	   1.42446	   1.58412	   1.86554
  68.40	   0.00186	   0.01697	   0.04557	   0.10162	   0.16729	   0.24591	   0.36180	   0.50473	   0.67586	   0.86168	   1.03769	   1.18312	   1.30788	   1.44596	   1.70633
  72.00	   0.00166	   0.01569	   0.04299	   0.09663	   0.15927	   0.23409	   0.34386	   0.47778	   0.63537	   0.80333	   0.95892	   1.08418	   1.18819	   1.30610	   1.54667
  75.60	   0.00144	   0.01424	   0.03998	   0.09073	   0.14971	   0.21998	   0.32261	   0.44654	   0.58994	   0.74006	   0.87593	   0.98203	   1.06639	   1.16513	   1.38667
  79.20	   0.00121	   0.01265	   0.03660	   0.08402	   0.13882	   0.20392	   0.29857	   0.41179	   0.54063	   0.67313	   0.78998	   0.87779	   0.94339	   1.02363	   1.22644
  82.80	   0.00096	   0.01092	   0.03291	   0.07664	   0.12682	   0.18625	   0.27229	   0.37430	   0.48844	   0.60367	   0.70219	   0.77245	   0.81999	   0.88211	   1.06610
  86.40	   0.00070	   0.00911	   0.02897	   0.06873	   0.11395	   0.16733	   0.24432	   0.33484	   0.43431	   0.53269	   0.61354	   0.66689	   0.69692	   0.74109	   0.90576
  90.00	   0.00043	   0.00723	   0.02486	   0.06044	   0.10045	   0.14753	   0.21520	   0.29413	   0.37913	   0.46111	   0.52490	   0.56190	   0.57482	   0.60101	   0.74558
  93.60	   0.00016	   0.00532	   0.02064	   0.05191	   0.08658	   0.12722	   0.18548	   0.25287	   0.32369	   0.38979	   0.43708	   0.45821	   0.45429	   0.46228	   0.58572
  97.20	  -0.00010	   0.00340	   0.01639	   0.04329	   0.07257	   0.10676	   0.15566	   0.21172	   0.26875	   0.31949	   0.35083	   0.35652	   0.33590	   0.32529	   0.42636
 100.80	  -0.00036	   0.00152	   0.01217	   0.03472	   0.05866	   0.08648	   0.12621	   0.17127	   0.21499	   0.25094	   0.26686	   0.25748	   0.22025	   0.19047	   0.26771
 104.40	  -0.00061	  -0.00031	   0.00806	   0.02634	   0.04507	   0.06671	   0.09759	   0.13207	   0.16305	   0.18480	   0.18584	   0.16176	   0.10798	   0.05833	   0.11000
 108.00	  -0.00085	  -0.00206	   0.00411	   0.01827	   0.03200	   0.04773	   0.07019	   0.09462	   0.11350	   0.12169	   0.10840	   0.07002	  -0.00023	  -0.07056	  -0.04650
 111.60	  -0.00107	  -0.00369	   0.00039	   0.01063	   0.01963	   0.02981	   0.04437	   0.05938	   0.06686	   0.06220	   0.03518	  -0.01707	  -0.10366	  -0.19551	  -0.20146
 115.20	  -0.00127	  -0.00519	  -0.00306	   0.00352	   0.00814	   0.01318	   0.02045	   0.02672	   0.02359	   0.00685	  -0.03323	  -0.09887	  -0.20158	  -0.31572	  -0.35446
 118.80	  -0.00144	  -0.00652	  -0.00618	  -0.00297	  -0.00234	  -0.00197	  -0.00132	  -0.00301	  -0.01587	  -0.04384	  -0.09623	  -0.17471	  -0.29322	  -0.43032	  -0.50498
 122.40	  -0.00159	  -0.00768	  -0.00894	  -0.00875	  -0.01169	  -0.01547	  -0.02072	  -0.02953	  -0.05117	  -0.08941	  -0.15325	  -0.24389	  -0.37778	  -0.53832	  -0.65231
 126.00	  -0.00171	  -0.00864	  -0.01130	  -0.01377	  -0.01981	  -0.02719	  -0.03756	  -0.05261	  -0.08200	  -0.12942	  -0.20371	  -0.30572	  -0.45441	  -0.63867	  -0.79553
 129.60	  -0.00180	  -0.00939	  -0.01324	  -0.01799	  -0.02663	  -0.03704	  -0.05174	  -0.07208	  -0.10810	  -0.16351	  -0.24706	  -0.35945	  -0.52218	  -0.73016	  -0.93350
 133.20	  -0.00185	  -0.00992	  -0.01474	  -0.02137	  -0.03212	  -0.04497	  -0.06315	  -0.08783	  -0.12927	  -0.19134	  -0.28279	  -0.40433	  -0.58006	  -0.81143	  -1.06479
 136.80	  -0.00188	  -0.01024	  -0.01580	  -0.02389	  -0.03624	  -0.05094	  -0.07179	  -0.09978	  -0.14539	  -0.21265	  -0.31040	  -0.43958	  -0.62691	  -0.88092	  -1.18771
 140.40	  -0.00187	  -0.01033	  -0.01641	  -0.02556	  -0.03901	  -0.05496	  -0.07764	  -0.10794	  -0.15640	  -0.22726	  -0.32949	  -0.46444	  -0.66145	  -0.93676	  -1.30019
 144.00	  -0.00182	  -0.01020	  -0.01658	  -0.02639	  -0.04043	  -0.05707	  -0.08077	  -0.11237	  -0.16232	  -0.23507	  -0.33972	  -0.47820	  -0.68236	  -0.97673	  -1.39959
 147.60	  -0.00175	  -0.00987	  -0.01632	  -0.02641	  -0.04058	  -0.05734	  -0.08127	  -0.11317	  -0.16323	  -0.23608	  -0.34088	  -0.48024	  -0.68825	  -0.99826	  -1.48234
 151.20	  -0.00164	  -0.00933	  -0.01566	  -0.02565	  -0.03950	  -0.05587	  -0.07927	  -0.11050	  -0.15931	  -0.23040	  -0.33291	  -0.47013	  -0.67784	  -0.99847	  -1.54335
 154.80	  -0.00150	  -0.00861	  -0.01461	  -0.02417	  -0.03728	  -0.05277	  -0.07495	  -0.10459	  -0.15081	  -0.21828	  -0.31593	  -0.44765	  -0.65010	  -0.97426	  -1.57538
 158.40	  -0.00134	  -0.00772	  -0.01322	  -0.02204	  -0.03403	  -0.04820	  -0.06851	  -0.09570	  -0.13808	  -0.20010	  -0.29026	  -0.41289	  -0.60433	  -0.92253	  -1.56871
 162.00	  -0.00116	  -0.00668	  -0.01152	  -0.01932	  -0.02986	  -0.04231	  -0.06020	  -0.08416	  -0.12151	  -0.17636	  -0.25646	  -0.36631	  -0.54042	  -0.84059	  -1.51117
 165.60	  -0.00095	  -0.00551	  -0.00956	  -0.01611	  -0.02491	  -0.03531	  -0.05026	  -0.07033	  -0.10163	  -0.14772	  -0.21532	  -0.30877	  -0.45895	  -0.72669	  -1.38835
 169.20	  -0.00073	  -0.00424	  -0.00738	  -0.01248	  -0.01932	  -0.02739	  -0.03900	  -0.05462	  -0.07898	  -0.11495	  -0.16792	  -0.24160	  -0.36138	  -0.58096	  -1.18317
 172.80	  -0.00049	  -0.00288	  -0.00504	  -0.00855	  -0.01323	  -0.01876	  -0.02674	  -0.03746	  -0.05421	  -0.07898	  -0.11553	  -0.16659	  -0.25026	  -0.40646	  -0.87914
 176.40	  -0.00025	  -0.00147	  -0.00259	  -0.00440	  -0.00682	  -0.00967	  -0.01378	  -0.01933	  -0.02798	  -0.04079	  -0.05967	  -0.08603	  -0.12920	  -0.20985	  -0.47656
 180.00	  -0.00000	  -0.00003	  -0.00007	  -0.00015	  -0.00023	  -0.00033	  -0.00048	  -0.00069	  -0.00101	  -0.00146	  -0.00201	  -0.00255	  -0.00282	  -0.00111	  -0.01118
 183.60	   0.00024	   0.00141	   0.00244	   0.00411	   0.00635	   0.00901	   0.01283	   0.01796	   0.02598	   0.03790	   0.05570	   0.08102	   0.12369	   0.20781	   0.45573
 187.20	   0.00049	   0.00282	   0.00490	   0.00826	   0.01278	   0.01812	   0.02580	   0.03612	   0.05225	   0.07616	   0.11169	   0.16180	   0.24511	   0.40490	   0.86228
 190.80	   0.00072	   0.00417	   0.00724	   0.01220	   0.01887	   0.02676	   0.03810	   0.05332	   0.07710	   0.11226	   0.16429	   0.23715	   0.35680	   0.58008	   1.17088
 194.40	   0.00094	   0.00545	   0.00943	   0.01583	   0.02448	   0.03470	   0.04939	   0.06909	   0.09984	   0.14519	   0.21197	   0.30476	   0.45504	   0.72655	   1.37975
 198.00	   0.00115	   0.00662	   0.01139	   0.01906	   0.02945	   0.04173	   0.05937	   0.08299	   0.11984	   0.17403	   0.25342	   0.36281	   0.53726	   0.84113	   1.50512
 201.60	   0.00133	   0.00767	   0.01310	   0.02179	   0.03364	   0.04765	   0.06774	   0.09461	   0.13654	   0.19799	   0.28758	   0.40992	   0.60190	   0.92362	   1.56432
 205.20	   0.00150	   0.00856	   0.01450	   0.02394	   0.03692	   0.05226	   0.07424	   0.10359	   0.14942	   0.21641	   0.31362	   0.44520	   0.64835	   0.97572	   1.57203
 208.80	   0.00163	   0.00929	   0.01555	   0.02544	   0.03916	   0.05540	   0.07862	   0.10960	   0.15807	   0.22877	   0.33096	   0.46819	   0.67671	   1.00016	   1.54063
 212.40	   0.00174	   0.00983	   0.01623	   0.02622	   0.04027	   0.05692	   0.08068	   0.11236	   0.16214	   0.23468	   0.33928	   0.47876	   0.68762	   1.00003	   1.48000
 216.00	   0.00182	   0.01017	   0.01650	   0.02622	   0.04017	   0.05669	   0.08025	   0.11167	   0.16139	   0.23390	   0.33844	   0.47713	   0.68213	   0.97845	   1.39747
 219.60	   0.00186	   0.01030	   0.01634	   0.02542	   0.03877	   0.05463	   0.07719	   0.10734	   0.15562	   0.22631	   0.32850	   0.46372	   0.66154	   0.93835	   1.29823
 223.20	   0.00187	   0.01022	   0.01575	   0.02377	   0.03604	   0.05066	   0.07140	   0.09928	   0.14475	   0.21190	   0.30967	   0.43915	   0.62720	   0.88235	   1.18590
 226.80	   0.00185	   0.00991	   0.01470	   0.02127	   0.03195	   0.04473	   0.06284	   0.08742	   0.12876	   0.19076	   0.28228	   0.40413	   0.58050	   0.81266	   1.06313
 230.40	   0.00180	   0.00938	   0.01321	   0.01792	   0.02650	   0.03686	   0.05149	   0.07176	   0.10771	   0.16309	   0.24674	   0.35943	   0.52271	   0.73118	   0.93200
 234.00	   0.00171	   0.00864	   0.01129	   0.01372	   0.01972	   0.02705	   0.03738	   0.05237	   0.08172	   0.12914	   0.20353	   0.30583	   0.45499	   0.63950	   0.79419
 237.60	   0.00159	   0.00769	   0.00894	   0.00873	   0.01163	   0.01538	   0.02059	   0.02937	   0.05099	   0.08924	   0.15320	   0.24410	   0.37838	   0.53899	   0.65112
 241.20	   0.00145	   0.00654	   0.00619	   0.00297	   0.00232	   0.00192	   0.00125	   0.00292	   0.01577	   0.04377	   0.09628	   0.17499	   0.29381	   0.43083	   0.50395
 244.80	   0.00127	   0.00521	   0.00309	  -0.00350	  -0.00813	  -0.01318	  -0.02046	  -0.02675	  -0.02361	  -0.00683	   0.03335	   0.09920	   0.20216	   0.31611	   0.35357
 248.40	   0.00107	   0.00372	  -0.00035	  -0.01058	  -0.01959	  -0.02977	  -0.04434	  -0.05934	  -0.06681	  -0.06211	  -0.03500	   0.01744	   0.10422	   0.19580	   0.20069
 252.00	   0.00086	   0.00209	  -0.00406	  -0.01820	  -0.03192	  -0.04765	  -0.07011	  -0.09453	  -0.11339	  -0.12155	  -0.10818	  -0.06964	   0.00077	   0.07078	   0.04583
 255.60	   0.00062	   0.00035	  -0.00800	  -0.02624	  -0.04496	  -0.06659	  -0.09746	  -0.13193	  -0.16289	  -0.18460	  -0.18557	  -0.16136	  -0.10746	  -0.05817	  -0.11057
 259.20	   0.00037	  -0.00148	  -0.01210	  -0.03461	  -0.05852	  -0.08632	  -0.12604	  -0.17107	  -0.21478	  -0.25070	  -0.26657	  -0.25707	  -0.21975	  -0.19036	  -0.26820
 262.80	   0.00011	  -0.00336	  -0.01630	  -0.04316	  -0.07240	  -0.10656	  -0.15543	  -0.21148	  -0.26849	  -0.31921	  -0.35051	  -0.35610	  -0.33541	  -0.32522	  -0.42679
 266.40	  -0.00015	  -0.00527	  -0.02055	  -0.05176	  -0.08638	  -0.12698	  -0.18521	  -0.25258	  -0.32338	  -0.38946	  -0.43673	  -0.45779	  -0.45381	  -0.46223	  -0.58611
 270.00	  -0.00042	  -0.00718	  -0.02475	  -0.06027	  -0.10023	  -0.14726	  -0.21489	  -0.29379	  -0.37877	  -0.46074	  -0.52452	  -0.56147	  -0.57435	  -0.60098	  -0.74593
 273.60	  -0.00069	  -0.00905	  -0.02886	  -0.06855	  -0.11370	  -0.16702	  -0.24396	  -0.33444	  -0.43390	  -0.53227	  -0.61313	  -0.66645	  -0.69645	  -0.74107	  -0.90609
 277.20	  -0.00095	  -0.01087	  -0.03279	  -0.07644	  -0.12654	  -0.18590	  -0.27188	  -0.37385	  -0.48797	  -0.60321	  -0.70175	  -0.77199	  -0.81953	  -0.88210	  -1.06641
 280.80	  -0.00120	  -0.01259	  -0.03648	  -0.08381	  -0.13852	  -0.20354	  -0.29811	  -0.41128	  -0.54009	  -0.67261	  -0.78951	  -0.87732	  -0.94294	  -1.02362	  -1.22675
 284.40	  -0.00143	  -0.01419	  -0.03986	  -0.09051	  -0.14939	  -0.21957	  -0.32210	  -0.44597	  -0.58933	  -0.73947	  -0.87540	  -0.98154	  -1.06594	  -1.16514	  -1.38696
 288.00	  -0.00165	  -0.01564	  -0.04287	  -0.09641	  -0.15893	  -0.23365	  -0.34330	  -0.47713	  -0.63468	  -0.80266	  -0.95833	  -1.08367	  -1.18774	  -1.30612	  -1.54695
 291.60	  -0.00185	  -0.01692	  -0.04546	  -0.10139	  -0.16694	  -0.24544	  -0.36120	  -0.50401	  -0.67507	  -0.86091	  -1.03703	  -1.18256	  -1.30743	  -1.44601	  -1.70659
 295.20	  -0.00203	  -0.01800	  -0.04757	  -0.10535	  -0.17323	  -0.25466	  -0.37532	  -0.52584	  -0.70943	  -0.91287	  -1.11005	  -1.27690	  -1.42401	  -1.58420	  -1.86577
 298.80	  -0.00217	  -0.01886	  -0.04916	  -0.10820	  -0.17765	  -0.26108	  -0.38524	  -0.54194	  -0.73665	  -0.95705	  -1.17573	  -1.36511	  -1.53623	  -1.71997	  -2.02434
 302.40	  -0.00229	  -0.01948	  -0.05021	  -0.10987	  -0.18009	  -0.26451	  -0.39066	  -0.55170	  -0.75566	  -0.99186	  -1.23217	  -1.44531	  -1.64258	  -1.85242	  -2.18209
 306.00	  -0.00238	  -0.01987	  -0.05068	  -0.11033	  -0.18049	  -0.26483	  -0.39133	  -0.55465	  -0.76549	  -1.01564	  -1.27720	  -1.51523	  -1.74111	  -1.98039	  -2.33871
 309.60	  -0.00243	  -0.02000	  -0.05057	  -0.10954	  -0.17880	  -0.26201	  -0.38716	  -0.55046	  -0.76531	  -1.02678	  -1.30839	  -1.57212	  -1.82937	  -2.10230	  -2.49374
 313.20	  -0.00244	  -0.01987	  -0.04988	  -0.10751	  -0.17505	  -0.25606	  -0.37816	  -0.53903	  -0.75456	  -1.02374	  -1.32313	  -1.61268	  -1.90414	  -2.21601	  -2.64651
 316.80	  -0.00243	  -0.01949	  -0.04860	  -0.10427	  -0.16930	  -0.24711	  -0.36449	  -0.52047	  -0.73300	  -1.00534	  -1.31872	  -1.63306	  -1.96130	  -2.31850	  -2.79599
 320.40	  -0.00237	  -0.01886	  -0.04676	  -0.09987	  -0.16164	  -0.23532	  -0.34645	  -0.49515	  -0.70079	  -0.97087	  -1.29269	  -1.62891	  -1.99556	  -2.40559	  -2.94057
 324.00	  -0.00229	  -0.01799	  -0.04438	  -0.09436	  -0.15221	  -0.22094	  -0.32445	  -0.46365	  -0.65857	  -0.92033	  -1.24318	  -1.59568	  -2.00028	  -2.47131	  -3.07780
 327.60	  -0.00216	  -0.01689	  -0.04149	  -0.08783	  -0.14118	  -0.20425	  -0.29898	  -0.42678	  -0.60742	  -0.85463	  -1.16947	  -1.52930	  -1.96747	  -2.50714	  -3.20374
 331.20	  -0.00201	  -0.01559	  -0.03813	  -0.08037	  -0.12873	  -0.18557	  -0.27063	  -0.38549	  -0.54884	  -0.77565	  -1.07255	  -1.42723	  -1.88838	  -2.50092	  -3.31208
 334.80	  -0.00183	  -0.01408	  -0.03434	  -0.07210	  -0.11505	  -0.16524	  -0.23998	  -0.34082	  -0.48459	  -0.68610	  -0.95543	  -1.28993	  -1.75527	  -2.43565	  -3.39247
 338.40	  -0.00162	  -0.01241	  -0.03017	  -0.06310	  -0.10034	  -0.14359	  -0.20762	  -0.29377	  -0.41654	  -0.58929	  -0.82311	  -1.12216	  -1.56496	  -2.28949	  -3.42755
 342.00	  -0.00139	  -0.01058	  -0.02566	  -0.05350	  -0.08480	  -0.12091	  -0.17407	  -0.24530	  -0.34645	  -0.48864	  -0.68184	  -0.93310	  -1.32348	  -2.04085	  -3.38597
 345.60	  -0.00114	  -0.00863	  -0.02088	  -0.04340	  -0.06859	  -0.09749	  -0.13977	  -0.19617	  -0.27580	  -0.38717	  -0.53790	  -0.73456	  -1.04842	  -1.68406	  -3.20498
 349.20	  -0.00087	  -0.00657	  -0.01587	  -0.03291	  -0.05188	  -0.07355	  -0.10507	  -0.14690	  -0.20561	  -0.28706	  -0.39628	  -0.53765	  -0.76420	  -1.24938	  -2.76258
 352.80	  -0.00059	  -0.00443	  -0.01069	  -0.02213	  -0.03482	  -0.04926	  -0.07018	  -0.09782	  -0.13636	  -0.18941	  -0.25972	  -0.34947	  -0.49157	  -0.79843	  -1.94400
 356.40	  -0.00030	  -0.00224	  -0.00540	  -0.01115	  -0.01753	  -0.02477	  -0.03522	  -0.04899	  -0.06808	  -0.09417	  -0.12839	  -0.17158	  -0.23893	  -0.38179	  -0.91419
 360.00	  -0.00000	  -0.00002	  -0.00005	  -0.00008	  -0.00013	  -0.00018	  -0.00025	  -0.00031	  -0.00035	  -0.00034	  -0.00026	  -0.00028	  -0.00059	  -0.00171	   0.01605
