r	   0/   0	   1/   0	   2/   0	   3/   0	   4/   0	   5/   0	   6/   0	   7/   0	   8/   0	   9/   0	  10/   0	  11/   0	  12/   0	  13/   0	  14/   0	  15/   0
0.05000	 1.315074E-10	-9.071108E-09	 7.578306E-08	 5.144398E-09	 5.021622E-10	-1.509545E-10	-1.109029E-10	-9.012879E-12	 2.153896E-10	 2.007847E-11	-7.764193E-13	-5.771374E-13	-2.417117E-12	-2.906941E-14	 3.674847E-13	-5.843270E-14
0.08660	 9.762535E-10	-4.179796E-08	 2.084674E-07	 2.091379E-08	 2.611779E-09	 4.797320E-11	-6.855804E-10	-7.124142E-11	 4.974113E-10	 3.833062E-11	-3.132811E-11	-8.433204E-12	-1.042000E-11	-2.360566E-12	 1.213531E-12	-1.156369E-13
0.11180	 2.445086E-09	-8.694938E-08	 3.418198E-07	 3.843346E-08	 3.789053E-09	-8.900106E-11	-3.686374E-10	 3.257551E-10	 9.370972E-10	 1.557043E-10	-7.472186E-11	-1.751234E-11	-1.188408E-11	-1.899113E-12	 3.134824E-12	 6.130701E-13
0.13229	 4.431226E-09	-1.430281E-07	 4.737045E-07	 6.385020E-08	 8.668546E-09	 1.076663E-10	 4.593719E-10	 6.759641E-10	 1.156791E-09	 2.447505E-10	-1.241177E-10	-1.894799E-11	 3.210811E-13	-2.305924E-13	 3.488291E-12	 4.102567E-13
0.15000	 6.693826E-09	-2.082748E-07	 6.030173E-07	 9.375188E-08	 1.752533E-08	 1.969007E-09	 1.562655E-09	 6.310392E-10	 9.462414E-10	 2.057267E-10	-1.842825E-10	-2.005254E-11	 1.894351E-11	 1.938461E-12	 4.647570E-13	-4.443121E-13
0.16583	 9.091753E-09	-2.819020E-07	 7.291327E-07	 1.277069E-07	 3.008462E-08	 4.721280E-09	 2.508053E-09	 5.849831E-10	 5.809303E-10	 9.872553E-11	-2.218067E-10	-2.911312E-11	 3.329890E-11	 5.656619E-12	-3.046212E-12	-8.082032E-13
0.18028	 1.151512E-08	-3.627552E-07	 8.514017E-07	 1.646391E-07	 4.582115E-08	 8.223277E-09	 3.242379E-09	 5.829736E-10	 2.161935E-10	-5.172966E-12	-2.220202E-10	-4.180339E-11	 3.763643E-11	 8.509339E-12	-5.574815E-12	-1.335786E-12
0.19365	 1.390406E-08	-4.494360E-07	 9.699215E-07	 2.035465E-07	 6.411713E-08	 1.244104E-08	 3.898285E-09	 6.582059E-10	-5.921402E-11	-8.353059E-11	-1.950430E-10	-5.005119E-11	 3.376329E-11	 9.432907E-12	-6.727254E-12	-2.014713E-12
0.20616	 1.624150E-08	-5.404136E-07	 1.085231E-06	 2.436967E-07	 8.447089E-08	 1.736423E-08	 4.626447E-09	 8.246933E-10	-2.092883E-10	-1.268798E-10	-1.550512E-10	-5.168007E-11	 2.551967E-11	 8.784992E-12	-6.592345E-12	-2.618263E-12
0.21794	 1.854183E-08	-6.341506E-07	 1.198002E-06	 2.846142E-07	 1.065342E-07	 2.295987E-08	 5.537158E-09	 1.086591E-09	-2.380328E-10	-1.360193E-10	-1.123854E-10	-4.731858E-11	 1.636275E-11	 7.149518E-12	-5.536033E-12	-3.004665E-12
0.22913	 2.082837E-08	-7.293264E-07	 1.308808E-06	 3.259913E-07	 1.300880E-07	 2.921203E-08	 6.705791E-09	 1.425129E-09	-1.766884E-10	-1.190970E-10	-7.432219E-11	-3.907556E-11	 8.542871E-12	 5.056314E-12	-4.180343E-12	-3.250682E-12
0.23979	 2.311717E-08	-8.251443E-07	 1.418175E-06	 3.677396E-07	 1.550546E-07	 3.611979E-08	 8.174540E-09	 1.818089E-09	-6.281682E-11	-8.756635E-11	-4.497523E-11	-2.920756E-11	 2.929071E-12	 2.906803E-12	-3.059831E-12	-3.496411E-12
0.25000	 2.539383E-08	-9.211746E-07	 1.526076E-06	 4.098253E-07	 1.814304E-07	 4.370797E-08	 9.967613E-09	 2.245711E-09	 7.150595E-11	-5.075199E-11	-2.578603E-11	-1.989935E-11	-5.766132E-13	 1.025699E-12	-2.547192E-12	-3.927786E-12
0.25981	 2.763119E-08	-1.017671E-06	 1.632583E-06	 4.523168E-07	 2.092879E-07	 5.202994E-08	 1.210201E-08	 2.701079E-09	 2.075441E-10	-1.340815E-11	-1.573469E-11	-1.277801E-11	-2.481572E-12	-2.869438E-13	-2.786575E-12	-4.702680E-12
0.26926	 2.980018E-08	-1.114995E-06	 1.737453E-06	 4.951797E-07	 2.386731E-07	 6.110844E-08	 1.457641E-08	 3.201815E-09	 3.432960E-10	 2.217276E-11	-1.172991E-11	-7.704716E-12	-3.337754E-12	-9.767343E-13	-3.590791E-12	-5.750891E-12
0.27839	 3.187247E-08	-1.213571E-06	 1.840545E-06	 5.383950E-07	 2.696375E-07	 7.096596E-08	 1.738848E-08	 3.771780E-09	 4.840506E-10	 5.606059E-11	-1.068816E-11	-4.236274E-12	-3.594921E-12	-1.072313E-12	-4.726661E-12	-6.991747E-12
0.28723	 3.382898E-08	-1.313749E-06	 1.941806E-06	 5.819032E-07	 3.022073E-07	 8.162688E-08	 2.054043E-08	 4.431599E-09	 6.375037E-10	 9.033622E-11	-1.008604E-11	-2.070264E-12	-3.513707E-12	-5.742679E-13	-6.005803E-12	-8.394761E-12
0.29580	 3.566249E-08	-1.415495E-06	 2.041161E-06	 6.255866E-07	 3.363672E-07	 9.308527E-08	 2.402788E-08	 5.203170E-09	 8.127273E-10	 1.258055E-10	-8.017987E-12	-1.054063E-13	-3.184306E-12	 2.833864E-13	-7.236673E-12	-9.817056E-12
0.30414	 3.737568E-08	-1.518565E-06	 2.138696E-06	 6.693533E-07	 3.720967E-07	 1.053256E-07	 2.784648E-08	 6.099925E-09	 1.015982E-09	 1.628213E-10	-3.685841E-12	 2.638702E-12	-2.610833E-12	 1.207182E-12	-8.327534E-12	-1.112698E-11
0.31225	 3.897357E-08	-1.622667E-06	 2.234522E-06	 7.131146E-07	 4.093611E-07	 1.183418E-07	 3.200055E-08	 7.122086E-09	 1.248586E-09	 2.029429E-10	 2.892208E-12	 6.079459E-12	-1.846889E-12	 2.138026E-12	-9.298775E-12	-1.235204E-11
0.32016	 4.045958E-08	-1.727543E-06	 2.328802E-06	 7.568252E-07	 4.481377E-07	 1.321350E-07	 3.649892E-08	 8.266313E-09	 1.510248E-09	 2.478046E-10	 1.138227E-11	 9.836951E-12	-9.281989E-13	 3.114104E-12	-1.020779E-11	-1.357120E-11
0.32787	 4.183830E-08	-1.832903E-06	 2.421660E-06	 8.004348E-07	 4.883968E-07	 1.466959E-07	 4.134734E-08	 9.531587E-09	 1.801070E-09	 2.977813E-10	 2.136084E-11	 1.402836E-11	 1.856348E-13	 4.046411E-12	-1.109699E-11	-1.477661E-11
0.33541	 4.310858E-08	-1.938463E-06	 2.513140E-06	 8.438862E-07	 5.301042E-07	 1.620186E-07	 4.655395E-08	 1.091645E-08	 2.120659E-09	 3.533504E-10	 3.241258E-11	 1.856439E-11	 1.488794E-12	 4.917850E-12	-1.200787E-11	-1.599044E-11
0.34278	 4.426221E-08	-2.044032E-06	 2.603377E-06	 8.871990E-07	 5.732647E-07	 1.781166E-07	 5.213353E-08	 1.242309E-08	 2.469556E-09	 4.151874E-10	 4.417141E-11	 2.312157E-11	 2.940177E-12	 5.817810E-12	-1.299220E-11	-1.730059E-11
0.35000	 4.538821E-08	-2.150805E-06	 2.693106E-06	 9.301857E-07	 6.177543E-07	 1.949854E-07	 5.811429E-08	 1.404939E-08	 2.844686E-09	 4.856609E-10	 5.726713E-11	 2.689860E-11	 4.423895E-12	 7.043926E-12	-1.399984E-11	-1.884569E-11
0.35707	 4.648548E-08	-2.259037E-06	 2.782284E-06	 9.727680E-07	 6.635447E-07	 2.126355E-07	 6.451386E-08	 1.580623E-08	 3.248088E-09	 5.639476E-10	 7.176062E-11	 3.011630E-11	 5.850174E-12	 8.487537E-12	-1.498199E-11	-2.060661E-11
0.36401	 4.743955E-08	-2.367855E-06	 2.870162E-06	 1.015036E-06	 7.107492E-07	 2.311158E-07	 7.134590E-08	 1.771436E-08	 3.689409E-09	 6.490325E-10	 8.711184E-11	 3.354662E-11	 7.412052E-12	 9.954901E-12	-1.594069E-11	-2.249119E-11
0.37081	 4.823395E-08	-2.477559E-06	 2.956620E-06	 1.056883E-06	 7.593616E-07	 2.504585E-07	 7.863890E-08	 1.978561E-08	 4.174395E-09	 7.432011E-10	 1.038103E-10	 3.719349E-11	 9.275691E-12	 1.162257E-11	-1.680712E-11	-2.450695E-11
0.37749	 4.890466E-08	-2.588819E-06	 3.041938E-06	 1.098186E-06	 8.093300E-07	 2.706723E-07	 8.642028E-08	 2.203094E-08	 4.706477E-09	 8.478875E-10	 1.223770E-10	 4.111149E-11	 1.153622E-11	 1.357458E-11	-1.751769E-11	-2.664651E-11
0.38406	 4.945383E-08	-2.701708E-06	 3.126173E-06	 1.138888E-06	 8.606335E-07	 2.917644E-07	 9.470701E-08	 2.446203E-08	 5.290657E-09	 9.638406E-10	 1.428346E-10	 4.547008E-11	 1.435377E-11	 1.581394E-11	-1.805210E-11	-2.888267E-11
0.39051	 4.984052E-08	-2.815629E-06	 3.209154E-06	 1.179011E-06	 9.132992E-07	 3.137463E-07	 1.035076E-07	 2.709125E-08	 5.934062E-09	 1.091557E-09	 1.648531E-10	 5.062971E-11	 1.799423E-11	 1.829100E-11	-1.842286E-11	-3.114768E-11
0.39686	 5.007175E-08	-2.930220E-06	 3.291041E-06	 1.218536E-06	 9.673118E-07	 3.366108E-07	 1.128298E-07	 2.992666E-08	 6.640836E-09	 1.231666E-09	 1.884261E-10	 5.679052E-11	 2.260913E-11	 2.099614E-11	-1.863141E-11	-3.339404E-11
0.40311	 5.026901E-08	-3.046399E-06	 3.372700E-06	 1.257334E-06	 1.022562E-06	 3.603243E-07	 1.226929E-07	 3.296889E-08	 7.407325E-09	 1.385029E-09	 2.143102E-10	 6.336279E-11	 2.795310E-11	 2.408238E-11	-1.858567E-11	-3.568699E-11
0.40927	 5.045218E-08	-3.164096E-06	 3.454281E-06	 1.295372E-06	 1.079038E-06	 3.848795E-07	 1.331095E-07	 3.622530E-08	 8.234139E-09	 1.550740E-09	 2.423035E-10	 7.019574E-11	 3.380271E-11	 2.743064E-11	-1.822790E-11	-3.800539E-11
0.41533	 5.051735E-08	-3.282271E-06	 3.535308E-06	 1.332769E-06	 1.136883E-06	 4.103262E-07	 1.440965E-07	 3.971207E-08	 9.129904E-09	 1.728662E-09	 2.714102E-10	 7.745544E-11	 4.027976E-11	 3.091587E-11	-1.758432E-11	-4.028607E-11
0.42131	 5.046374E-08	-3.401175E-06	 3.615860E-06	 1.369483E-06	 1.196141E-06	 4.366992E-07	 1.556900E-07	 4.344161E-08	 1.009872E-08	 1.920631E-09	 3.017556E-10	 8.463110E-11	 4.727969E-11	 3.470613E-11	-1.658336E-11	-4.256208E-11
0.42720	 5.035814E-08	-3.521663E-06	 3.696337E-06	 1.405384E-06	 1.256773E-06	 4.640044E-07	 1.679295E-07	 4.742624E-08	 1.114176E-08	 2.127762E-09	 3.337411E-10	 9.116145E-11	 5.450189E-11	 3.888630E-11	-1.511751E-11	-4.486107E-11
0.43301	 5.020459E-08	-3.644134E-06	 3.776889E-06	 1.440452E-06	 1.318841E-06	 4.922813E-07	 1.808560E-07	 5.168486E-08	 1.226514E-08	 2.351044E-09	 3.670926E-10	 9.670802E-11	 6.182431E-11	 4.343426E-11	-1.314662E-11	-4.717376E-11
0.43875	 4.992837E-08	-3.768152E-06	 3.857086E-06	 1.474658E-06	 1.382414E-06	 5.215780E-07	 1.945057E-07	 5.624126E-08	 1.348052E-08	 2.592045E-09	 4.010370E-10	 1.011712E-10	 6.933635E-11	 4.828411E-11	-1.067877E-11	-4.943250E-11
0.44441	 4.952201E-08	-3.894080E-06	 3.937007E-06	 1.507953E-06	 1.447553E-06	 5.519446E-07	 2.089291E-07	 6.112020E-08	 1.479802E-08	 2.853417E-09	 4.355608E-10	 1.042122E-10	 7.698153E-11	 5.350006E-11	-7.674910E-12	-5.161490E-11
0.45000	 4.905903E-08	-4.022942E-06	 4.016980E-06	 1.540135E-06	 1.514178E-06	 5.833856E-07	 2.241788E-07	 6.634431E-08	 1.622351E-08	 3.137670E-09	 4.713698E-10	 1.051305E-10	 8.431382E-11	 5.915926E-11	-3.992804E-12	-5.374264E-11
0.45552	 4.853588E-08	-4.155128E-06	 4.096995E-06	 1.571108E-06	 1.582307E-06	 6.159385E-07	 2.403070E-07	 7.194345E-08	 1.776885E-08	 3.447236E-09	 5.084262E-10	 1.035761E-10	 9.108783E-11	 6.515716E-11	 4.429554E-13	-5.575591E-11
0.46098	 4.785883E-08	-4.290157E-06	 4.176543E-06	 1.600830E-06	 1.652011E-06	 6.496584E-07	 2.573599E-07	 7.795200E-08	 1.945269E-08	 3.785666E-09	 5.460324E-10	 9.943688E-11	 9.741704E-11	 7.137305E-11	 5.599183E-12	-5.754188E-11
0.46637	 4.701828E-08	-4.428337E-06	 4.255554E-06	 1.629181E-06	 1.723286E-06	 6.845757E-07	 2.753902E-07	 8.440155E-08	 2.129011E-08	 4.157525E-09	 5.845214E-10	 9.220827E-11	 1.031106E-10	 7.782242E-11	 1.152079E-11	-5.905263E-11
0.47170	 4.607871E-08	-4.570517E-06	 4.334321E-06	 1.655982E-06	 1.796057E-06	 7.206867E-07	 2.944496E-07	 9.132149E-08	 2.329266E-08	 4.566879E-09	 6.247385E-10	 8.123818E-11	 1.076780E-10	 8.444144E-11	 1.829700E-11	-6.025687E-11
0.47697	 4.503776E-08	-4.716938E-06	 4.412825E-06	 1.681124E-06	 1.870322E-06	 7.580137E-07	 3.145916E-07	 9.874748E-08	 2.547703E-08	 5.018053E-09	 6.669743E-10	 6.598906E-11	 1.106645E-10	 9.102243E-11	 2.598150E-11	-6.107004E-11
0.48218	 4.381741E-08	-4.867106E-06	 4.490650E-06	 1.704536E-06	 1.946124E-06	 7.965976E-07	 3.358692E-07	 1.067200E-07	 2.786604E-08	 5.516717E-09	 7.110432E-10	 4.598476E-11	 1.117987E-10	 9.732455E-11	 3.454165E-11	-6.137088E-11
0.48734	 4.241352E-08	-5.021209E-06	 4.567809E-06	 1.726118E-06	 2.023473E-06	 8.364604E-07	 3.583401E-07	 1.152769E-07	 3.047972E-08	 6.069522E-09	 7.576361E-10	 2.041457E-11	 1.105422E-10	 1.032062E-10	 4.399483E-11	-6.109872E-11
0.49244	 4.088289E-08	-5.179682E-06	 4.644511E-06	 1.745712E-06	 2.102272E-06	 8.775675E-07	 3.820437E-07	 1.244479E-07	 3.333399E-08	 6.682462E-09	 8.077347E-10	-1.163926E-11	 1.061418E-10	 1.084199E-10	 5.434066E-11	-6.021901E-11
0.49749	 3.923345E-08	-5.342612E-06	 4.720872E-06	 1.763263E-06	 2.182527E-06	 9.199163E-07	 4.070211E-07	 1.342659E-07	 3.644843E-08	 7.361973E-09	 8.619457E-10	-5.099829E-11	 9.792298E-11	 1.125872E-10	 6.550233E-11	-5.867271E-11
0.50249	 3.740797E-08	-5.509345E-06	 4.796519E-06	 1.778680E-06	 2.264203E-06	 9.634926E-07	 4.333034E-07	 1.447645E-07	 3.984674E-08	 8.115969E-09	 9.207556E-10	-9.862103E-11	 8.516837E-11	 1.153175E-10	 7.735762E-11	-5.640300E-11
0.50744	 3.540872E-08	-5.679967E-06	 4.871599E-06	 1.791925E-06	 2.347330E-06	 1.008305E-06	 4.609402E-07	 1.559805E-07	 4.355211E-08	 8.953350E-09	 9.856443E-10	-1.554629E-10	 6.692531E-11	 1.162051E-10	 8.980923E-11	-5.338279E-11
0.51235	 3.329870E-08	-5.854706E-06	 4.946216E-06	 1.802797E-06	 2.431740E-06	 1.054276E-06	 4.899562E-07	 1.679415E-07	 4.758311E-08	 9.882554E-09	 1.058727E-09	-2.226865E-10	 4.179226E-11	 1.146889E-10	 1.027964E-10	-4.961415E-11
0.51720	 3.108479E-08	-6.033705E-06	 5.020535E-06	 1.811270E-06	 2.517455E-06	 1.101399E-06	 5.203928E-07	 1.806831E-07	 5.196426E-08	 1.091344E-08	 1.141983E-09	-3.011298E-10	 8.676286E-12	 1.101126E-10	 1.161324E-10	-4.508848E-11
0.52202	 2.870189E-08	-6.216202E-06	 5.094067E-06	 1.817231E-06	 2.604383E-06	 1.149627E-06	 5.522632E-07	 1.942354E-07	 5.672327E-08	 1.205735E-08	 1.237269E-09	-3.916411E-10	-3.342381E-11	 1.017613E-10	 1.295003E-10	-3.980023E-11
0.52678	 2.614938E-08	-6.402497E-06	 5.166915E-06	 1.820635E-06	 2.692545E-06	 1.198960E-06	 5.856135E-07	 2.086362E-07	 6.188780E-08	 1.332713E-08	 1.347994E-09	-4.949750E-10	-8.581396E-11	 8.893690E-11	 1.426489E-10	-3.380250E-11
0.53151	 2.344374E-08	-6.592510E-06	 5.238909E-06	 1.821287E-06	 2.781764E-06	 1.249311E-06	 6.204590E-07	 2.239153E-07	 6.748419E-08	 1.473574E-08	 1.478048E-09	-6.118229E-10	-1.501057E-10	 7.066868E-11	 1.552667E-10	-2.713704E-11
0.53619	 2.058076E-08	-6.786447E-06	 5.310138E-06	 1.819128E-06	 2.872048E-06	 1.300677E-06	 6.568449E-07	 2.401148E-07	 7.354499E-08	 1.629876E-08	 1.632194E-09	-7.424895E-10	-2.277084E-10	 4.598396E-11	 1.669775E-10	-1.987986E-11
0.54083	 1.753258E-08	-6.983958E-06	 5.380295E-06	 1.814002E-06	 2.963260E-06	 1.352989E-06	 6.947862E-07	 2.572687E-07	 8.010373E-08	 1.803299E-08	 1.815580E-09	-8.871108E-10	-3.200206E-10	 1.375513E-11	 1.772563E-10	-1.212332E-11
0.54544	 1.429347E-08	-7.185148E-06	 5.449417E-06	 1.805825E-06	 3.055370E-06	 1.406222E-06	 7.343186E-07	 2.754179E-07	 8.719626E-08	 1.995715E-08	 2.034747E-09	-1.045394E-09	-4.284388E-10	-2.716288E-11	 1.855513E-10	-4.008395E-12
0.55000	 1.089084E-08	-7.390138E-06	 5.517499E-06	 1.794432E-06	 3.148232E-06	 1.460294E-06	 7.754580E-07	 2.945960E-07	 9.485635E-08	 2.209027E-08	 2.297170E-09	-1.216801E-09	-5.545996E-10	-7.815605E-11	 1.912338E-10	 4.289763E-12
0.55453	 7.320574E-09	-7.598931E-06	 5.584481E-06	 1.779706E-06	 3.241761E-06	 1.515150E-06	 8.182260E-07	 3.148407E-07	 1.031217E-07	 2.445338E-08	 2.611100E-09	-1.400336E-09	-6.999424E-10	-1.406904E-10	 1.935431E-10	 1.254454E-11
0.55902	 3.544006E-09	-7.811373E-06	 5.650203E-06	 1.761565E-06	 3.335916E-06	 1.570756E-06	 8.626510E-07	 3.361936E-07	 1.120343E-07	 2.706998E-08	 2.985771E-09	-1.594562E-09	-8.657191E-10	-2.162798E-10	 1.915815E-10	 2.046508E-11
0.56347	-4.458667E-10	-8.027403E-06	 5.714443E-06	 1.739844E-06	 3.430542E-06	 1.627024E-06	 9.087421E-07	 3.586881E-07	 1.216338E-07	 2.996429E-08	 3.431780E-09	-1.797704E-09	-1.053425E-09	-3.066440E-10	 1.843759E-10	 2.769842E-11
0.56789	-4.669036E-09	-8.247084E-06	 5.777188E-06	 1.714482E-06	 3.525611E-06	 1.683917E-06	 9.565203E-07	 3.823614E-07	 1.319622E-07	 3.316253E-08	 3.961007E-09	-2.007060E-09	-1.263927E-09	-4.133312E-10	 1.708279E-10	 3.377193E-11
0.57228	-9.131186E-09	-8.470279E-06	 5.838318E-06	 1.685352E-06	 3.620996E-06	 1.741347E-06	 1.005990E-06	 4.072455E-07	 1.430615E-07	 3.669190E-08	 4.586491E-09	-2.219504E-09	-1.498324E-09	-5.381974E-10	 1.496908E-10	 3.815663E-11
0.57663	-1.382354E-08	-8.697023E-06	 5.897838E-06	 1.652340E-06	 3.716599E-06	 1.799238E-06	 1.057168E-06	 4.333771E-07	 1.549759E-07	 4.058142E-08	 5.322797E-09	-2.431302E-09	-1.757752E-09	-6.833016E-10	 1.196162E-10	 4.024454E-11
0.58095	-1.874921E-08	-8.927294E-06	 5.955701E-06	 1.615357E-06	 3.812324E-06	 1.857507E-06	 1.110052E-06	 4.607832E-07	 1.677473E-07	 4.486070E-08	 6.185469E-09	-2.637835E-09	-2.042640E-09	-8.504911E-10	 7.911656E-11	 3.926446E-11
0.58523	-2.394590E-08	-9.160809E-06	 6.011785E-06	 1.574360E-06	 3.908124E-06	 1.916090E-06	 1.164641E-06	 4.894908E-07	 1.814199E-07	 4.956089E-08	 7.190997E-09	-2.833726E-09	-2.353003E-09	-1.041596E-09	 2.653176E-11	 3.433460E-11
0.58949	-2.941810E-08	-9.397351E-06	 6.066022E-06	 1.529264E-06	 4.003889E-06	 1.974890E-06	 1.220930E-06	 5.195248E-07	 1.960372E-07	 5.471436E-08	 8.357654E-09	-3.012954E-09	-2.689053E-09	-1.258706E-09	-3.991260E-11	 2.446195E-11
0.59372	-3.512950E-08	-9.637024E-06	 6.118567E-06	 1.479994E-06	 4.099517E-06	 2.033799E-06	 1.278904E-06	 5.509013E-07	 2.116379E-07	 6.035254E-08	 9.704837E-09	-3.168446E-09	-3.050450E-09	-1.503787E-09	-1.220703E-10	 8.502602E-12
0.59791	-4.107977E-08	-9.879738E-06	 6.169495E-06	 1.426519E-06	 4.194966E-06	 2.092736E-06	 1.338555E-06	 5.836392E-07	 2.282635E-07	 6.650878E-08	 1.125309E-08	-3.292199E-09	-3.436233E-09	-1.778676E-09	-2.219204E-10	-1.482600E-11
0.60208	-4.729560E-08	-1.012503E-05	 6.218616E-06	 1.368772E-06	 4.290109E-06	 2.151589E-06	 1.399857E-06	 6.177530E-07	 2.459577E-07	 7.321870E-08	 1.302464E-08	-3.375368E-09	-3.845213E-09	-2.085307E-09	-3.416402E-10	-4.697790E-11
0.60622	-5.377772E-08	-1.037294E-05	 6.266047E-06	 1.306734E-06	 4.384940E-06	 2.210290E-06	 1.462809E-06	 6.532611E-07	 2.647632E-07	 8.051818E-08	 1.504310E-08	-3.407804E-09	-4.275319E-09	-2.425248E-09	-4.833799E-10	-8.951981E-11
0.61033	-6.050369E-08	-1.062334E-05	 6.311781E-06	 1.240333E-06	 4.479309E-06	 2.268702E-06	 1.527372E-06	 6.901661E-07	 2.847172E-07	 8.844246E-08	 1.733353E-08	-3.378315E-09	-4.724232E-09	-2.800174E-09	-6.494381E-10	-1.441927E-10
0.61441	-6.747761E-08	-1.087632E-05	 6.355799E-06	 1.169524E-06	 4.573161E-06	 2.326733E-06	 1.593530E-06	 7.284789E-07	 3.058602E-07	 9.702856E-08	 1.992234E-08	-3.274549E-09	-5.188749E-09	-3.211353E-09	-8.420842E-10	-2.128924E-10
0.61847	-7.478730E-08	-1.113123E-05	 6.397785E-06	 1.094313E-06	 4.666470E-06	 2.384325E-06	 1.661268E-06	 7.682125E-07	 3.282391E-07	 1.063171E-07	 2.283732E-08	-3.083057E-09	-5.664618E-09	-3.659709E-09	-1.063753E-09	-2.976761E-10
0.62249	-8.243593E-08	-1.138777E-05	 6.437670E-06	 1.014662E-06	 4.759112E-06	 2.441348E-06	 1.730543E-06	 8.093636E-07	 3.518914E-07	 1.163467E-07	 2.610814E-08	-2.788955E-09	-6.147160E-09	-4.146052E-09	-1.316850E-09	-4.007389E-10
0.62650	-9.033548E-08	-1.164638E-05	 6.475889E-06	 9.305431E-07	 4.851025E-06	 2.497676E-06	 1.801314E-06	 8.519205E-07	 3.768447E-07	 1.271516E-07	 2.976478E-08	-2.375975E-09	-6.630655E-09	-4.670619E-09	-1.603505E-09	-5.243160E-10
0.63048	-9.847954E-08	-1.190651E-05	 6.512440E-06	 8.419614E-07	 4.942075E-06	 2.553160E-06	 1.873509E-06	 8.958618E-07	 4.031283E-07	 1.387680E-07	 3.383817E-08	-1.826747E-09	-7.108486E-09	-5.233438E-09	-1.926046E-09	-6.708477E-10
0.63443	-1.068904E-07	-1.216785E-05	 6.547305E-06	 7.489370E-07	 5.032227E-06	 2.607708E-06	 1.947089E-06	 9.411782E-07	 4.307762E-07	 1.512343E-07	 3.836105E-08	-1.122475E-09	-7.572746E-09	-5.833733E-09	-2.286538E-09	-8.428377E-10
0.63836	-1.155661E-07	-1.243023E-05	 6.580501E-06	 6.514714E-07	 5.121409E-06	 2.661207E-06	 2.022004E-06	 9.878526E-07	 4.598181E-07	 1.645878E-07	 4.336721E-08	-2.430173E-10	-8.014602E-09	-6.470322E-09	-2.686939E-09	-1.042872E-09
0.64226	-1.244823E-07	-1.269355E-05	 6.612049E-06	 5.495428E-07	 5.209501E-06	 2.713515E-06	 2.098193E-06	 1.035862E-06	 4.902806E-07	 1.788654E-07	 4.889198E-08	 8.332819E-10	-8.424371E-09	-7.141719E-09	-3.129139E-09	-1.273650E-09
0.64614	-1.336493E-07	-1.295805E-05	 6.641858E-06	 4.431119E-07	 5.296452E-06	 2.764544E-06	 2.175626E-06	 1.085197E-06	 5.221960E-07	 1.941061E-07	 5.497226E-08	 2.129490E-09	-8.791016E-09	-7.845404E-09	-3.614573E-09	-1.537915E-09
0.65000	-1.432246E-07	-1.322266E-05	 6.669293E-06	 3.322300E-07	 5.382222E-06	 2.814242E-06	 2.254266E-06	 1.135852E-06	 5.556068E-07	 2.103556E-07	 6.164690E-08	 3.670032E-09	-9.101877E-09	-8.578203E-09	-4.144791E-09	-1.838557E-09
0.65383	-1.532103E-07	-1.348716E-05	 6.694367E-06	 2.169109E-07	 5.466741E-06	 2.862496E-06	 2.334060E-06	 1.187799E-06	 5.905386E-07	 2.276522E-07	 6.895530E-08	 5.480926E-09	-9.343199E-09	-9.336215E-09	-4.720762E-09	-2.178297E-09
0.65765	-1.634463E-07	-1.375214E-05	 6.717699E-06	 9.713634E-08	 5.549880E-06	 2.909114E-06	 2.414910E-06	 1.240981E-06	 6.269923E-07	 2.460227E-07	 7.693485E-08	 7.589300E-09	-9.500138E-09	-1.011460E-08	-5.342718E-09	-2.559675E-09
0.66144	-1.739157E-07	-1.401692E-05	 6.739468E-06	-2.698746E-08	 5.631573E-06	 2.953958E-06	 2.496716E-06	 1.295340E-06	 6.649760E-07	 2.654966E-07	 8.562296E-08	 1.002315E-08	-9.556109E-09	-1.090747E-08	-6.010731E-09	-2.985305E-09
0.66521	-1.846206E-07	-1.428118E-05	 6.759735E-06	-1.554002E-07	 5.711789E-06	 2.996923E-06	 2.579409E-06	 1.350832E-06	 7.045032E-07	 2.861055E-07	 9.505854E-08	 1.281153E-08	-9.493401E-09	-1.170800E-08	-6.724296E-09	-3.457660E-09
0.66895	-1.955579E-07	-1.454468E-05	 6.778531E-06	-2.880544E-07	 5.790480E-06	 3.037894E-06	 2.662924E-06	 1.407413E-06	 7.455864E-07	 3.078806E-07	 1.052814E-07	 1.598474E-08	-9.293206E-09	-1.250870E-08	-7.482548E-09	-3.979172E-09
0.67268	-2.067185E-07	-1.480731E-05	 6.795881E-06	-4.249063E-07	 5.867605E-06	 3.076758E-06	 2.747198E-06	 1.465037E-06	 7.882364E-07	 3.308515E-07	 1.163319E-07	 1.957410E-08	-8.935586E-09	-1.330122E-08	-8.284119E-09	-4.552137E-09
0.67639	-2.181160E-07	-1.506928E-05	 6.811587E-06	-5.659672E-07	 5.943093E-06	 3.113417E-06	 2.832180E-06	 1.523663E-06	 8.324641E-07	 3.550478E-07	 1.282504E-07	 2.361188E-08	-8.399393E-09	-1.407589E-08	-9.126756E-09	-5.178633E-09
0.68007	-2.299504E-07	-1.532940E-05	 6.824908E-06	-7.111063E-07	 6.016954E-06	 3.147865E-06	 2.917832E-06	 1.583265E-06	 8.782948E-07	 3.805072E-07	 1.410801E-07	 2.813190E-08	-7.660846E-09	-1.482136E-08	-1.000754E-08	-5.860411E-09
0.68374	-2.422206E-07	-1.558740E-05	 6.835870E-06	-8.602447E-07	 6.089139E-06	 3.179997E-06	 3.004076E-06	 1.643780E-06	 9.257269E-07	 4.072540E-07	 1.548613E-07	 3.316850E-08	-6.695191E-09	-1.552552E-08	-1.092257E-08	-6.598623E-09
0.68739	-2.547182E-07	-1.584394E-05	 6.845263E-06	-1.013349E-06	 6.159547E-06	 3.209605E-06	 3.090787E-06	 1.705107E-06	 9.747275E-07	 4.352941E-07	 1.696287E-07	 3.875533E-08	-5.477435E-09	-1.617532E-08	-1.186695E-08	-7.393963E-09
0.69101	-2.674176E-07	-1.609825E-05	 6.853404E-06	-1.170232E-06	 6.228195E-06	 3.236574E-06	 3.177864E-06	 1.767160E-06	 1.025280E-06	 4.646410E-07	 1.854183E-07	 4.492702E-08	-3.980501E-09	-1.675602E-08	-1.283509E-08	-8.246879E-09
0.69462	-2.802948E-07	-1.634997E-05	 6.860433E-06	-1.330791E-06	 6.295044E-06	 3.260788E-06	 3.265214E-06	 1.829860E-06	 1.077371E-06	 4.953094E-07	 2.022674E-07	 5.171926E-08	-2.176105E-09	-1.725170E-08	-1.382039E-08	-9.157331E-09
0.69821	-2.933386E-07	-1.659879E-05	 6.866419E-06	-1.494905E-06	 6.360072E-06	 3.282148E-06	 3.352747E-06	 1.893124E-06	 1.130978E-06	 5.273086E-07	 2.202106E-07	 5.916715E-08	-3.499073E-11	-1.764505E-08	-1.481507E-08	-1.012454E-08
0.70178	-3.065503E-07	-1.684436E-05	 6.871388E-06	-1.662447E-06	 6.423266E-06	 3.300568E-06	 3.440380E-06	 1.956870E-06	 1.186081E-06	 5.606459E-07	 2.392815E-07	 6.730598E-08	 2.473171E-09	-1.791766E-08	-1.581035E-08	-1.114712E-08
0.70534	-3.199204E-07	-1.708634E-05	 6.875371E-06	-1.833288E-06	 6.484595E-06	 3.315948E-06	 3.528022E-06	 2.021010E-06	 1.242653E-06	 5.953267E-07	 2.595136E-07	 7.617167E-08	 5.379931E-09	-1.804990E-08	-1.679640E-08	-1.222307E-08
0.70887	-3.334289E-07	-1.732451E-05	 6.878472E-06	-2.007293E-06	 6.544055E-06	 3.328201E-06	 3.615584E-06	 2.085453E-06	 1.300661E-06	 6.313493E-07	 2.809364E-07	 8.579890E-08	 8.717415E-09	-1.802082E-08	-1.776209E-08	-1.334946E-08
0.71239	-3.470654E-07	-1.755858E-05	 6.880755E-06	-2.184325E-06	 6.601646E-06	 3.337245E-06	 3.702986E-06	 2.150110E-06	 1.360074E-06	 6.687123E-07	 3.035798E-07	 9.622275E-08	 1.251878E-08	-1.780835E-08	-1.869523E-08	-1.452271E-08
0.71589	-3.608285E-07	-1.778816E-05	 6.882221E-06	-2.364237E-06	 6.657339E-06	 3.342990E-06	 3.790138E-06	 2.214887E-06	 1.420859E-06	 7.074137E-07	 3.274737E-07	 1.074791E-07	 1.681853E-08	-1.738914E-08	-1.958257E-08	-1.573853E-08
0.71937	-3.747046E-07	-1.801298E-05	 6.882976E-06	-2.546875E-06	 6.711161E-06	 3.345371E-06	 3.876960E-06	 2.279686E-06	 1.482975E-06	 7.474419E-07	 3.526420E-07	 1.196009E-07	 2.165116E-08	-1.673864E-08	-2.040921E-08	-1.699133E-08
0.72284	-3.886633E-07	-1.823281E-05	 6.883157E-06	-2.732090E-06	 6.763110E-06	 3.344302E-06	 3.963366E-06	 2.344409E-06	 1.546376E-06	 7.887845E-07	 3.791086E-07	 1.326217E-07	 2.705202E-08	-1.583120E-08	-2.115924E-08	-1.827479E-08
0.72629	-4.026907E-07	-1.844721E-05	 6.882823E-06	-2.919720E-06	 6.813160E-06	 3.339698E-06	 4.049262E-06	 2.408949E-06	 1.611021E-06	 8.314290E-07	 4.068979E-07	 1.465758E-07	 3.305769E-08	-1.463998E-08	-2.181555E-08	-1.958180E-08
0.72973	-4.167777E-07	-1.865562E-05	 6.882135E-06	-3.109573E-06	 6.861358E-06	 3.331505E-06	 4.134564E-06	 2.473202E-06	 1.676858E-06	 8.753551E-07	 4.360275E-07	 1.614934E-07	 3.970439E-08	-1.313719E-08	-2.235936E-08	-2.090369E-08
0.73314	-4.308502E-07	-1.885681E-05	 6.881815E-06	-3.301244E-06	 6.907861E-06	 3.319651E-06	 4.219147E-06	 2.537015E-06	 1.743805E-06	 9.205227E-07	 4.665055E-07	 1.774012E-07	 4.702929E-08	-1.129454E-08	-2.277095E-08	-2.223062E-08
0.73655	-4.443993E-07	-1.905239E-05	 6.883805E-06	-3.494603E-06	 6.952664E-06	 3.303828E-06	 4.302806E-06	 2.600153E-06	 1.811709E-06	 9.668404E-07	 4.983175E-07	 1.943161E-07	 5.506326E-08	-9.084110E-09	-2.302894E-08	-2.355135E-08
0.73993	-4.573985E-07	-1.924209E-05	 6.888271E-06	-3.689437E-06	 6.995861E-06	 3.283998E-06	 4.385463E-06	 2.662498E-06	 1.880496E-06	 1.014261E-06	 5.314622E-07	 2.122586E-07	 6.383795E-08	-6.475129E-09	-2.311027E-08	-2.485361E-08
0.74330	-4.703145E-07	-1.942354E-05	 6.893454E-06	-3.885471E-06	 7.037486E-06	 3.260339E-06	 4.467150E-06	 2.724052E-06	 1.950198E-06	 1.062813E-06	 5.659775E-07	 2.312673E-07	 7.339590E-08	-3.433917E-09	-2.299173E-08	-2.612534E-08
0.74666	-4.831821E-07	-1.959722E-05	 6.898834E-06	-4.082725E-06	 7.077408E-06	 3.232799E-06	 4.547827E-06	 2.784744E-06	 2.020782E-06	 1.112479E-06	 6.018838E-07	 2.513739E-07	 8.377708E-08	 7.141502E-11	-2.264871E-08	-2.735267E-08
0.75000	-4.959236E-07	-1.976346E-05	 6.904709E-06	-4.281039E-06	 7.115705E-06	 3.201337E-06	 4.627434E-06	 2.844458E-06	 2.092164E-06	 1.163203E-06	 6.391734E-07	 2.725946E-07	 9.501460E-08	 4.072195E-09	-2.205491E-08	-2.851943E-08
0.75333	-5.085244E-07	-1.992187E-05	 6.911130E-06	-4.480211E-06	 7.152386E-06	 3.165900E-06	 4.705894E-06	 2.903077E-06	 2.164280E-06	 1.214945E-06	 6.778514E-07	 2.949536E-07	 1.071458E-07	 8.602382E-09	-2.118286E-08	-2.960905E-08
0.75664	-5.210209E-07	-2.007148E-05	 6.918032E-06	-4.679982E-06	 7.187460E-06	 3.126457E-06	 4.783124E-06	 2.960488E-06	 2.237072E-06	 1.267668E-06	 7.179242E-07	 3.184754E-07	 1.202102E-07	 1.369694E-08	-2.000360E-08	-3.060364E-08
0.75993	-5.333049E-07	-2.021103E-05	 6.926446E-06	-4.879826E-06	 7.221270E-06	 3.083021E-06	 4.859029E-06	 3.016514E-06	 2.310410E-06	 1.321279E-06	 7.593575E-07	 3.431599E-07	 1.342380E-07	 1.938625E-08	-1.848813E-08	-3.148301E-08
0.76322	-5.446784E-07	-2.034281E-05	 6.939110E-06	-5.079579E-06	 7.253940E-06	 3.035239E-06	 4.933395E-06	 3.070850E-06	 2.384071E-06	 1.375611E-06	 8.020868E-07	 3.689930E-07	 1.492485E-07	 2.569918E-08	-1.660648E-08	-3.222589E-08
0.76649	-5.551190E-07	-2.046636E-05	 6.956112E-06	-5.278976E-06	 7.285531E-06	 2.983067E-06	 5.006142E-06	 3.123358E-06	 2.457969E-06	 1.430595E-06	 8.460950E-07	 3.959844E-07	 1.652702E-07	 3.267240E-08	-1.432570E-08	-3.280983E-08
0.76974	-5.652730E-07	-2.057880E-05	 6.975034E-06	-5.477705E-06	 7.316103E-06	 2.926840E-06	 5.077382E-06	 3.174106E-06	 2.532163E-06	 1.486262E-06	 8.914103E-07	 4.241630E-07	 1.823441E-07	 4.034482E-08	-1.161252E-08	-3.321196E-08
0.77298	-5.751947E-07	-2.068082E-05	 6.995227E-06	-5.675829E-06	 7.345511E-06	 2.866528E-06	 5.147107E-06	 3.223034E-06	 2.606622E-06	 1.542583E-06	 9.380408E-07	 4.535503E-07	 2.005101E-07	 4.875177E-08	-8.433325E-09	-3.340846E-08
0.77621	-5.847199E-07	-2.077303E-05	 7.017237E-06	-5.873174E-06	 7.373789E-06	 2.802025E-06	 5.215247E-06	 3.269988E-06	 2.681244E-06	 1.599472E-06	 9.859629E-07	 4.841518E-07	 2.198001E-07	 5.792839E-08	-4.752750E-09	-3.337328E-08
0.77942	-5.938396E-07	-2.085538E-05	 7.041153E-06	-6.069519E-06	 7.401072E-06	 2.733360E-06	 5.281780E-06	 3.314859E-06	 2.755941E-06	 1.656844E-06	 1.035141E-06	 5.159617E-07	 2.402370E-07	 6.790783E-08	-5.350942E-10	-3.307835E-08
0.78262	-6.027205E-07	-2.092692E-05	 7.066324E-06	-6.264602E-06	 7.427391E-06	 2.660614E-06	 5.346704E-06	 3.357580E-06	 2.830675E-06	 1.714657E-06	 1.085569E-06	 5.489904E-07	 2.618544E-07	 7.872751E-08	 4.256979E-09	-3.249513E-08
0.78581	-6.113760E-07	-2.098746E-05	 7.092514E-06	-6.458230E-06	 7.452683E-06	 2.583755E-06	 5.409968E-06	 3.398040E-06	 2.905379E-06	 1.772848E-06	 1.137232E-06	 5.832472E-07	 2.846871E-07	 9.042515E-08	 9.662300E-09	-3.159373E-08
0.78899	-6.197750E-07	-2.103698E-05	 7.119884E-06	-6.650149E-06	 7.477081E-06	 2.502834E-06	 5.471551E-06	 3.436124E-06	 2.979951E-06	 1.831315E-06	 1.190080E-06	 6.187115E-07	 3.087504E-07	 1.030296E-07	 1.571734E-08	-3.034264E-08
0.79215	-6.279077E-07	-2.107522E-05	 7.148502E-06	-6.840094E-06	 7.500672E-06	 2.417873E-06	 5.531435E-06	 3.471722E-06	 3.054312E-06	 1.889974E-06	 1.244076E-06	 6.553747E-07	 3.340671E-07	 1.165737E-07	 2.246054E-08	-2.870945E-08
0.79530	-6.357779E-07	-2.110139E-05	 7.178263E-06	-7.027693E-06	 7.523423E-06	 2.328860E-06	 5.589539E-06	 3.504691E-06	 3.128375E-06	 1.948740E-06	 1.299193E-06	 6.932355E-07	 3.606667E-07	 1.310946E-07	 2.993312E-08	-2.666024E-08
0.79844	-6.433514E-07	-2.111528E-05	 7.209386E-06	-7.212567E-06	 7.545523E-06	 2.235921E-06	 5.645838E-06	 3.534907E-06	 3.201995E-06	 2.007468E-06	 1.355336E-06	 7.322396E-07	 3.885422E-07	 1.466087E-07	 3.816784E-08	-2.416162E-08
0.80156	-6.505674E-07	-2.111713E-05	 7.242245E-06	-7.394528E-06	 7.567162E-06	 2.139096E-06	 5.700355E-06	 3.562269E-06	 3.275088E-06	 2.066053E-06	 1.412447E-06	 7.723582E-07	 4.177024E-07	 1.631411E-07	 4.720161E-08	-2.117864E-08
0.80467	-6.574644E-07	-2.110637E-05	 7.276567E-06	-7.573367E-06	 7.588199E-06	 2.038238E-06	 5.753026E-06	 3.586633E-06	 3.347632E-06	 2.124460E-06	 1.470558E-06	 8.136309E-07	 4.482079E-07	 1.807488E-07	 5.708899E-08	-1.766943E-08
0.80777	-6.641648E-07	-2.108317E-05	 7.311931E-06	-7.749008E-06	 7.608724E-06	 1.933411E-06	 5.803925E-06	 3.607950E-06	 3.419602E-06	 2.182625E-06	 1.529643E-06	 8.560506E-07	 4.800835E-07	 1.994697E-07	 6.787597E-08	-1.359229E-08
0.81086	-6.708574E-07	-2.104917E-05	 7.347002E-06	-7.921878E-06	 7.628419E-06	 1.824588E-06	 5.853125E-06	 3.626238E-06	 3.491030E-06	 2.240535E-06	 1.589715E-06	 8.996314E-07	 5.133595E-07	 2.193473E-07	 7.961298E-08	-8.901428E-09
0.81394	-6.784340E-07	-2.100070E-05	 7.377927E-06	-8.091776E-06	 7.646691E-06	 1.711907E-06	 5.900675E-06	 3.641599E-06	 3.562135E-06	 2.298365E-06	 1.650950E-06	 9.445164E-07	 5.481689E-07	 2.404818E-07	 9.238168E-08	-3.539052E-09
0.81701	-6.869360E-07	-2.093774E-05	 7.404605E-06	-8.258577E-06	 7.663527E-06	 1.595325E-06	 5.946584E-06	 3.653920E-06	 3.632889E-06	 2.356062E-06	 1.713358E-06	 9.907279E-07	 5.845762E-07	 2.629271E-07	 1.062440E-07	 2.545654E-09
0.82006	-6.955603E-07	-2.086335E-05	 7.430524E-06	-8.422033E-06	 7.679444E-06	 1.474618E-06	 5.990743E-06	 3.662823E-06	 3.702948E-06	 2.413276E-06	 1.776711E-06	 1.038121E-06	 6.225236E-07	 2.866744E-07	 1.212316E-07	 9.396627E-09
0.82310	-7.042602E-07	-2.077608E-05	 7.456330E-06	-8.581498E-06	 7.694694E-06	 1.349778E-06	 6.033096E-06	 3.668082E-06	 3.772195E-06	 2.469855E-06	 1.840952E-06	 1.086668E-06	 6.620310E-07	 3.117710E-07	 1.374058E-07	 1.707292E-08
0.82614	-7.133842E-07	-2.067391E-05	 7.480608E-06	-8.736646E-06	 7.709062E-06	 1.220811E-06	 6.073625E-06	 3.669606E-06	 3.840677E-06	 2.525804E-06	 1.906147E-06	 1.136433E-06	 7.031870E-07	 3.383008E-07	 1.548502E-07	 2.564391E-08
0.82916	-7.229705E-07	-2.055675E-05	 7.503278E-06	-8.887200E-06	 7.722633E-06	 1.087753E-06	 6.112352E-06	 3.667255E-06	 3.908312E-06	 2.580990E-06	 1.972238E-06	 1.187381E-06	 7.460148E-07	 3.663035E-07	 1.736256E-07	 3.516984E-08
0.83217	-7.328063E-07	-2.042606E-05	 7.525212E-06	-9.032862E-06	 7.735600E-06	 9.505787E-07	 6.149297E-06	 3.660811E-06	 3.974935E-06	 2.635180E-06	 2.039094E-06	 1.239419E-06	 7.904904E-07	 3.957975E-07	 1.937806E-07	 4.570902E-08
0.83516	-7.432838E-07	-2.028378E-05	 7.543356E-06	-9.174204E-06	 7.746814E-06	 8.091074E-07	 6.184362E-06	 3.650267E-06	 4.040624E-06	 2.688399E-06	 2.106797E-06	 1.292613E-06	 8.366804E-07	 4.268719E-07	 2.154055E-07	 5.734773E-08
0.83815	-7.564966E-07	-2.012170E-05	 7.548270E-06	-9.310697E-06	 7.754790E-06	 6.641214E-07	 6.217637E-06	 3.636125E-06	 4.105861E-06	 2.741083E-06	 2.175683E-06	 1.347223E-06	 8.848012E-07	 4.596908E-07	 2.386333E-07	 7.018854E-08
0.84113	-7.724448E-07	-1.993945E-05	 7.539723E-06	-9.441841E-06	 7.759334E-06	 5.157148E-07	 6.249035E-06	 3.618226E-06	 4.170508E-06	 2.793076E-06	 2.245675E-06	 1.403210E-06	 9.349003E-07	 4.942906E-07	 2.635324E-07	 8.429496E-08
0.84410	-7.891420E-07	-1.974418E-05	 7.526558E-06	-9.567150E-06	 7.761822E-06	 3.633248E-07	 6.278404E-06	 3.595750E-06	 4.233866E-06	 2.843598E-06	 2.316258E-06	 1.460189E-06	 9.867697E-07	 5.305690E-07	 2.900962E-07	 9.970638E-08
0.84705	-8.065003E-07	-1.953358E-05	 7.509738E-06	-9.685415E-06	 7.762677E-06	 2.071694E-07	 6.305683E-06	 3.568419E-06	 4.295721E-06	 2.892351E-06	 2.387258E-06	 1.518023E-06	 1.040338E-06	 5.685372E-07	 3.183763E-07	 1.165026E-07
0.85000	-8.258213E-07	-1.930102E-05	 7.483204E-06	-9.795774E-06	 7.760789E-06	 4.779319E-08	 6.330773E-06	 3.536435E-06	 4.356301E-06	 2.939530E-06	 2.458860E-06	 1.576857E-06	 1.095753E-06	 6.083287E-07	 3.484986E-07	 1.347954E-07
0.85294	-8.471065E-07	-1.904577E-05	 7.446800E-06	-9.897563E-06	 7.756028E-06	-1.146738E-07	 6.353612E-06	 3.499608E-06	 4.415474E-06	 2.984934E-06	 2.530970E-06	 1.636617E-06	 1.153036E-06	 6.499750E-07	 3.805370E-07	 1.546634E-07
0.85586	-8.691254E-07	-1.877252E-05	 7.406244E-06	-9.990181E-06	 7.749461E-06	-2.804308E-07	 6.374236E-06	 3.457365E-06	 4.472759E-06	 3.027919E-06	 2.603162E-06	 1.696945E-06	 1.211990E-06	 6.933757E-07	 4.144851E-07	 1.761510E-07
0.85878	-8.921575E-07	-1.848140E-05	 7.359531E-06	-1.007330E-05	 7.740279E-06	-4.493688E-07	 6.392491E-06	 3.409610E-06	 4.528093E-06	 3.068327E-06	 2.675375E-06	 1.757769E-06	 1.272580E-06	 7.385620E-07	 4.504102E-07	 1.993567E-07
0.86168	-9.185127E-07	-1.816218E-05	 7.295181E-06	-1.014577E-05	 7.726058E-06	-6.204946E-07	 6.408128E-06	 3.356919E-06	 4.581935E-06	 3.106655E-06	 2.748005E-06	 1.819406E-06	 1.335077E-06	 7.857557E-07	 4.885009E-07	 2.244393E-07
0.86458	-9.481307E-07	-1.781412E-05	 7.212979E-06	-1.020664E-05	 7.706519E-06	-7.934716E-07	 6.421031E-06	 3.299152E-06	 4.634093E-06	 3.142651E-06	 2.820887E-06	 1.881717E-06	 1.399466E-06	 8.349509E-07	 5.288153E-07	 2.514694E-07
0.86747	-9.787325E-07	-1.744514E-05	 7.123838E-06	-1.025498E-05	 7.683917E-06	-9.684712E-07	 6.431363E-06	 3.235473E-06	 4.683757E-06	 3.175234E-06	 2.893228E-06	 1.944000E-06	 1.465285E-06	 8.858423E-07	 5.712158E-07	 2.804138E-07
0.87034	-1.010323E-06	-1.705334E-05	 7.027696E-06	-1.028934E-05	 7.658289E-06	-1.144916E-06	 6.439070E-06	 3.165772E-06	 4.730722E-06	 3.204061E-06	 2.964773E-06	 2.005985E-06	 1.532342E-06	 9.383384E-07	 6.156860E-07	 3.113248E-07
0.87321	-1.044990E-06	-1.662821E-05	 6.913315E-06	-1.030810E-05	 7.626923E-06	-1.321672E-06	 6.443681E-06	 3.090631E-06	 4.775340E-06	 3.229584E-06	 3.035873E-06	 2.067948E-06	 1.600875E-06	 9.926418E-07	 6.624065E-07	 3.443651E-07
0.87607	-1.082586E-06	-1.616875E-05	 6.780648E-06	-1.031000E-05	 7.589556E-06	-1.498147E-06	 6.445088E-06	 3.010002E-06	 4.817397E-06	 3.251510E-06	 3.106298E-06	 2.129659E-06	 1.670782E-06	 1.048677E-06	 7.113871E-07	 3.795770E-07
0.87892	-1.120869E-06	-1.568244E-05	 6.640814E-06	-1.029383E-05	 7.548824E-06	-1.674071E-06	 6.443702E-06	 2.923250E-06	 4.856149E-06	 3.268730E-06	 3.175158E-06	 2.190254E-06	 1.741445E-06	 1.105985E-06	 7.623679E-07	 4.168354E-07
0.88176	-1.159819E-06	-1.516757E-05	 6.493378E-06	-1.025789E-05	 7.504595E-06	-1.848427E-06	 6.439470E-06	 2.830528E-06	 4.891377E-06	 3.280910E-06	 3.242104E-06	 2.249338E-06	 1.812535E-06	 1.164327E-06	 8.152105E-07	 4.560958E-07
0.88459	-1.201584E-06	-1.461322E-05	 6.325742E-06	-1.020026E-05	 7.453577E-06	-2.019667E-06	 6.431753E-06	 2.732743E-06	 4.923421E-06	 3.288633E-06	 3.307471E-06	 2.307169E-06	 1.884228E-06	 1.223843E-06	 8.700309E-07	 4.974684E-07
0.88741	-1.245936E-06	-1.401860E-05	 6.137899E-06	-1.011965E-05	 7.395429E-06	-2.187054E-06	 6.420429E-06	 2.629973E-06	 4.952107E-06	 3.291664E-06	 3.371054E-06	 2.363501E-06	 1.956393E-06	 1.284421E-06	 9.268060E-07	 5.409673E-07
0.89022	-1.290435E-06	-1.339177E-05	 5.942406E-06	-1.001471E-05	 7.333384E-06	-2.349985E-06	 6.406133E-06	 2.521724E-06	 4.976702E-06	 3.288818E-06	 3.431840E-06	 2.417284E-06	 2.028239E-06	 1.345419E-06	 9.851235E-07	 5.863389E-07
0.89303	-1.335182E-06	-1.273205E-05	 5.737477E-06	-9.884143E-06	 7.266704E-06	-2.507044E-06	 6.388706E-06	 2.408696E-06	 4.997017E-06	 3.279995E-06	 3.489421E-06	 2.468066E-06	 2.099282E-06	 1.406409E-06	 1.044652E-06	 6.333614E-07
0.89582	-1.383166E-06	-1.202395E-05	 5.504073E-06	-9.725398E-06	 7.189870E-06	-2.656051E-06	 6.366774E-06	 2.292471E-06	 5.013453E-06	 3.266339E-06	 3.544358E-06	 2.516403E-06	 2.169831E-06	 1.467636E-06	 1.105535E-06	 6.821431E-07
0.89861	-1.433958E-06	-1.126578E-05	 5.242705E-06	-9.536719E-06	 7.102582E-06	-2.796056E-06	 6.340173E-06	 2.173249E-06	 5.025837E-06	 3.247683E-06	 3.596471E-06	 2.562049E-06	 2.239738E-06	 1.528966E-06	 1.167710E-06	 7.326576E-07
0.90139	-1.483767E-06	-1.046735E-05	 4.973813E-06	-9.316251E-06	 7.010679E-06	-2.926228E-06	 6.309882E-06	 2.050349E-06	 5.032976E-06	 3.222312E-06	 3.644134E-06	 2.603376E-06	 2.307693E-06	 1.589299E-06	 1.230392E-06	 7.843579E-07
0.90416	-1.532124E-06	-9.624434E-06	 4.698681E-06	-9.061591E-06	 6.914822E-06	-3.044706E-06	 6.275520E-06	 1.924639E-06	 5.034235E-06	 3.190063E-06	 3.686555E-06	 2.639755E-06	 2.372957E-06	 1.648004E-06	 1.293052E-06	 8.368556E-07
0.90692	-1.581980E-06	-8.719994E-06	 4.396610E-06	-8.769389E-06	 6.808508E-06	-3.149124E-06	 6.235087E-06	 1.797825E-06	 5.029807E-06	 3.152264E-06	 3.724321E-06	 2.671902E-06	 2.435920E-06	 1.705419E-06	 1.355876E-06	 8.902804E-07
0.90967	-1.633283E-06	-7.754541E-06	 4.067198E-06	-8.438345E-06	 6.691527E-06	-3.238172E-06	 6.189028E-06	 1.670679E-06	 5.020028E-06	 3.109153E-06	 3.757501E-06	 2.699683E-06	 2.496420E-06	 1.761349E-06	 1.418675E-06	 9.444810E-07
0.91241	-1.682917E-06	-6.742203E-06	 3.731195E-06	-8.068112E-06	 6.571089E-06	-3.310548E-06	 6.139894E-06	 1.543578E-06	 5.004673E-06	 3.059641E-06	 3.784738E-06	 2.721542E-06	 2.552997E-06	 1.814405E-06	 1.480307E-06	 9.985316E-07
0.91515	-1.732054E-06	-5.685042E-06	 3.380076E-06	-7.659600E-06	 6.442823E-06	-3.365454E-06	 6.086141E-06	 1.417996E-06	 4.983500E-06	 3.004594E-06	 3.805888E-06	 2.737713E-06	 2.605450E-06	 1.864301E-06	 1.540440E-06	 1.052053E-06
0.91788	-1.787483E-06	-4.551233E-06	 2.965274E-06	-7.208837E-06	 6.289517E-06	-3.400111E-06	 6.021967E-06	 1.296978E-06	 4.956653E-06	 2.947427E-06	 3.822799E-06	 2.750761E-06	 2.655482E-06	 1.912694E-06	 1.600185E-06	 1.105917E-06
0.92060	-1.848470E-06	-3.339961E-06	 2.488065E-06	-6.714159E-06	 6.110593E-06	-3.413032E-06	 5.947080E-06	 1.181547E-06	 4.923932E-06	 2.888628E-06	 3.835379E-06	 2.760575E-06	 2.702762E-06	 1.959417E-06	 1.659221E-06	 1.159970E-06
0.92331	-1.906819E-06	-2.076268E-06	 2.000607E-06	-6.174712E-06	 5.924403E-06	-3.402969E-06	 5.867145E-06	 1.071029E-06	 4.884712E-06	 2.825502E-06	 3.840956E-06	 2.763989E-06	 2.744459E-06	 2.001801E-06	 1.715309E-06	 1.212390E-06
0.92601	-1.958865E-06	-7.450448E-07	 1.526606E-06	-5.580988E-06	 5.745020E-06	-3.364045E-06	 5.787077E-06	 9.674564E-07	 4.839594E-06	 2.757649E-06	 3.838215E-06	 2.759452E-06	 2.778800E-06	 2.038100E-06	 1.766850E-06	 1.261754E-06
0.92871	-2.001971E-06	 6.523066E-07	 1.080883E-06	-4.930416E-06	 5.578898E-06	-3.293645E-06	 5.709275E-06	 8.724297E-07	 4.789038E-06	 2.685267E-06	 3.826504E-06	 2.746272E-06	 2.804642E-06	 2.067142E-06	 1.812624E-06	 1.306913E-06
0.93140	-2.036057E-06	 2.120430E-06	 6.654206E-07	-4.219708E-06	 5.428393E-06	-3.188901E-06	 5.635639E-06	 7.882063E-07	 4.734280E-06	 2.609558E-06	 3.806125E-06	 2.724666E-06	 2.821618E-06	 2.088384E-06	 1.851898E-06	 1.347045E-06
0.93408	-2.062545E-06	 3.671595E-06	 2.705202E-07	-3.443616E-06	 5.290380E-06	-3.047077E-06	 5.565733E-06	 7.164384E-07	 4.675978E-06	 2.531845E-06	 3.777818E-06	 2.695437E-06	 2.830091E-06	 2.102104E-06	 1.884724E-06	 1.382081E-06
0.93675	-2.080622E-06	 5.317129E-06	-9.799704E-08	-2.593587E-06	 5.168661E-06	-2.864191E-06	 5.501584E-06	 6.580789E-07	 4.614826E-06	 2.452119E-06	 3.741649E-06	 2.658175E-06	 2.829735E-06	 2.107941E-06	 1.910764E-06	 1.411751E-06
0.93941	-2.086876E-06	 7.052619E-06	-4.131803E-07	-1.662327E-06	 5.075089E-06	-2.636074E-06	 5.448756E-06	 6.138896E-07	 4.552310E-06	 2.369306E-06	 3.697089E-06	 2.611376E-06	 2.819383E-06	 2.104449E-06	 1.928900E-06	 1.434964E-06
0.94207	-2.081832E-06	 8.881708E-06	-6.763049E-07	-6.435276E-07	 5.010418E-06	-2.357611E-06	 5.409502E-06	 5.868176E-07	 4.490412E-06	 2.284872E-06	 3.645005E-06	 2.555612E-06	 2.799116E-06	 2.091320E-06	 1.938719E-06	 1.451016E-06
0.94472	-2.069669E-06	 1.081433E-05	-9.163569E-07	 4.658164E-07	 4.963335E-06	-2.024720E-06	 5.381854E-06	 5.812568E-07	 4.431013E-06	 2.202866E-06	 3.587850E-06	 2.493653E-06	 2.770505E-06	 2.069873E-06	 1.940825E-06	 1.460175E-06
0.94736	-2.051180E-06	 1.284466E-05	-1.140074E-06	 1.665893E-06	 4.930000E-06	-1.634447E-06	 5.365971E-06	 6.007576E-07	 4.375574E-06	 2.126084E-06	 3.527064E-06	 2.426889E-06	 2.734054E-06	 2.040458E-06	 1.934968E-06	 1.462122E-06
0.95000	-2.025244E-06	 1.497299E-05	-1.337777E-06	 2.963669E-06	 4.915466E-06	-1.181197E-06	 5.365968E-06	 6.486995E-07	 4.326501E-06	 2.056226E-06	 3.463672E-06	 2.355748E-06	 2.689705E-06	 2.002647E-06	 1.920454E-06	 1.456023E-06
0.95263	-1.991247E-06	 1.720981E-05	-1.509405E-06	 4.374271E-06	 4.919137E-06	-6.546768E-07	 5.383567E-06	 7.291338E-07	 4.285628E-06	 1.994874E-06	 3.398801E-06	 2.280912E-06	 2.637960E-06	 1.956542E-06	 1.897337E-06	 1.441655E-06
0.95525	-1.948492E-06	 1.956581E-05	-1.664535E-06	 5.911382E-06	 4.935038E-06	-4.352915E-08	 5.417941E-06	 8.479734E-07	 4.254292E-06	 1.945460E-06	 3.334177E-06	 2.204272E-06	 2.579869E-06	 1.902935E-06	 1.865927E-06	 1.419097E-06
0.95786	-1.892313E-06	 2.203623E-05	-1.783176E-06	 7.578553E-06	 4.975610E-06	 6.610176E-07	 5.477111E-06	 1.013037E-06	 4.237369E-06	 1.913190E-06	 3.272531E-06	 2.127499E-06	 2.515775E-06	 1.841545E-06	 1.824917E-06	 1.386995E-06
0.96047	-1.814701E-06	 2.456311E-05	-1.796511E-06	 9.360732E-06	 5.073652E-06	 1.460161E-06	 5.579418E-06	 1.229816E-06	 4.244442E-06	 1.901547E-06	 3.217865E-06	 2.051428E-06	 2.446118E-06	 1.770944E-06	 1.772363E-06	 1.342670E-06
0.96307	-1.717753E-06	 2.710874E-05	-1.711761E-06	 1.124159E-05	 5.223979E-06	 2.353116E-06	 5.725628E-06	 1.502138E-06	 4.280143E-06	 1.915198E-06	 3.175042E-06	 1.981169E-06	 2.375104E-06	 1.694479E-06	 1.710819E-06	 1.287490E-06
0.96566	-1.611390E-06	 2.965849E-05	-1.607042E-06	 1.320282E-05	 5.384667E-06	 3.335183E-06	 5.897987E-06	 1.831972E-06	 4.341845E-06	 1.960267E-06	 3.148307E-06	 1.924481E-06	 2.309179E-06	 1.619440E-06	 1.646173E-06	 1.226973E-06
0.96825	-1.502350E-06	 3.214920E-05	-1.523402E-06	 1.520638E-05	 5.523854E-06	 4.390545E-06	 6.080949E-06	 2.216164E-06	 4.425821E-06	 2.039681E-06	 3.140382E-06	 1.886761E-06	 2.253532E-06	 1.551682E-06	 1.583451E-06	 1.165990E-06
0.97082	-1.397228E-06	 3.452617E-05	-1.512055E-06	 1.720900E-05	 5.607166E-06	 5.499313E-06	 6.255623E-06	 2.648659E-06	 4.525808E-06	 2.155360E-06	 3.152832E-06	 1.873383E-06	 2.213475E-06	 1.497727E-06	 1.528693E-06	 1.110583E-06
0.97340	-1.298949E-06	 3.669407E-05	-1.587197E-06	 1.914835E-05	 5.613264E-06	 6.630316E-06	 6.407546E-06	 3.116275E-06	 4.636041E-06	 2.304770E-06	 3.186361E-06	 1.886531E-06	 2.193491E-06	 1.462337E-06	 1.487602E-06	 1.066327E-06
0.97596	-1.207967E-06	 3.852033E-05	-1.727008E-06	 2.094496E-05	 5.536844E-06	 7.744139E-06	 6.528718E-06	 3.599739E-06	 4.752803E-06	 2.480344E-06	 3.241293E-06	 1.925327E-06	 2.197340E-06	 1.448228E-06	 1.465597E-06	 1.037657E-06
0.97852	-1.126469E-06	 3.985274E-05	-1.927810E-06	 2.249696E-05	 5.362807E-06	 8.787455E-06	 6.603576E-06	 4.070672E-06	 4.868435E-06	 2.669255E-06	 3.316400E-06	 1.986828E-06	 2.229236E-06	 1.458333E-06	 1.470176E-06	 1.030739E-06
0.98107	-1.063296E-06	 4.041694E-05	-2.174147E-06	 2.361443E-05	 5.071888E-06	 9.651403E-06	 6.608044E-06	 4.469967E-06	 4.968735E-06	 2.841728E-06	 3.407055E-06	 2.060109E-06	 2.292829E-06	 1.493050E-06	 1.510725E-06	 1.052475E-06
0.98362	-1.045950E-06	 3.980616E-05	-2.535187E-06	 2.398122E-05	 4.585261E-06	 1.013211E-05	 6.474287E-06	 4.678723E-06	 5.011361E-06	 2.934173E-06	 3.494412E-06	 2.119522E-06	 2.387863E-06	 1.549794E-06	 1.600215E-06	 1.113449E-06
0.98615	-1.121749E-06	 3.738688E-05	-3.190785E-06	 2.309396E-05	 3.731520E-06	 9.890905E-06	 6.065205E-06	 4.487302E-06	 4.907622E-06	 2.828378E-06	 3.533875E-06	 2.109600E-06	 2.503908E-06	 1.614528E-06	 1.753008E-06	 1.225332E-06
0.98869	-1.368805E-06	 3.206549E-05	-4.356474E-06	 2.010839E-05	 2.266606E-06	 8.351755E-06	 5.174047E-06	 3.525507E-06	 4.513336E-06	 2.304371E-06	 3.445108E-06	 1.915041E-06	 2.612715E-06	 1.643507E-06	 1.980583E-06	 1.391053E-06
0.99121	-1.925837E-06	 2.183470E-05	-6.410383E-06	 1.345996E-05	-2.394824E-07	 4.424899E-06	 3.425187E-06	 1.075347E-06	 3.554852E-06	 9.215043E-07	 3.065890E-06	 1.292676E-06	 2.645977E-06	 1.530772E-06	 2.287651E-06	 1.595653E-06
0.99373	-3.053675E-06	 2.870350E-06	-9.998125E-06	 1.571158E-07	-4.557226E-06	-4.005780E-06	 1.195494E-07	-4.283726E-06	 1.507841E-06	-2.217669E-06	 2.070663E-06	-2.749260E-07	 2.448618E-06	 1.028014E-06	 2.654248E-06	 1.772092E-06
0.99624	-5.199917E-06	-3.172120E-05	-1.617333E-05	-2.527954E-05	-1.200996E-05	-2.089672E-05	-6.007007E-06	-1.526593E-05	-2.595082E-06	-8.887691E-06	-1.748763E-07	-3.858355E-06	 1.676662E-06	-4.271555E-07	 2.975191E-06	 1.705585E-06
0.99875	-8.736230E-06	-8.751792E-05	-2.566073E-05	-6.771206E-05	-2.361765E-05	-5.011698E-05	-1.612277E-05	-3.478626E-05	-9.789294E-06	-2.121501E-05	-4.487180E-06	-1.092664E-05	-2.518827E-07	-3.774651E-06	 2.893218E-06	 8.573196E-07
