r	   0/   0	   1/   0	   2/   0	   3/   0	   4/   0	   5/   0	   6/   0	   7/   0	   8/   0	   9/   0	  10/   0	  11/   0	  12/   0	  13/   0	  14/   0	  15/   0
0.05000	-0.000000E+00	-7.241956E-06	-3.755914E-05	 2.066153E-07	-1.310320E-07	 2.431391E-08	 4.448412E-08	-5.284933E-09	-4.512505E-09	 8.262056E-10	 9.150243E-10	 1.404713E-10	 9.017035E-11	-5.128034E-11	 2.657827E-12	 4.225901E-12
0.08660	-0.000000E+00	-3.530507E-05	-1.081989E-04	 1.168664E-06	 1.190300E-07	 4.919557E-08	 1.658433E-07	-2.387345E-08	-3.022239E-08	 2.642749E-09	 8.307973E-10	-2.371789E-10	 2.049815E-10	-2.072094E-10	-7.357270E-11	 1.745609E-11
0.11180	-0.000000E+00	-7.429328E-05	-1.846785E-04	 2.639418E-06	 1.282177E-06	 1.948019E-07	 2.602808E-07	-2.270239E-08	-5.717005E-08	 8.256853E-09	 5.320875E-09	-9.810605E-11	 3.946123E-11	-3.121334E-10	-1.544430E-10	 2.529239E-11
0.13229	-0.000000E+00	-1.222531E-04	-2.599691E-04	 3.956517E-06	 2.445014E-06	 4.433477E-07	 2.737635E-07	-1.751925E-08	-6.560171E-08	 1.016506E-08	 1.127973E-08	-5.651895E-10	-5.967823E-10	-2.041815E-10	-1.302259E-10	 5.555680E-11
0.15000	-0.000000E+00	-1.825967E-04	-3.353289E-04	 5.449377E-06	 3.695025E-06	 5.835186E-07	 2.146288E-07	 8.132763E-09	-5.809086E-08	 7.443538E-09	 1.353188E-08	-2.532018E-09	-1.904551E-09	-3.138927E-11	 4.810436E-11	 6.835810E-11
0.16583	-0.000000E+00	-2.547783E-04	-4.109753E-04	 6.606587E-06	 5.012633E-06	 8.042493E-07	 1.566516E-07	 1.924621E-08	-4.177683E-08	 4.130556E-09	 1.310570E-08	-3.903716E-09	-3.232544E-09	-2.270479E-11	 2.771483E-10	 4.656025E-11
0.18028	-0.000000E+00	-3.370138E-04	-4.871187E-04	 7.416091E-06	 6.441546E-06	 1.134191E-06	 1.349948E-07	 2.277917E-08	-2.287100E-08	 1.831320E-11	 1.076364E-08	-4.065826E-09	-3.927298E-09	-1.093211E-10	 4.344199E-10	 1.803831E-11
0.19365	-0.000000E+00	-4.264745E-04	-5.639904E-04	 8.014835E-06	 8.042272E-06	 1.578296E-06	 1.611107E-07	 2.462445E-08	-5.375549E-09	-3.167526E-09	 7.610799E-09	-3.524180E-09	-3.901172E-09	-1.962161E-10	 4.955556E-10	-4.189204E-12
0.20616	-0.000000E+00	-5.198303E-04	-6.417379E-04	 8.598012E-06	 9.860425E-06	 2.130823E-06	 2.355269E-07	 2.966115E-08	 8.632159E-09	-4.651186E-09	 4.732358E-09	-2.659891E-09	-3.345912E-09	-2.541218E-10	 4.704271E-10	-2.029626E-11
0.21794	-0.000000E+00	-6.136329E-04	-7.203333E-04	 9.372780E-06	 1.192240E-05	 2.782658E-06	 3.525454E-07	 4.046257E-08	 1.900504E-08	-4.369182E-09	 2.732164E-09	-1.720525E-09	-2.510328E-09	-2.676377E-10	 3.878153E-10	-3.351885E-11
0.22913	-0.000000E+00	-7.051536E-04	-7.996017E-04	 1.050810E-05	 1.423600E-05	 3.520048E-06	 5.042773E-07	 5.901256E-08	 2.651987E-08	-2.852829E-09	 1.686790E-09	-8.895634E-10	-1.624506E-09	-2.367125E-10	 2.839598E-10	-4.689487E-11
0.23979	-0.000000E+00	-7.930261E-04	-8.794935E-04	 1.209496E-05	 1.679875E-05	 4.331824E-06	 6.838413E-07	 8.641237E-08	 3.229277E-08	-7.188199E-10	 1.368925E-09	-2.860555E-10	-8.452246E-10	-1.747602E-10	 1.886015E-10	-6.310281E-11
0.25000	-0.000000E+00	-8.773598E-04	-9.598975E-04	 1.411342E-05	 1.959725E-05	 5.211376E-06	 8.871550E-07	 1.236093E-07	 3.736908E-08	 1.416599E-09	 1.453650E-09	 5.615173E-11	-2.551623E-10	-1.046377E-10	 1.199430E-10	-8.365833E-11
0.25981	-0.000000E+00	-9.596362E-04	-1.040959E-03	 1.645927E-05	 2.261911E-05	 6.160479E-06	 1.113554E-06	 1.711744E-07	 4.268073E-08	 3.160169E-09	 1.680286E-09	 1.835857E-10	 1.278462E-10	-4.998790E-11	 8.610672E-11	-1.077120E-10
0.26926	-0.000000E+00	-1.041334E-03	-1.122667E-03	 1.900786E-05	 2.585009E-05	 7.188803E-06	 1.364419E-06	 2.279663E-07	 4.911780E-08	 4.707065E-09	 1.928081E-09	 1.594570E-10	 3.458786E-10	-1.760432E-11	 8.494226E-11	-1.344510E-10
0.27839	-0.000000E+00	-1.123859E-03	-1.205108E-03	 2.164846E-05	 2.928073E-05	 8.308076E-06	 1.642365E-06	 2.929518E-07	 5.731637E-08	 6.324451E-09	 2.175831E-09	 6.324345E-11	 4.498733E-10	-1.015198E-11	 1.100449E-10	-1.621396E-10
0.28723	-0.000000E+00	-1.208153E-03	-1.288343E-03	 2.430314E-05	 3.290374E-05	 9.528102E-06	 1.950370E-06	 3.656605E-07	 6.769115E-08	 8.220020E-09	 2.456439E-09	-2.644968E-11	 4.838403E-10	-2.852392E-11	 1.548952E-10	-1.883832E-10
0.29580	-0.000000E+00	-1.294154E-03	-1.372293E-03	 2.695607E-05	 3.671126E-05	 1.085566E-05	 2.290570E-06	 4.453053E-07	 8.058090E-08	 1.074604E-08	 2.812790E-09	-8.678596E-11	 4.962074E-10	-5.856933E-11	 2.114816E-10	-2.142583E-10
0.30414	-0.000000E+00	-1.381209E-03	-1.456884E-03	 2.964022E-05	 4.069774E-05	 1.229336E-05	 2.664252E-06	 5.315583E-07	 9.612434E-08	 1.413219E-08	 3.280110E-09	-1.230093E-10	 5.200362E-10	-8.451986E-11	 2.729169E-10	-2.428416E-10
0.31225	-0.000000E+00	-1.468623E-03	-1.542028E-03	 3.239110E-05	 4.485719E-05	 1.383960E-05	 3.072293E-06	 6.252006E-07	 1.142782E-07	 1.828801E-08	 3.876176E-09	-1.192542E-10	 5.639768E-10	-1.053267E-10	 3.356986E-10	-2.748919E-10
0.32016	-0.000000E+00	-1.555879E-03	-1.627698E-03	 3.523697E-05	 4.918575E-05	 1.549195E-05	 3.515446E-06	 7.273871E-07	 1.349741E-07	 2.303764E-08	 4.608548E-09	-5.828316E-11	 6.277264E-10	-1.244131E-10	 3.992014E-10	-3.102045E-10
0.32787	-0.000000E+00	-1.642459E-03	-1.713838E-03	 3.820606E-05	 5.367962E-05	 1.724830E-05	 3.994046E-06	 8.388567E-07	 1.582144E-07	 2.833127E-08	 5.468055E-09	 4.253753E-11	 7.153010E-10	-1.360863E-10	 4.629483E-10	-3.511707E-10
0.33541	-0.000000E+00	-1.728159E-03	-1.800385E-03	 4.130394E-05	 5.833381E-05	 1.910698E-05	 4.508431E-06	 9.604441E-07	 1.840387E-07	 3.408660E-08	 6.433432E-09	 1.720813E-10	 8.260288E-10	-1.400493E-10	 5.267374E-10	-3.988723E-10
0.34278	-0.000000E+00	-1.813423E-03	-1.887424E-03	 4.449944E-05	 6.314666E-05	 2.106895E-05	 5.059829E-06	 1.093334E-06	 2.125048E-07	 4.016055E-08	 7.503949E-09	 3.498352E-10	 9.492157E-10	-1.474027E-10	 5.931092E-10	-4.504401E-10
0.35000	-0.000000E+00	-1.898917E-03	-1.975025E-03	 4.773996E-05	 6.811412E-05	 2.313731E-05	 5.650077E-06	 1.238450E-06	 2.437889E-07	 4.654854E-08	 8.683942E-09	 5.820141E-10	 1.080987E-09	-1.627550E-10	 6.643923E-10	-5.038378E-10
0.35707	-0.000000E+00	-1.985277E-03	-2.063242E-03	 5.096845E-05	 7.322857E-05	 2.531665E-05	 6.281553E-06	 1.396501E-06	 2.781787E-07	 5.337325E-08	 9.973146E-09	 8.569638E-10	 1.226312E-09	-1.825666E-10	 7.412912E-10	-5.587293E-10
0.36401	-0.000000E+00	-2.073153E-03	-2.152176E-03	 5.412653E-05	 7.848137E-05	 2.761271E-05	 6.957431E-06	 1.568385E-06	 3.159988E-07	 6.077108E-08	 1.138326E-08	 1.171503E-09	 1.389906E-09	-2.049059E-10	 8.246023E-10	-6.136978E-10
0.37081	-0.000000E+00	-2.162995E-03	-2.241874E-03	 5.716143E-05	 8.386082E-05	 3.003061E-05	 7.681095E-06	 1.755074E-06	 3.575898E-07	 6.889967E-08	 1.293735E-08	 1.524473E-09	 1.577583E-09	-2.265803E-10	 9.148954E-10	-6.673396E-10
0.37749	-0.000000E+00	-2.255048E-03	-2.332398E-03	 6.003888E-05	 8.935823E-05	 3.257477E-05	 8.455724E-06	 1.957489E-06	 4.032586E-07	 7.793829E-08	 1.467747E-08	 1.910858E-09	 1.791986E-09	-2.409142E-10	 1.014177E-09	-7.191873E-10
0.38406	-0.000000E+00	-2.349310E-03	-2.423784E-03	 6.274352E-05	 9.496748E-05	 3.524787E-05	 9.283864E-06	 2.176520E-06	 4.532661E-07	 8.803345E-08	 1.665413E-08	 2.330178E-09	 2.030413E-09	-2.424356E-10	 1.126164E-09	-7.684263E-10
0.39051	-0.000000E+00	-2.445532E-03	-2.516040E-03	 6.527890E-05	 1.006842E-04	 3.805089E-05	 1.016735E-05	 2.413018E-06	 5.078830E-07	 9.929679E-08	 1.889705E-08	 2.781098E-09	 2.292716E-09	-2.262490E-10	 1.253202E-09	-8.146586E-10
0.39686	-0.000000E+00	-2.543234E-03	-2.609136E-03	 6.766384E-05	 1.065042E-04	 4.098324E-05	 1.110746E-05	 2.667799E-06	 5.673755E-07	 1.118012E-07	 2.141484E-08	 3.260281E-09	 2.580440E-09	-1.883676E-10	 1.396321E-09	-8.580081E-10
0.40311	-0.000000E+00	-2.641910E-03	-2.703093E-03	 6.992499E-05	 1.124247E-04	 4.404474E-05	 1.210562E-05	 2.941824E-06	 6.320214E-07	 1.255815E-07	 2.420042E-08	 3.764510E-09	 2.894659E-09	-1.267137E-10	 1.556153E-09	-8.986429E-10
0.40927	-0.000000E+00	-2.741030E-03	-2.797891E-03	 7.208086E-05	 1.184374E-04	 4.723515E-05	 1.316378E-05	 3.236322E-06	 7.021610E-07	 1.406435E-07	 2.722464E-08	 4.292211E-09	 3.239938E-09	-4.182735E-11	 1.731122E-09	-9.364530E-10
0.41533	-0.000000E+00	-2.840311E-03	-2.893592E-03	 7.413434E-05	 1.245327E-04	 5.055646E-05	 1.428521E-05	 3.553014E-06	 7.782153E-07	 1.569774E-07	 3.046182E-08	 4.853370E-09	 3.620010E-09	 6.044309E-11	 1.919562E-09	-9.693430E-10
0.42131	-0.000000E+00	-2.939591E-03	-2.990273E-03	 7.607614E-05	 1.306976E-04	 5.401196E-05	 1.547418E-05	 3.893928E-06	 8.606911E-07	 1.746138E-07	 3.389485E-08	 5.453841E-09	 4.038090E-09	 1.758623E-10	 2.120375E-09	-9.953348E-10
0.42720	-0.000000E+00	-3.038775E-03	-3.087985E-03	 7.788961E-05	 1.369165E-04	 5.760504E-05	 1.673528E-05	 4.261193E-06	 9.501373E-07	 1.936403E-07	 3.752519E-08	 6.088980E-09	 4.493294E-09	 3.043702E-10	 2.334407E-09	-1.013651E-09
0.43301	-0.000000E+00	-3.138008E-03	-3.186903E-03	 7.955353E-05	 1.431789E-04	 6.134147E-05	 1.807395E-05	 4.657227E-06	 1.047185E-06	 2.141773E-07	 4.137357E-08	 6.756439E-09	 4.979709E-09	 4.446323E-10	 2.564748E-09	-1.022677E-09
0.43875	-0.000000E+00	-3.237415E-03	-3.287060E-03	 8.103058E-05	 1.494646E-04	 6.522501E-05	 1.949555E-05	 5.084648E-06	 1.152605E-06	 2.363782E-07	 4.545084E-08	 7.451270E-09	 5.494175E-09	 5.948401E-10	 2.812948E-09	-1.020505E-09
0.44441	-0.000000E+00	-3.337342E-03	-3.388636E-03	 8.228157E-05	 1.557600E-04	 6.926230E-05	 2.100643E-05	 5.546417E-06	 1.267309E-06	 2.604546E-07	 4.978104E-08	 8.165625E-09	 6.032014E-09	 7.546471E-10	 3.081607E-09	-1.005448E-09
0.45000	-0.000000E+00	-3.438095E-03	-3.491690E-03	 8.325462E-05	 1.620428E-04	 7.345791E-05	 2.261276E-05	 6.045707E-06	 1.392353E-06	 2.866576E-07	 5.438973E-08	 8.891409E-09	 6.588460E-09	 9.225693E-10	 3.372679E-09	-9.752442E-10
0.45552	-0.000000E+00	-3.540069E-03	-3.596361E-03	 8.389878E-05	 1.682949E-04	 7.781773E-05	 2.432123E-05	 6.585986E-06	 1.528953E-06	 3.152989E-07	 5.931028E-08	 9.617394E-09	 7.158636E-09	 1.098303E-09	 3.688227E-09	-9.277727E-10
0.46098	-0.000000E+00	-3.643566E-03	-3.702719E-03	 8.416244E-05	 1.744943E-04	 8.234586E-05	 2.613806E-05	 7.170809E-06	 1.678447E-06	 3.467419E-07	 6.458477E-08	 1.032825E-08	 7.734584E-09	 1.282193E-09	 4.030854E-09	-8.609835E-10
0.46637	-0.000000E+00	-3.748851E-03	-3.810848E-03	 8.399937E-05	 1.806215E-04	 8.704599E-05	 2.806932E-05	 7.803870E-06	 1.842300E-06	 3.813981E-07	 7.026363E-08	 1.100737E-08	 8.306355E-09	 1.473943E-09	 4.403058E-09	-7.727295E-10
0.47170	-0.000000E+00	-3.856089E-03	-3.920823E-03	 8.337000E-05	 1.866570E-04	 9.192098E-05	 3.012076E-05	 8.488931E-06	 2.022069E-06	 4.197318E-07	 7.641260E-08	 1.163278E-08	 8.858416E-09	 1.673889E-09	 4.808741E-09	-6.612892E-10
0.47697	-0.000000E+00	-3.965378E-03	-4.032724E-03	 8.223478E-05	 1.925787E-04	 9.697380E-05	 3.229874E-05	 9.230262E-06	 2.219553E-06	 4.622549E-07	 8.308905E-08	 1.218356E-08	 9.378396E-09	 1.878787E-09	 5.248449E-09	-5.244151E-10
0.48218	-0.000000E+00	-4.076667E-03	-4.146562E-03	 8.055415E-05	 1.983582E-04	 1.022056E-04	 3.460959E-05	 1.003249E-05	 2.436761E-06	 5.095412E-07	 9.035367E-08	 1.263641E-08	 9.852989E-09	 2.083291E-09	 5.720477E-09	-3.598748E-10
0.48734	-0.000000E+00	-4.189849E-03	-4.262404E-03	 7.830293E-05	 2.039732E-04	 1.076177E-04	 3.705935E-05	 1.090034E-05	 2.675795E-06	 5.622257E-07	 9.829844E-08	 1.296951E-08	 1.026026E-08	 2.280163E-09	 6.224849E-09	-1.651152E-10
0.49244	-0.000000E+00	-4.304585E-03	-4.380199E-03	 7.547249E-05	 2.094013E-04	 1.132073E-04	 3.965179E-05	 1.183789E-05	 2.938683E-06	 6.209860E-07	 1.070441E-07	 1.315332E-08	 1.056524E-08	 2.462138E-09	 6.764602E-09	 6.157464E-11
0.49749	-0.000000E+00	-4.420579E-03	-4.500011E-03	 7.206858E-05	 2.146294E-04	 1.189732E-04	 4.239065E-05	 1.284933E-05	 3.227578E-06	 6.865511E-07	 1.167164E-07	 1.315777E-08	 1.073189E-08	 2.618644E-09	 7.340609E-09	 3.215422E-10
0.50249	-0.000000E+00	-4.537391E-03	-4.621694E-03	 6.808325E-05	 2.196298E-04	 1.249089E-04	 4.527836E-05	 1.393890E-05	 3.544825E-06	 7.597033E-07	 1.274398E-07	 1.295929E-08	 1.072453E-08	 2.729941E-09	 7.948062E-09	 6.174926E-10
0.50744	-0.000000E+00	-4.654827E-03	-4.745350E-03	 6.351778E-05	 2.243889E-04	 1.310140E-04	 4.831888E-05	 1.511129E-05	 3.892985E-06	 8.413391E-07	 1.393761E-07	 1.253573E-08	 1.050493E-08	 2.775946E-09	 8.581730E-09	 9.510930E-10
0.51235	-0.000000E+00	-4.772455E-03	-4.870780E-03	 5.836343E-05	 2.288761E-04	 1.372793E-04	 5.151344E-05	 1.637070E-05	 4.274659E-06	 9.324336E-07	 1.527167E-07	 1.186507E-08	 1.002563E-08	 2.730601E-09	 9.234113E-09	 1.323982E-09
0.51720	-0.000000E+00	-4.890173E-03	-4.998110E-03	 5.262704E-05	 2.330828E-04	 1.437035E-04	 5.486475E-05	 1.772155E-05	 4.692559E-06	 1.034071E-06	 1.677102E-07	 1.093488E-08	 9.235112E-09	 2.567129E-09	 9.898995E-09	 1.737163E-09
0.52202	-0.000000E+00	-5.007608E-03	-5.127112E-03	 4.630308E-05	 2.369805E-04	 1.502752E-04	 5.837205E-05	 1.916747E-05	 5.149384E-06	 1.147413E-06	 1.846363E-07	 9.735602E-09	 8.074460E-09	 2.251776E-09	 1.056608E-08	 2.190955E-09
0.52678	-0.000000E+00	-5.124816E-03	-5.257931E-03	 3.939081E-05	 2.405610E-04	 1.569927E-04	 6.203757E-05	 2.071293E-05	 5.648127E-06	 1.273766E-06	 2.038343E-07	 8.276241E-09	 6.488415E-09	 1.748199E-09	 1.122315E-08	 2.685253E-09
0.53151	-0.000000E+00	-5.241574E-03	-5.390346E-03	 3.187026E-05	 2.437910E-04	 1.638439E-04	 6.586047E-05	 2.236188E-05	 6.191892E-06	 1.414569E-06	 2.256904E-07	 6.570766E-09	 4.415450E-09	 1.012670E-09	 1.185170E-08	 3.218194E-09
0.53619	-0.000000E+00	-5.358119E-03	-5.524510E-03	 2.372239E-05	 2.466578E-04	 1.708267E-04	 6.984313E-05	 2.411915E-05	 6.784091E-06	 1.571433E-06	 2.506867E-07	 4.668225E-09	 1.796731E-09	-2.201789E-12	 1.243278E-08	 3.788334E-09
0.54083	-0.000000E+00	-5.474394E-03	-5.660264E-03	 1.492045E-05	 2.491302E-04	 1.779294E-04	 7.398442E-05	 2.598872E-05	 7.428097E-06	 1.746099E-06	 2.793770E-07	 2.628607E-09	-1.434237E-09	-1.348580E-09	 1.294322E-08	 4.391234E-09
0.54544	-0.000000E+00	-5.590638E-03	-5.797711E-03	 5.440422E-06	 2.511919E-04	 1.851473E-04	 7.828542E-05	 2.797516E-05	 8.127521E-06	 1.940464E-06	 3.124090E-07	 5.514683E-10	-5.337390E-09	-3.082907E-09	 1.335735E-08	 5.022037E-09
0.55000	-0.000000E+00	-5.706887E-03	-5.936769E-03	-4.744577E-06	 2.528152E-04	 1.924697E-04	 8.274506E-05	 3.008256E-05	 8.886036E-06	 2.156569E-06	 3.505069E-07	-1.442401E-09	-9.973353E-09	-5.267231E-09	 1.364293E-08	 5.672312E-09
0.55453	-0.000000E+00	-5.823252E-03	-6.077440E-03	-1.565919E-05	 2.539769E-04	 1.998878E-04	 8.736266E-05	 3.231513E-05	 9.707436E-06	 2.396597E-06	 3.944916E-07	-3.190305E-09	-1.539646E-08	-7.968051E-09	 1.376356E-08	 6.331565E-09
0.55902	-0.000000E+00	-5.939885E-03	-6.219769E-03	-2.732816E-05	 2.546555E-04	 2.073937E-04	 9.213781E-05	 3.467724E-05	 1.059568E-05	 2.662885E-06	 4.452836E-07	-4.486135E-09	-2.165344E-08	-1.125680E-08	 1.367741E-08	 6.986696E-09
0.56347	-0.000000E+00	-6.056741E-03	-6.363623E-03	-3.977677E-05	 2.548193E-04	 2.149732E-04	 9.706741E-05	 3.717254E-05	 1.155473E-05	 2.957914E-06	 5.038967E-07	-5.085505E-09	-2.878403E-08	-1.521027E-08	 1.333311E-08	 7.619113E-09
0.56789	-0.000000E+00	-6.174030E-03	-6.509122E-03	-5.302159E-05	 2.544563E-04	 2.226194E-04	 1.021500E-04	 3.980469E-05	 1.258840E-05	 3.284218E-06	 5.714697E-07	-4.668590E-09	-3.681117E-08	-1.990420E-08	 1.268197E-08	 8.210414E-09
0.57228	-0.000000E+00	-6.291722E-03	-6.656182E-03	-6.708410E-05	 2.535380E-04	 2.303187E-04	 1.073822E-04	 4.257712E-05	 1.370074E-05	 3.644535E-06	 6.492290E-07	-2.880812E-09	-4.574432E-08	-2.541943E-08	 1.166198E-08	 8.734390E-09
0.57663	-0.000000E+00	-6.409832E-03	-6.804784E-03	-8.198808E-05	 2.520358E-04	 2.380592E-04	 1.127616E-04	 4.549393E-05	 1.489619E-05	 4.041840E-06	 7.385242E-07	 6.930652E-10	-5.557272E-08	-3.183989E-08	 1.020042E-08	 9.158591E-09
0.58095	-0.000000E+00	-6.528336E-03	-6.954916E-03	-9.774150E-05	 2.499307E-04	 2.458287E-04	 1.182838E-04	 4.855778E-05	 1.617858E-05	 4.479033E-06	 8.408171E-07	 6.549137E-09	-6.626654E-08	-3.924494E-08	 8.227537E-09	 9.448618E-09
0.58523	-0.000000E+00	-6.647178E-03	-7.106584E-03	-1.143443E-04	 2.472071E-04	 2.536157E-04	 1.239440E-04	 5.177101E-05	 1.755162E-05	 4.959078E-06	 9.576513E-07	 1.524141E-08	-7.776848E-08	-4.770980E-08	 5.667326E-09	 9.563528E-09
0.58949	-0.000000E+00	-6.766199E-03	-7.259698E-03	-1.318030E-04	 2.438383E-04	 2.614049E-04	 1.297367E-04	 5.513622E-05	 1.901943E-05	 5.485186E-06	 1.090691E-06	 2.739004E-08	-8.999319E-08	-5.731303E-08	 2.428371E-09	 9.453227E-09
0.59372	-0.000000E+00	-6.885268E-03	-7.414232E-03	-1.501120E-04	 2.398072E-04	 2.691832E-04	 1.356559E-04	 5.865521E-05	 2.058567E-05	 6.060515E-06	 1.241695E-06	 4.369640E-08	-1.028230E-07	-6.812149E-08	-1.578610E-09	 9.063449E-09
0.59791	-0.000000E+00	-7.004309E-03	-7.570219E-03	-1.692652E-04	 2.350997E-04	 2.769397E-04	 1.416961E-04	 6.232984E-05	 2.225401E-05	 6.688312E-06	 1.412532E-06	 6.494323E-08	-1.161020E-07	-8.019323E-08	-6.446842E-09	 8.333975E-09
0.60208	-0.000000E+00	-7.123100E-03	-7.727506E-03	-1.892635E-04	 2.296882E-04	 2.846560E-04	 1.478490E-04	 6.616133E-05	 2.402820E-05	 7.372012E-06	 1.605211E-06	 9.200199E-08	-1.296348E-07	-9.358302E-08	-1.228228E-08	 7.194388E-09
0.60622	-0.000000E+00	-7.241636E-03	-7.886194E-03	-2.100989E-04	 2.235626E-04	 2.923234E-04	 1.541094E-04	 7.015133E-05	 2.591182E-05	 8.115031E-06	 1.821826E-06	 1.258303E-07	-1.431783E-07	-1.083219E-07	-1.918276E-08	 5.571509E-09
0.61033	-0.000000E+00	-7.359711E-03	-8.046140E-03	-2.317668E-04	 2.166989E-04	 2.999234E-04	 1.604678E-04	 7.430011E-05	 2.790823E-05	 8.920879E-06	 2.064605E-06	 1.674829E-07	-1.564428E-07	-1.244322E-07	-2.725627E-08	 3.381748E-09
0.61441	-0.000000E+00	-7.477277E-03	-8.207367E-03	-2.542595E-04	 2.090840E-04	 3.074441E-04	 1.669166E-04	 7.860821E-05	 3.002070E-05	 9.793067E-06	 2.335860E-06	 2.181089E-07	-1.690799E-07	-1.419100E-07	-3.660442E-08	 5.379631E-10
0.61847	-0.000000E+00	-7.594244E-03	-8.369851E-03	-2.775686E-04	 2.007021E-04	 3.148716E-04	 1.734473E-04	 8.307569E-05	 3.225232E-05	 1.073516E-05	 2.638013E-06	 2.789504E-07	-1.806872E-07	-1.607300E-07	-4.732868E-08	-3.054148E-09
0.62249	-0.000000E+00	-7.710457E-03	-8.533467E-03	-3.016882E-04	 1.915320E-04	 3.221877E-04	 1.800491E-04	 8.770175E-05	 3.460601E-05	 1.175080E-05	 2.973608E-06	 3.513608E-07	-1.907972E-07	-1.808441E-07	-5.953296E-08	-7.497121E-09
0.62650	-0.000000E+00	-7.825950E-03	-8.698294E-03	-3.266051E-04	 1.815684E-04	 3.293829E-04	 1.867137E-04	 9.248566E-05	 3.708428E-05	 1.284342E-05	 3.345208E-06	 4.367760E-07	-1.988746E-07	-2.021618E-07	-7.330151E-08	-1.289123E-08
0.63048	-0.000000E+00	-7.940554E-03	-8.864174E-03	-3.523082E-04	 1.707932E-04	 3.364379E-04	 1.934285E-04	 9.742515E-05	 3.968931E-05	 1.401654E-05	 3.755498E-06	 5.367401E-07	-2.043173E-07	-2.245683E-07	-8.872309E-08	-1.934804E-08
0.63443	-0.000000E+00	-8.054296E-03	-9.031132E-03	-3.787901E-04	 1.591971E-04	 3.433405E-04	 2.001835E-04	 1.025186E-04	 4.242326E-05	 1.527364E-05	 4.207236E-06	 6.529030E-07	-2.064424E-07	-2.479024E-07	-1.058675E-07	-2.697648E-08
0.63836	-0.000000E+00	-8.167152E-03	-9.199144E-03	-4.060422E-04	 1.467684E-04	 3.500768E-04	 2.069679E-04	 1.077639E-04	 4.528805E-05	 1.661819E-05	 4.703262E-06	 7.870142E-07	-2.044941E-07	-2.719636E-07	-1.247931E-07	-3.588884E-08
0.64226	-0.000000E+00	-8.279052E-03	-9.368112E-03	-4.340606E-04	 1.334883E-04	 3.566292E-04	 2.137693E-04	 1.131584E-04	 4.828561E-05	 1.805384E-05	 5.246576E-06	 9.409551E-07	-1.976313E-07	-2.965112E-07	-1.455516E-07	-4.620375E-08
0.64614	-0.000000E+00	-8.390089E-03	-9.538105E-03	-4.628439E-04	 1.193474E-04	 3.629870E-04	 2.205780E-04	 1.187002E-04	 5.141771E-05	 1.958407E-05	 5.840207E-06	 1.116710E-06	-1.849225E-07	-3.212440E-07	-1.681631E-07	-5.803024E-08
0.65000	-0.000000E+00	-8.500187E-03	-9.709032E-03	-4.923839E-04	 1.043291E-04	 3.691331E-04	 2.273810E-04	 1.243857E-04	 5.468565E-05	 2.121239E-05	 6.487277E-06	 1.316366E-06	-1.653553E-07	-3.458158E-07	-1.926367E-07	-7.148317E-08
0.65383	-0.000000E+00	-8.609360E-03	-9.880873E-03	-5.226758E-04	 8.842127E-05	 3.750534E-04	 2.341660E-04	 1.302117E-04	 5.809058E-05	 2.294217E-05	 7.190954E-06	 1.542122E-06	-1.378214E-07	-3.698171E-07	-2.189524E-07	-8.667029E-08
0.65765	-0.000000E+00	-8.717670E-03	-1.005363E-02	-5.537150E-04	 7.161702E-05	 3.807349E-04	 2.409207E-04	 1.361738E-04	 6.163294E-05	 2.477654E-05	 7.954369E-06	 1.796260E-06	-1.011142E-07	-3.927675E-07	-2.470526E-07	-1.036861E-07
0.66144	-0.000000E+00	-8.825076E-03	-1.022724E-02	-5.854907E-04	 5.390729E-05	 3.861621E-04	 2.476309E-04	 1.422668E-04	 6.531274E-05	 2.671844E-05	 8.780677E-06	 2.081146E-06	-5.394093E-08	-4.141248E-07	-2.768528E-07	-1.226214E-07
0.66521	-0.000000E+00	-8.931578E-03	-1.040170E-02	-6.179916E-04	 3.528537E-05	 3.913233E-04	 2.542844E-04	 1.484861E-04	 6.913001E-05	 2.877081E-05	 9.673043E-06	 2.399225E-06	 5.078528E-09	-4.332787E-07	-3.082307E-07	-1.435533E-07
0.66895	-0.000000E+00	-9.037098E-03	-1.057698E-02	-6.512043E-04	 1.573917E-05	 3.962051E-04	 2.608682E-04	 1.548272E-04	 7.308478E-05	 3.093663E-05	 1.063474E-05	 2.753058E-06	 7.742117E-08	-4.495539E-07	-3.410342E-07	-1.665523E-07
0.67268	-0.000000E+00	-9.141536E-03	-1.075305E-02	-6.851129E-04	-4.744407E-06	 4.007942E-04	 2.673693E-04	 1.612854E-04	 7.717700E-05	 3.321891E-05	 1.166909E-05	 3.145305E-06	 1.646594E-07	-4.622045E-07	-3.750751E-07	-1.916769E-07
0.67639	-0.000000E+00	-9.244835E-03	-1.092988E-02	-7.196987E-04	-2.617133E-05	 4.050791E-04	 2.737743E-04	 1.678550E-04	 8.140574E-05	 3.562013E-05	 1.277927E-05	 3.578663E-06	 2.684535E-07	-4.703988E-07	-4.101089E-07	-2.189592E-07
0.68007	-0.000000E+00	-9.346955E-03	-1.110745E-02	-7.549437E-04	-4.854454E-05	 4.090481E-04	 2.800692E-04	 1.745295E-04	 8.576935E-05	 3.814243E-05	 1.396834E-05	 4.055870E-06	 3.905575E-07	-4.732189E-07	-4.458362E-07	-2.484046E-07
0.68374	-0.000000E+00	-9.447884E-03	-1.128573E-02	-7.908334E-04	-7.186777E-05	 4.126894E-04	 2.862401E-04	 1.813021E-04	 9.026601E-05	 4.078783E-05	 1.523935E-05	 4.579736E-06	 5.328222E-07	-4.696630E-07	-4.819042E-07	-2.799937E-07
0.68739	-0.000000E+00	-9.547593E-03	-1.146470E-02	-8.273527E-04	-9.614651E-05	 4.159917E-04	 2.922727E-04	 1.881662E-04	 9.489376E-05	 4.355829E-05	 1.659537E-05	 5.153137E-06	 6.971884E-07	-4.586463E-07	-5.179060E-07	-3.136807E-07
0.69101	-0.000000E+00	-9.646061E-03	-1.164434E-02	-8.644887E-04	-1.213886E-04	 4.189435E-04	 2.981534E-04	 1.951151E-04	 9.965064E-05	 4.645576E-05	 1.803948E-05	 5.779040E-06	 8.856986E-07	-4.389958E-07	-5.533774E-07	-3.493908E-07
0.69462	-0.000000E+00	-9.743281E-03	-1.182461E-02	-9.022318E-04	-1.476021E-04	 4.215328E-04	 3.038679E-04	 2.021418E-04	 1.045343E-04	 4.948204E-05	 1.957476E-05	 6.460485E-06	 1.100500E-06	-4.094407E-07	-5.877876E-07	-3.870132E-07
0.69821	-0.000000E+00	-9.839239E-03	-1.200551E-02	-9.405647E-04	-1.747888E-04	 4.237497E-04	 3.094019E-04	 2.092385E-04	 1.095416E-04	 5.263831E-05	 2.120400E-05	 7.200451E-06	 1.343791E-06	-3.686247E-07	-6.205320E-07	-4.263908E-07
0.70178	-0.000000E+00	-9.933922E-03	-1.218701E-02	-9.794703E-04	-2.029501E-04	 4.255849E-04	 3.147416E-04	 2.163975E-04	 1.146692E-04	 5.592559E-05	 2.292988E-05	 8.001936E-06	 1.617841E-06	-3.151047E-07	-6.509383E-07	-4.673251E-07
0.70534	-0.000000E+00	-1.002731E-02	-1.236908E-02	-1.018935E-03	-2.320912E-04	 4.270270E-04	 3.198718E-04	 2.236104E-04	 1.199133E-04	 5.934485E-05	 2.475515E-05	 8.868030E-06	 1.925033E-06	-2.473367E-07	-6.782637E-07	-5.095766E-07
0.70887	-0.000000E+00	-1.011939E-02	-1.255170E-02	-1.058942E-03	-2.622119E-04	 4.280681E-04	 3.247789E-04	 2.308689E-04	 1.252698E-04	 6.289656E-05	 2.668224E-05	 9.801728E-06	 2.267776E-06	-1.636959E-07	-7.016848E-07	-5.528482E-07
0.71239	-0.000000E+00	-1.021015E-02	-1.273487E-02	-1.099475E-03	-2.933157E-04	 4.286995E-04	 3.294490E-04	 2.381651E-04	 1.307348E-04	 6.658125E-05	 2.871362E-05	 1.080610E-05	 2.648571E-06	-6.246245E-08	-7.203052E-07	-5.967956E-07
0.71589	-0.000000E+00	-1.029957E-02	-1.291855E-02	-1.140523E-03	-3.254098E-04	 4.289094E-04	 3.338666E-04	 2.454901E-04	 1.363038E-04	 7.039939E-05	 3.085182E-05	 1.188432E-05	 3.070044E-06	 5.819521E-08	-7.331479E-07	-6.410244E-07
0.71937	-0.000000E+00	-1.038766E-02	-1.310274E-02	-1.182069E-03	-3.584923E-04	 4.286925E-04	 3.380190E-04	 2.528356E-04	 1.419718E-04	 7.435072E-05	 3.309884E-05	 1.303934E-05	 3.534777E-06	 2.001720E-07	-7.391457E-07	-6.850644E-07
0.72284	-0.000000E+00	-1.047441E-02	-1.328746E-02	-1.224100E-03	-3.925684E-04	 4.280400E-04	 3.418920E-04	 2.601929E-04	 1.477340E-04	 7.843519E-05	 3.545688E-05	 1.427425E-05	 4.045487E-06	 3.654736E-07	-7.371512E-07	-7.283926E-07
0.72629	-0.000000E+00	-1.055979E-02	-1.347264E-02	-1.266607E-03	-4.276469E-04	 4.269401E-04	 3.454698E-04	 2.675529E-04	 1.535853E-04	 8.265276E-05	 3.792820E-05	 1.559227E-05	 4.605019E-06	 5.562277E-07	-7.259253E-07	-7.704254E-07
0.72973	-0.000000E+00	-1.064384E-02	-1.365833E-02	-1.309574E-03	-4.637261E-04	 4.253890E-04	 3.487402E-04	 2.749071E-04	 1.595200E-04	 8.700246E-05	 4.051436E-05	 1.699626E-05	 5.216100E-06	 7.745946E-07	-7.041393E-07	-8.104891E-07
0.73314	-0.000000E+00	-1.072655E-02	-1.384452E-02	-1.352993E-03	-5.008134E-04	 4.233772E-04	 3.516884E-04	 2.822464E-04	 1.655323E-04	 9.148374E-05	 4.321727E-05	 1.848931E-05	 5.881650E-06	 1.022875E-06	-6.703700E-07	-8.478501E-07
0.73655	-0.000000E+00	-1.080792E-02	-1.403115E-02	-1.396854E-03	-5.389179E-04	 4.208932E-04	 3.542983E-04	 2.895610E-04	 1.716164E-04	 9.609584E-05	 4.603876E-05	 2.007459E-05	 6.604686E-06	 1.303487E-06	-6.230924E-07	-8.816981E-07
0.73993	-0.000000E+00	-1.088797E-02	-1.421830E-02	-1.441143E-03	-5.780365E-04	 4.179351E-04	 3.565583E-04	 2.968423E-04	 1.777656E-04	 1.008370E-04	 4.897983E-05	 2.175475E-05	 7.388014E-06	 1.618836E-06	-5.607019E-07	-9.111241E-07
0.74330	-0.000000E+00	-1.096672E-02	-1.440593E-02	-1.485854E-03	-6.181791E-04	 4.144921E-04	 3.584527E-04	 3.040805E-04	 1.839734E-04	 1.057060E-04	 5.204204E-05	 2.353286E-05	 8.234729E-06	 1.971516E-06	-4.814800E-07	-9.351512E-07
0.74666	-0.000000E+00	-1.104416E-02	-1.459401E-02	-1.530979E-03	-6.593550E-04	 4.105531E-04	 3.599649E-04	 3.112654E-04	 1.902329E-04	 1.107015E-04	 5.522674E-05	 2.541195E-05	 9.147977E-06	 2.364225E-06	-3.835985E-07	-9.527098E-07
0.75000	-0.000000E+00	-1.112034E-02	-1.478262E-02	-1.576504E-03	-7.015601E-04	 4.061180E-04	 3.610842E-04	 3.183880E-04	 1.965366E-04	 1.158207E-04	 5.853427E-05	 2.739437E-05	 1.013058E-05	 2.799587E-06	-2.651706E-07	-9.626277E-07
0.75333	-0.000000E+00	-1.119526E-02	-1.497173E-02	-1.622427E-03	-7.448095E-04	 4.011744E-04	 3.617937E-04	 3.254383E-04	 2.028775E-04	 1.210623E-04	 6.196596E-05	 2.948321E-05	 1.118582E-05	 3.280505E-06	-1.241585E-07	-9.636523E-07
0.75664	-0.000000E+00	-1.126892E-02	-1.516129E-02	-1.668745E-03	-7.891176E-04	 3.957097E-04	 3.620758E-04	 3.324059E-04	 2.092480E-04	 1.264243E-04	 6.552290E-05	 3.168151E-05	 1.231704E-05	 3.809995E-06	 4.159874E-08	-9.544223E-07
0.75993	-0.000000E+00	-1.134139E-02	-1.535144E-02	-1.715446E-03	-8.344820E-04	 3.897251E-04	 3.619203E-04	 3.392818E-04	 2.156401E-04	 1.319035E-04	 6.920485E-05	 3.399135E-05	 1.352708E-05	 4.390906E-06	 2.342876E-07	-9.334709E-07
0.76322	-0.000000E+00	-1.141266E-02	-1.554213E-02	-1.762530E-03	-8.809232E-04	 3.832068E-04	 3.613092E-04	 3.460558E-04	 2.220460E-04	 1.374980E-04	 7.301288E-05	 3.641581E-05	 1.481939E-05	 5.026465E-06	 4.562961E-07	-8.992279E-07
0.76649	-0.000000E+00	-1.148271E-02	-1.573333E-02	-1.809999E-03	-9.284631E-04	 3.761396E-04	 3.602227E-04	 3.527169E-04	 2.284578E-04	 1.432058E-04	 7.694799E-05	 3.895806E-05	 1.619760E-05	 5.720063E-06	 7.101645E-07	-8.499954E-07
0.76974	-0.000000E+00	-1.155162E-02	-1.592517E-02	-1.857841E-03	-9.770999E-04	 3.685250E-04	 3.586506E-04	 3.592559E-04	 2.348662E-04	 1.490228E-04	 8.100923E-05	 4.161981E-05	 1.766449E-05	 6.474758E-06	 9.983931E-07	-7.839769E-07
0.77298	-0.000000E+00	-1.161937E-02	-1.611765E-02	-1.906054E-03	-1.026854E-03	 3.603510E-04	 3.565748E-04	 3.656621E-04	 2.412627E-04	 1.549461E-04	 8.519695E-05	 4.440387E-05	 1.922356E-05	 7.294033E-06	 1.323720E-06	-6.992444E-07
0.77621	-0.000000E+00	-1.168594E-02	-1.631070E-02	-1.954642E-03	-1.077756E-03	 3.515983E-04	 3.539723E-04	 3.719237E-04	 2.476382E-04	 1.609737E-04	 8.951212E-05	 4.731355E-05	 2.087871E-05	 8.181700E-06	 1.689114E-06	-5.937101E-07
0.77942	-0.000000E+00	-1.175138E-02	-1.650445E-02	-2.003597E-03	-1.129810E-03	 3.422669E-04	 3.508316E-04	 3.780312E-04	 2.539830E-04	 1.671010E-04	 9.395336E-05	 5.035044E-05	 2.263282E-05	 9.141092E-06	 2.097431E-06	-4.652059E-07
0.78262	-0.000000E+00	-1.181570E-02	-1.669894E-02	-2.052913E-03	-1.183036E-03	 3.323466E-04	 3.471344E-04	 3.839735E-04	 2.602871E-04	 1.733241E-04	 9.852012E-05	 5.351685E-05	 2.448928E-05	 1.017589E-05	 2.551759E-06	-3.114113E-07
0.78581	-0.000000E+00	-1.187882E-02	-1.689405E-02	-2.102587E-03	-1.237459E-03	 3.218176E-04	 3.428556E-04	 3.897366E-04	 2.665396E-04	 1.796395E-04	 1.032124E-04	 5.681568E-05	 2.645197E-05	 1.129017E-05	 3.055456E-06	-1.298170E-07
0.78899	-0.000000E+00	-1.194081E-02	-1.708993E-02	-2.152605E-03	-1.293078E-03	 3.106827E-04	 3.379841E-04	 3.953105E-04	 2.727288E-04	 1.860411E-04	 1.080273E-04	 6.024765E-05	 2.852338E-05	 1.248727E-05	 3.611633E-06	 8.211121E-08
0.79215	-0.000000E+00	-1.200171E-02	-1.728662E-02	-2.202968E-03	-1.349917E-03	 2.989321E-04	 3.325009E-04	 4.006840E-04	 2.788443E-04	 1.925246E-04	 1.129639E-04	 6.381472E-05	 3.070681E-05	 1.377105E-05	 4.223715E-06	 3.270978E-07
0.79530	-0.000000E+00	-1.206138E-02	-1.748392E-02	-2.253667E-03	-1.408002E-03	 2.865400E-04	 3.263750E-04	 4.058396E-04	 2.848725E-04	 1.990855E-04	 1.180215E-04	 6.751979E-05	 3.300642E-05	 1.514601E-05	 4.895546E-06	 6.081294E-07
0.79844	-0.000000E+00	-1.211990E-02	-1.768199E-02	-2.304670E-03	-1.467298E-03	 2.735222E-04	 3.196015E-04	 4.107664E-04	 2.907986E-04	 2.057135E-04	 1.231938E-04	 7.136103E-05	 3.542318E-05	 1.661483E-05	 5.630155E-06	 9.279799E-07
0.80156	-0.000000E+00	-1.217738E-02	-1.788109E-02	-2.355988E-03	-1.527834E-03	 2.598774E-04	 3.121674E-04	 4.154566E-04	 2.966125E-04	 2.124039E-04	 1.284786E-04	 7.533949E-05	 3.795986E-05	 1.818126E-05	 6.431138E-06	 1.289724E-06
0.80467	-0.000000E+00	-1.223366E-02	-1.808094E-02	-2.407658E-03	-1.589722E-03	 2.455426E-04	 3.040177E-04	 4.198890E-04	 3.023018E-04	 2.191575E-04	 1.338803E-04	 7.946248E-05	 4.062388E-05	 1.985214E-05	 7.303895E-06	 1.697373E-06
0.80777	-0.000000E+00	-1.228884E-02	-1.828182E-02	-2.459703E-03	-1.653014E-03	 2.305060E-04	 2.951312E-04	 4.240537E-04	 3.078548E-04	 2.259699E-04	 1.393975E-04	 8.373215E-05	 4.341910E-05	 2.163229E-05	 8.252877E-06	 2.154697E-06
0.81086	-0.000000E+00	-1.234311E-02	-1.848417E-02	-2.512146E-03	-1.717759E-03	 2.147641E-04	 2.854921E-04	 4.279426E-04	 3.132601E-04	 2.328358E-04	 1.450273E-04	 8.814962E-05	 4.634865E-05	 2.352615E-05	 9.282449E-06	 2.665558E-06
0.81394	-0.000000E+00	-1.239627E-02	-1.868774E-02	-2.565030E-03	-1.784097E-03	 1.982438E-04	 2.750339E-04	 4.315307E-04	 3.185017E-04	 2.397556E-04	 1.507746E-04	 9.272349E-05	 4.942143E-05	 2.554215E-05	 1.039940E-05	 3.235158E-06
0.81701	-0.000000E+00	-1.244839E-02	-1.889276E-02	-2.618389E-03	-1.852119E-03	 1.809114E-04	 2.637160E-04	 4.348014E-04	 3.235645E-04	 2.467259E-04	 1.566395E-04	 9.745824E-05	 5.264349E-05	 2.768707E-05	 1.160976E-05	 3.868538E-06
0.82006	-0.000000E+00	-1.249955E-02	-1.909953E-02	-2.672205E-03	-1.921833E-03	 1.627746E-04	 2.515241E-04	 4.377416E-04	 3.284298E-04	 2.537353E-04	 1.626143E-04	 1.023519E-04	 5.601629E-05	 2.996483E-05	 1.291810E-05	 4.570171E-06
0.82310	-0.000000E+00	-1.254968E-02	-1.930808E-02	-2.726498E-03	-1.993336E-03	 1.437883E-04	 2.384058E-04	 4.403280E-04	 3.330773E-04	 2.607783E-04	 1.686980E-04	 1.074088E-04	 5.954628E-05	 3.238285E-05	 1.433120E-05	 5.345827E-06
0.82614	-0.000000E+00	-1.259872E-02	-1.951841E-02	-2.781308E-03	-2.066769E-03	 1.238887E-04	 2.242933E-04	 4.425337E-04	 3.374861E-04	 2.678520E-04	 1.748923E-04	 1.126363E-04	 6.324214E-05	 3.495037E-05	 1.585713E-05	 6.202240E-06
0.82916	-0.000000E+00	-1.264673E-02	-1.973078E-02	-2.836645E-03	-2.142208E-03	 1.030527E-04	 2.091462E-04	 4.443385E-04	 3.416337E-04	 2.749471E-04	 1.811920E-04	 1.180356E-04	 6.710826E-05	 3.767391E-05	 1.750257E-05	 7.145617E-06
0.83217	-0.000000E+00	-1.269371E-02	-1.994529E-02	-2.892501E-03	-2.219708E-03	 8.125660E-05	 1.929211E-04	 4.457176E-04	 3.454936E-04	 2.820511E-04	 1.875895E-04	 1.236066E-04	 7.114838E-05	 4.055975E-05	 1.927428E-05	 8.182410E-06
0.83516	-0.000000E+00	-1.273959E-02	-2.016192E-02	-2.948877E-03	-2.299352E-03	 5.845708E-05	 1.755575E-04	 4.466398E-04	 3.490364E-04	 2.891530E-04	 1.940790E-04	 1.293514E-04	 7.536805E-05	 4.361569E-05	 2.118018E-05	 9.319955E-06
0.83815	-0.000000E+00	-1.278439E-02	-2.038076E-02	-3.005772E-03	-2.381214E-03	 3.462476E-05	 1.570034E-04	 4.470772E-04	 3.522323E-04	 2.962395E-04	 2.006520E-04	 1.352701E-04	 7.977128E-05	 4.684861E-05	 2.322780E-05	 1.056559E-05
0.84113	-0.000000E+00	-1.282808E-02	-2.060184E-02	-3.063156E-03	-2.465327E-03	 9.741263E-06	 1.372127E-04	 4.470000E-04	 3.550481E-04	 3.032934E-04	 2.072964E-04	 1.413596E-04	 8.436000E-05	 5.026412E-05	 2.542412E-05	 1.192652E-05
0.84410	-0.000000E+00	-1.287064E-02	-2.082522E-02	-3.121016E-03	-2.551743E-03	-1.621701E-05	 1.161345E-04	 4.463777E-04	 3.574495E-04	 3.102975E-04	 2.139996E-04	 1.476171E-04	 8.913638E-05	 5.386819E-05	 2.777650E-05	 1.341044E-05
0.84705	-0.000000E+00	-1.291205E-02	-2.105097E-02	-3.179345E-03	-2.640547E-03	-4.328602E-05	 9.370586E-05	 4.451759E-04	 3.593997E-04	 3.172350E-04	 2.207496E-04	 1.540411E-04	 9.410365E-05	 5.766784E-05	 3.029323E-05	 1.502583E-05
0.85000	-0.000000E+00	-1.295228E-02	-2.127917E-02	-3.238141E-03	-2.731845E-03	-7.150915E-05	 6.985513E-05	 4.433581E-04	 3.608593E-04	 3.240891E-04	 2.275343E-04	 1.606305E-04	 9.926564E-05	 6.167084E-05	 3.298337E-05	 1.678195E-05
0.85294	-0.000000E+00	-1.299131E-02	-2.150991E-02	-3.297400E-03	-2.825746E-03	-1.009296E-04	 4.450812E-05	 4.408852E-04	 3.617855E-04	 3.308403E-04	 2.343390E-04	 1.673829E-04	 1.046254E-04	 6.588478E-05	 3.585612E-05	 1.868850E-05
0.85586	-0.000000E+00	-1.302913E-02	-2.174329E-02	-3.357113E-03	-2.922344E-03	-1.315857E-04	 1.759190E-05	 4.377168E-04	 3.621328E-04	 3.374667E-04	 2.411461E-04	 1.742941E-04	 1.101844E-04	 7.031645E-05	 3.892046E-05	 2.075533E-05
0.85878	-0.000000E+00	-1.306571E-02	-2.197937E-02	-3.417261E-03	-3.021727E-03	-1.635119E-04	-1.096744E-05	 4.338110E-04	 3.618521E-04	 3.439437E-04	 2.479355E-04	 1.813579E-04	 1.159430E-04	 7.497200E-05	 4.218514E-05	 2.299245E-05
0.86168	-0.000000E+00	-1.310104E-02	-2.221818E-02	-3.477814E-03	-3.123974E-03	-1.967409E-04	-4.124548E-05	 4.291235E-04	 3.608911E-04	 3.502442E-04	 2.546840E-04	 1.885668E-04	 1.219001E-04	 7.985686E-05	 4.565873E-05	 2.541004E-05
0.86458	-0.000000E+00	-1.313507E-02	-2.245971E-02	-3.538736E-03	-3.229143E-03	-2.312961E-04	-7.331288E-05	 4.236103E-04	 3.591953E-04	 3.563382E-04	 2.613648E-04	 1.959100E-04	 1.280522E-04	 8.497498E-05	 4.934892E-05	 2.801802E-05
0.86747	-0.000000E+00	-1.316775E-02	-2.270396E-02	-3.599964E-03	-3.337262E-03	-2.671862E-04	-1.072310E-04	 4.172297E-04	 3.567088E-04	 3.621925E-04	 2.679471E-04	 2.033737E-04	 1.343926E-04	 9.032805E-05	 5.326198E-05	 3.082557E-05
0.87034	-0.000000E+00	-1.319903E-02	-2.295095E-02	-3.661447E-03	-3.448381E-03	-3.044233E-04	-1.430665E-04	 4.099394E-04	 3.533740E-04	 3.677737E-04	 2.743987E-04	 2.109432E-04	 1.409141E-04	 9.591747E-05	 5.740404E-05	 3.384207E-05
0.87321	-0.000000E+00	-1.322888E-02	-2.320060E-02	-3.723140E-03	-3.562573E-03	-3.430362E-04	-1.809037E-04	 4.016885E-04	 3.491268E-04	 3.730460E-04	 2.806856E-04	 2.186041E-04	 1.476094E-04	 1.017454E-04	 6.178205E-05	 3.707784E-05
0.87607	-0.000000E+00	-1.325732E-02	-2.345288E-02	-3.785001E-03	-3.679898E-03	-3.830444E-04	-2.208207E-04	 3.924282E-04	 3.439019E-04	 3.779712E-04	 2.867701E-04	 2.263390E-04	 1.544683E-04	 1.078118E-04	 6.640149E-05	 4.054252E-05
0.87892	-0.000000E+00	-1.328436E-02	-2.370769E-02	-3.846958E-03	-3.800340E-03	-4.244379E-04	-2.628709E-04	 3.821165E-04	 3.376357E-04	 3.825073E-04	 2.926089E-04	 2.341247E-04	 1.614749E-04	 1.141122E-04	 7.126444E-05	 4.424346E-05
0.88176	-0.000000E+00	-1.330989E-02	-2.396482E-02	-3.908877E-03	-3.923804E-03	-4.671689E-04	-3.070752E-04	 3.707227E-04	 3.302692E-04	 3.866090E-04	 2.981527E-04	 2.419312E-04	 1.686064E-04	 1.206368E-04	 7.636862E-05	 4.818499E-05
0.88459	-0.000000E+00	-1.333394E-02	-2.422430E-02	-3.970668E-03	-4.050249E-03	-5.111975E-04	-3.534609E-04	 3.582200E-04	 3.217469E-04	 3.902346E-04	 3.033538E-04	 2.497293E-04	 1.758395E-04	 1.273746E-04	 8.171070E-05	 5.237074E-05
0.88741	-0.000000E+00	-1.335683E-02	-2.448600E-02	-4.032350E-03	-4.179803E-03	-5.565764E-04	-4.021425E-04	 3.445445E-04	 3.119891E-04	 3.933400E-04	 3.081672E-04	 2.574991E-04	 1.831594E-04	 1.343239E-04	 8.729450E-05	 5.681035E-05
0.89022	-0.000000E+00	-1.337886E-02	-2.474933E-02	-4.093898E-03	-4.312420E-03	-6.033249E-04	-4.531959E-04	 3.296304E-04	 3.009124E-04	 3.958675E-04	 3.125351E-04	 2.652083E-04	 1.905409E-04	 1.414748E-04	 9.311808E-05	 6.150958E-05
0.89303	-0.000000E+00	-1.340069E-02	-2.501452E-02	-4.155276E-03	-4.447807E-03	-6.513044E-04	-5.065180E-04	 3.134949E-04	 2.884931E-04	 3.977705E-04	 3.163971E-04	 2.728065E-04	 1.979372E-04	 1.487953E-04	 9.916006E-05	 6.645829E-05
0.89582	-0.000000E+00	-1.342254E-02	-2.528141E-02	-4.216348E-03	-4.585733E-03	-7.004017E-04	-5.620473E-04	 2.961406E-04	 2.746978E-04	 3.990039E-04	 3.196964E-04	 2.802485E-04	 2.053058E-04	 1.562571E-04	 1.054012E-04	 7.164761E-05
0.89861	-0.000000E+00	-1.344475E-02	-2.554950E-02	-4.277039E-03	-4.726346E-03	-7.506576E-04	-6.199303E-04	 2.774928E-04	 2.594290E-04	 3.995171E-04	 3.223803E-04	 2.875127E-04	 2.126273E-04	 1.638563E-04	 1.118423E-04	 7.708577E-05
0.90139	-0.000000E+00	-1.346993E-02	-2.581830E-02	-4.337866E-03	-4.869695E-03	-8.022300E-04	-6.802813E-04	 2.574272E-04	 2.425747E-04	 3.992191E-04	 3.243705E-04	 2.945494E-04	 2.198621E-04	 1.715736E-04	 1.184746E-04	 8.277477E-05
0.90416	-0.000000E+00	-1.350318E-02	-2.608969E-02	-4.400075E-03	-5.015902E-03	-8.553332E-04	-7.430893E-04	 2.358625E-04	 2.240923E-04	 3.980317E-04	 3.255998E-04	 3.012960E-04	 2.269560E-04	 1.793706E-04	 1.252725E-04	 8.870164E-05
0.90692	-0.000000E+00	-1.354452E-02	-2.636276E-02	-4.463519E-03	-5.164765E-03	-9.099051E-04	-8.083454E-04	 2.127623E-04	 2.039181E-04	 3.958894E-04	 3.259979E-04	 3.076979E-04	 2.338582E-04	 1.872143E-04	 1.322117E-04	 9.485485E-05
0.90967	-0.000000E+00	-1.359173E-02	-2.663653E-02	-4.527450E-03	-5.316213E-03	-9.657556E-04	-8.761011E-04	 1.881374E-04	 1.819844E-04	 3.927615E-04	 3.255107E-04	 3.137259E-04	 2.405348E-04	 1.950876E-04	 1.392781E-04	 1.012308E-04
0.91241	-0.000000E+00	-1.364570E-02	-2.691069E-02	-4.591994E-03	-5.469982E-03	-1.022825E-03	-9.462725E-04	 1.619823E-04	 1.582656E-04	 3.885922E-04	 3.240733E-04	 3.193185E-04	 2.469257E-04	 2.029460E-04	 1.464356E-04	 1.078075E-04
0.91515	-0.000000E+00	-1.370947E-02	-2.718606E-02	-4.657896E-03	-5.625786E-03	-1.081126E-03	-1.018678E-03	 1.343083E-04	 1.327897E-04	 3.833321E-04	 3.216332E-04	 3.244053E-04	 2.529622E-04	 2.107303E-04	 1.536352E-04	 1.145495E-04
0.91788	-0.000000E+00	-1.378296E-02	-2.746151E-02	-4.724972E-03	-5.783150E-03	-1.140479E-03	-1.093157E-03	 1.051561E-04	 1.055640E-04	 3.769427E-04	 3.181369E-04	 3.289270E-04	 2.585827E-04	 2.183895E-04	 1.608327E-04	 1.214255E-04
0.92060	-0.000000E+00	-1.386590E-02	-2.773662E-02	-4.793035E-03	-5.941915E-03	-1.200749E-03	-1.169648E-03	 7.455965E-05	 7.658144E-05	 3.694024E-04	 3.135438E-04	 3.328441E-04	 2.637417E-04	 2.258877E-04	 1.679949E-04	 1.284125E-04
0.92331	-0.000000E+00	-1.396021E-02	-2.801150E-02	-4.862587E-03	-6.102027E-03	-1.262015E-03	-1.248126E-03	 4.247949E-05	 4.582085E-05	 3.606582E-04	 3.078035E-04	 3.361025E-04	 2.683868E-04	 2.331815E-04	 1.750845E-04	 1.354841E-04
0.92601	-0.000000E+00	-1.406777E-02	-2.828615E-02	-4.934135E-03	-6.263262E-03	-1.324296E-03	-1.328480E-03	 8.914896E-06	 1.329627E-05	 3.506679E-04	 3.008732E-04	 3.386460E-04	 2.724615E-04	 2.402193E-04	 1.820567E-04	 1.426048E-04
0.92871	-0.000000E+00	-1.418888E-02	-2.856025E-02	-5.007751E-03	-6.425116E-03	-1.387429E-03	-1.410454E-03	-2.604612E-05	-2.091522E-05	 3.394238E-04	 2.927308E-04	 3.404255E-04	 2.759103E-04	 2.469446E-04	 1.888584E-04	 1.497293E-04
0.93140	-0.000000E+00	-1.432242E-02	-2.883428E-02	-5.083182E-03	-6.587315E-03	-1.451194E-03	-1.493832E-03	-6.227154E-05	-5.672455E-05	 3.269536E-04	 2.833741E-04	 3.414169E-04	 2.786949E-04	 2.533152E-04	 1.954456E-04	 1.568182E-04
0.93408	-0.000000E+00	-1.446709E-02	-2.910912E-02	-5.160236E-03	-6.750486E-03	-1.515692E-03	-1.578891E-03	-9.983078E-05	-9.426224E-05	 3.132088E-04	 2.727354E-04	 3.415963E-04	 2.807870E-04	 2.593234E-04	 2.018094E-04	 1.638730E-04
0.93675	-0.000000E+00	-1.462497E-02	-2.938704E-02	-5.239953E-03	-6.916732E-03	-1.581827E-03	-1.666717E-03	-1.392282E-04	-1.340378E-04	 2.979525E-04	 2.606073E-04	 3.408946E-04	 2.821417E-04	 2.649865E-04	 2.079769E-04	 1.709449E-04
0.93941	-0.000000E+00	-1.479947E-02	-2.967101E-02	-5.323935E-03	-7.088704E-03	-1.650861E-03	-1.758754E-03	-1.811817E-04	-1.767614E-04	 2.808298E-04	 2.466827E-04	 3.391902E-04	 2.826768E-04	 2.703116E-04	 2.139733E-04	 1.780974E-04
0.94207	-0.000000E+00	-1.498718E-02	-2.996120E-02	-5.411550E-03	-7.267122E-03	-1.722895E-03	-1.855520E-03	-2.258610E-04	-2.227651E-04	 2.616764E-04	 2.307478E-04	 3.363720E-04	 2.822779E-04	 2.752480E-04	 2.197539E-04	 1.853231E-04
0.94472	-0.000000E+00	-1.518073E-02	-3.025795E-02	-5.500796E-03	-7.451307E-03	-1.797048E-03	-1.956633E-03	-2.728496E-04	-2.719151E-04	 2.406031E-04	 2.127723E-04	 3.324079E-04	 2.808578E-04	 2.797268E-04	 2.252318E-04	 1.925584E-04
0.94736	-0.000000E+00	-1.537560E-02	-3.055994E-02	-5.590591E-03	-7.640374E-03	-1.872839E-03	-2.061764E-03	-3.219352E-04	-3.241551E-04	 2.176094E-04	 1.926694E-04	 3.272078E-04	 2.782949E-04	 2.836525E-04	 2.303055E-04	 1.997314E-04
0.95000	-0.000000E+00	-1.557233E-02	-3.087109E-02	-5.681507E-03	-7.836020E-03	-1.950763E-03	-2.171692E-03	-3.733743E-04	-3.798767E-04	 1.925194E-04	 1.702070E-04	 3.206509E-04	 2.744531E-04	 2.869626E-04	 2.349106E-04	 2.068249E-04
0.95263	-0.000000E+00	-1.577078E-02	-3.119249E-02	-5.773974E-03	-8.041713E-03	-2.032142E-03	-2.288726E-03	-4.281902E-04	-4.403808E-04	 1.647081E-04	 1.447181E-04	 3.124354E-04	 2.690553E-04	 2.895832E-04	 2.389962E-04	 2.138950E-04
0.95525	-0.000000E+00	-1.597036E-02	-3.152516E-02	-5.868128E-03	-8.260183E-03	-2.117916E-03	-2.414806E-03	-4.872094E-04	-5.068547E-04	 1.335910E-04	 1.155177E-04	 3.022109E-04	 2.617503E-04	 2.913683E-04	 2.424344E-04	 2.209364E-04
0.95786	-0.000000E+00	-1.616882E-02	-3.187000E-02	-5.963234E-03	-8.490509E-03	-2.207420E-03	-2.549425E-03	-5.500571E-04	-5.791821E-04	 9.919903E-05	 8.245907E-05	 2.897960E-04	 2.522765E-04	 2.920936E-04	 2.449802E-04	 2.277672E-04
0.96047	-0.000000E+00	-1.636148E-02	-3.222615E-02	-6.057845E-03	-8.730994E-03	-2.299640E-03	-2.691726E-03	-6.161545E-04	-6.570484E-04	 6.170648E-05	 4.551914E-05	 2.750894E-04	 2.404283E-04	 2.915601E-04	 2.463947E-04	 2.341970E-04
0.96307	-0.000000E+00	-1.654090E-02	-3.259094E-02	-6.149699E-03	-8.981590E-03	-2.393996E-03	-2.842199E-03	-6.854492E-04	-7.409144E-04	 2.099316E-05	 4.328664E-06	 2.578943E-04	 2.259007E-04	 2.895859E-04	 2.464556E-04	 2.401049E-04
0.96566	-0.000000E+00	-1.670402E-02	-3.296429E-02	-6.237751E-03	-9.243330E-03	-2.490413E-03	-3.001812E-03	-7.581412E-04	-8.314873E-04	-2.319441E-05	-4.161751E-05	 2.379335E-04	 2.083060E-04	 2.859347E-04	 2.448872E-04	 2.453388E-04
0.96825	-0.000000E+00	-1.685354E-02	-3.334733E-02	-6.322621E-03	-9.516922E-03	-2.589144E-03	-3.171231E-03	-8.344716E-04	-9.293445E-04	-7.112824E-05	-9.280006E-05	 2.148841E-04	 1.872184E-04	 2.802988E-04	 2.413458E-04	 2.496697E-04
0.97082	-0.000000E+00	-1.698976E-02	-3.373888E-02	-6.404028E-03	-9.801790E-03	-2.689857E-03	-3.350488E-03	-9.143527E-04	-1.034778E-03	-1.229128E-04	-1.495793E-04	 1.884879E-04	 1.622418E-04	 2.723629E-04	 2.354574E-04	 2.528215E-04
0.97340	-0.000000E+00	-1.710880E-02	-3.413928E-02	-6.480390E-03	-1.009770E-02	-2.791737E-03	-3.539646E-03	-9.974451E-04	-1.148055E-03	-1.784844E-04	-2.122695E-04	 1.585971E-04	 1.330228E-04	 2.618679E-04	 2.268628E-04	 2.545326E-04
0.97596	-0.000000E+00	-1.720713E-02	-3.454794E-02	-6.550237E-03	-1.040566E-02	-2.894543E-03	-3.739817E-03	-1.083955E-03	-1.270167E-03	-2.381485E-04	-2.816293E-04	 1.248416E-04	 9.896732E-05	 2.484342E-04	 2.150829E-04	 2.544899E-04
0.97852	-0.000000E+00	-1.728653E-02	-3.496836E-02	-6.613660E-03	-1.072962E-02	-2.999087E-03	-3.953945E-03	-1.174895E-03	-1.403231E-03	-3.027300E-04	-3.590829E-04	 8.654124E-05	 5.912031E-05	 2.315078E-04	 1.994556E-04	 2.522980E-04
0.98107	-0.000000E+00	-1.734769E-02	-3.539761E-02	-6.669942E-03	-1.107003E-02	-3.105073E-03	-4.183230E-03	-1.270597E-03	-1.548587E-03	-3.727227E-04	-4.457914E-04	 4.311162E-05	 1.254421E-05	 2.104714E-04	 1.792136E-04	 2.474103E-04
0.98362	-0.000000E+00	-1.739427E-02	-3.583777E-02	-6.719404E-03	-1.142504E-02	-3.211284E-03	-4.426332E-03	-1.370154E-03	-1.705721E-03	-4.476170E-04	-5.417685E-04	-5.362922E-06	-4.106633E-05	 1.850424E-04	 1.538619E-04	 2.393439E-04
0.98615	-0.000000E+00	-1.742641E-02	-3.628411E-02	-6.761238E-03	-1.179187E-02	-3.316353E-03	-4.682102E-03	-1.472847E-03	-1.874428E-03	-5.271028E-04	-6.472898E-04	-5.889143E-05	-1.021674E-04	 1.549118E-04	 1.228500E-04	 2.276058E-04
0.98869	-0.000000E+00	-1.744506E-02	-3.673685E-02	-6.795027E-03	-1.217130E-02	-3.419653E-03	-4.951552E-03	-1.578641E-03	-2.055747E-03	-6.113595E-04	-7.633554E-04	-1.177262E-04	-1.716079E-04	 1.196853E-04	 8.545728E-05	 2.116890E-04
0.99121	-0.000000E+00	-1.745062E-02	-3.719385E-02	-6.820222E-03	-1.256225E-02	-3.520067E-03	-5.234531E-03	-1.686996E-03	-2.250051E-03	-7.002932E-04	-8.906531E-04	-1.819722E-04	-2.501482E-04	 7.904504E-05	 4.095854E-05	 1.910879E-04
0.99373	-0.000000E+00	-1.744625E-02	-3.765568E-02	-6.837475E-03	-1.296313E-02	-3.616531E-03	-5.530064E-03	-1.797000E-03	-2.457012E-03	-7.935345E-04	-1.029377E-03	-2.514738E-04	-3.382772E-04	 3.292035E-05	-1.121780E-05	 1.654671E-04
0.99624	-0.000000E+00	-1.743152E-02	-3.812158E-02	-6.846229E-03	-1.337368E-02	-3.707921E-03	-5.838683E-03	-1.908334E-03	-2.677502E-03	-8.911296E-04	-1.180575E-03	-3.263382E-04	-4.370225E-04	-1.893740E-05	-7.191975E-05	 1.343567E-04
0.99875	-0.000000E+00	-1.740629E-02	-3.859336E-02	-6.845873E-03	-1.379482E-02	-3.793140E-03	-6.161564E-03	-2.020791E-03	-2.912727E-03	-9.929271E-04	-1.345606E-03	-4.066248E-04	-5.476848E-04	-7.688522E-05	-1.422084E-04	 9.709668E-05
