r	phip	iota	I	g	pr
0.05000	-1.341531E+01	 1.176019E+00	 1.730695E-02	 5.346380E+01	 2.625305E+06
0.08660	-1.341531E+01	 1.087391E+00	 4.808750E-02	 5.347185E+01	 2.542058E+06
0.11180	-1.341531E+01	 1.077925E+00	 7.953921E-02	 5.344348E+01	 2.530911E+06
0.13229	-1.341531E+01	 1.076034E+00	 1.112760E-01	 5.342397E+01	 2.502418E+06
0.15000	-1.341531E+01	 1.076103E+00	 1.432345E-01	 5.341548E+01	 2.452060E+06
0.16583	-1.341531E+01	 1.076690E+00	 1.753490E-01	 5.341205E+01	 2.391452E+06
0.18028	-1.341531E+01	 1.077033E+00	 2.075083E-01	 5.340844E+01	 2.330993E+06
0.19365	-1.341531E+01	 1.077006E+00	 2.396599E-01	 5.340400E+01	 2.272099E+06
0.20616	-1.341531E+01	 1.076722E+00	 2.717946E-01	 5.339839E+01	 2.215444E+06
0.21794	-1.341531E+01	 1.076231E+00	 3.038882E-01	 5.338974E+01	 2.164778E+06
0.22913	-1.341531E+01	 1.075470E+00	 3.358977E-01	 5.337864E+01	 2.119061E+06
0.23979	-1.341531E+01	 1.074560E+00	 3.678313E-01	 5.336462E+01	 2.079239E+06
0.25000	-1.341531E+01	 1.073444E+00	 3.996560E-01	 5.334856E+01	 2.043674E+06
0.25981	-1.341531E+01	 1.072291E+00	 4.314324E-01	 5.333196E+01	 2.009323E+06
0.26926	-1.341531E+01	 1.071067E+00	 4.631432E-01	 5.331476E+01	 1.976349E+06
0.27839	-1.341531E+01	 1.069844E+00	 4.948205E-01	 5.329742E+01	 1.943782E+06
0.28723	-1.341531E+01	 1.068676E+00	 5.264950E-01	 5.328033E+01	 1.910793E+06
0.29580	-1.341531E+01	 1.067511E+00	 5.581419E-01	 5.326318E+01	 1.878044E+06
0.30414	-1.341531E+01	 1.066335E+00	 5.897486E-01	 5.324560E+01	 1.846273E+06
0.31225	-1.341531E+01	 1.065124E+00	 6.212965E-01	 5.322749E+01	 1.815718E+06
0.32016	-1.341531E+01	 1.063893E+00	 6.527912E-01	 5.320899E+01	 1.786113E+06
0.32787	-1.341531E+01	 1.062631E+00	 6.842197E-01	 5.318984E+01	 1.757983E+06
0.33541	-1.341531E+01	 1.061312E+00	 7.155601E-01	 5.317005E+01	 1.731352E+06
0.34278	-1.341531E+01	 1.059981E+00	 7.468416E-01	 5.314985E+01	 1.705734E+06
0.35000	-1.341531E+01	 1.058645E+00	 7.780725E-01	 5.312944E+01	 1.680710E+06
0.35707	-1.341531E+01	 1.057279E+00	 8.092342E-01	 5.310889E+01	 1.656169E+06
0.36401	-1.341531E+01	 1.055864E+00	 8.403156E-01	 5.308841E+01	 1.631738E+06
0.37081	-1.341531E+01	 1.054357E+00	 8.712799E-01	 5.306810E+01	 1.607307E+06
0.37749	-1.341531E+01	 1.052748E+00	 9.021123E-01	 5.304801E+01	 1.582776E+06
0.38406	-1.341531E+01	 1.051039E+00	 9.328063E-01	 5.302815E+01	 1.558193E+06
0.39051	-1.341531E+01	 1.049237E+00	 9.633590E-01	 5.300849E+01	 1.533578E+06
0.39686	-1.341531E+01	 1.047335E+00	 9.937536E-01	 5.298894E+01	 1.509191E+06
0.40311	-1.341531E+01	 1.045340E+00	 1.023987E+00	 5.296947E+01	 1.485095E+06
0.40927	-1.341531E+01	 1.043214E+00	 1.054011E+00	 5.294996E+01	 1.461592E+06
0.41533	-1.341531E+01	 1.040931E+00	 1.083788E+00	 5.293052E+01	 1.438609E+06
0.42131	-1.341531E+01	 1.038453E+00	 1.113265E+00	 5.291113E+01	 1.416262E+06
0.42720	-1.341531E+01	 1.035732E+00	 1.142377E+00	 5.289188E+01	 1.394523E+06
0.43301	-1.341531E+01	 1.032771E+00	 1.171108E+00	 5.287279E+01	 1.373414E+06
0.43875	-1.341531E+01	 1.029523E+00	 1.199386E+00	 5.285399E+01	 1.352821E+06
0.44441	-1.341531E+01	 1.025996E+00	 1.227197E+00	 5.283550E+01	 1.332730E+06
0.45000	-1.341531E+01	 1.022161E+00	 1.254489E+00	 5.281748E+01	 1.312985E+06
0.45552	-1.341531E+01	 1.018022E+00	 1.281242E+00	 5.279996E+01	 1.293529E+06
0.46098	-1.341531E+01	 1.013573E+00	 1.307426E+00	 5.278303E+01	 1.274257E+06
0.46637	-1.341531E+01	 1.008821E+00	 1.333026E+00	 5.276675E+01	 1.255112E+06
0.47170	-1.341531E+01	 1.003776E+00	 1.358030E+00	 5.275114E+01	 1.236059E+06
0.47697	-1.341531E+01	 9.984435E-01	 1.382422E+00	 5.273623E+01	 1.217090E+06
0.48218	-1.341531E+01	 9.928076E-01	 1.406159E+00	 5.272206E+01	 1.198183E+06
0.48734	-1.341531E+01	 9.868818E-01	 1.429231E+00	 5.270862E+01	 1.179407E+06
0.49244	-1.341531E+01	 9.806702E-01	 1.451621E+00	 5.269591E+01	 1.160769E+06
0.49749	-1.341531E+01	 9.742128E-01	 1.473359E+00	 5.268381E+01	 1.142472E+06
0.50249	-1.341531E+01	 9.674963E-01	 1.494403E+00	 5.267238E+01	 1.124445E+06
0.50744	-1.341531E+01	 9.605657E-01	 1.514797E+00	 5.266149E+01	 1.106867E+06
0.51235	-1.341531E+01	 9.534018E-01	 1.534493E+00	 5.265121E+01	 1.089678E+06
0.51720	-1.341531E+01	 9.460635E-01	 1.553561E+00	 5.264141E+01	 1.072995E+06
0.52202	-1.341531E+01	 9.385363E-01	 1.571960E+00	 5.263213E+01	 1.056802E+06
0.52678	-1.341531E+01	 9.308787E-01	 1.589771E+00	 5.262329E+01	 1.041106E+06
0.53151	-1.341531E+01	 9.230698E-01	 1.606945E+00	 5.261492E+01	 1.025924E+06
0.53619	-1.341531E+01	 9.151591E-01	 1.623554E+00	 5.260698E+01	 1.011159E+06
0.54083	-1.341531E+01	 9.071365E-01	 1.639573E+00	 5.259949E+01	 9.968357E+05
0.54544	-1.341531E+01	 8.990393E-01	 1.655057E+00	 5.259244E+01	 9.828510E+05
0.55000	-1.341531E+01	 8.908693E-01	 1.670003E+00	 5.258582E+01	 9.692024E+05
0.55453	-1.341531E+01	 8.826420E-01	 1.684434E+00	 5.257963E+01	 9.558472E+05
0.55902	-1.341531E+01	 8.743778E-01	 1.698384E+00	 5.257386E+01	 9.427302E+05
0.56347	-1.341531E+01	 8.660690E-01	 1.711833E+00	 5.256851E+01	 9.298661E+05
0.56789	-1.341531E+01	 8.577517E-01	 1.724849E+00	 5.256355E+01	 9.171728E+05
0.57228	-1.341531E+01	 8.494237E-01	 1.737425E+00	 5.255897E+01	 9.046737E+05
0.57663	-1.341531E+01	 8.410884E-01	 1.749569E+00	 5.255479E+01	 8.923263E+05
0.58095	-1.341531E+01	 8.327586E-01	 1.761304E+00	 5.255096E+01	 8.801307E+05
0.58523	-1.341531E+01	 8.244498E-01	 1.772662E+00	 5.254746E+01	 8.681008E+05
0.58949	-1.341531E+01	 8.161582E-01	 1.783636E+00	 5.254428E+01	 8.562324E+05
0.59372	-1.341531E+01	 8.078926E-01	 1.794246E+00	 5.254140E+01	 8.445439E+05
0.59791	-1.341531E+01	 7.996673E-01	 1.804523E+00	 5.253876E+01	 8.330591E+05
0.60208	-1.341531E+01	 7.914714E-01	 1.814446E+00	 5.253639E+01	 8.217599E+05
0.60622	-1.341531E+01	 7.833254E-01	 1.824062E+00	 5.253423E+01	 8.106823E+05
0.61033	-1.341531E+01	 7.752211E-01	 1.833358E+00	 5.253230E+01	 7.998146E+05
0.61441	-1.341531E+01	 7.671697E-01	 1.842360E+00	 5.253054E+01	 7.891661E+05
0.61847	-1.341531E+01	 7.591762E-01	 1.851085E+00	 5.252896E+01	 7.787471E+05
0.62249	-1.341531E+01	 7.512349E-01	 1.859523E+00	 5.252755E+01	 7.685495E+05
0.62650	-1.341531E+01	 7.433638E-01	 1.867721E+00	 5.252626E+01	 7.585769E+05
0.63048	-1.341531E+01	 7.355554E-01	 1.875666E+00	 5.252512E+01	 7.488345E+05
0.63443	-1.341531E+01	 7.278196E-01	 1.883388E+00	 5.252408E+01	 7.393049E+05
0.63836	-1.341531E+01	 7.201599E-01	 1.890900E+00	 5.252316E+01	 7.299854E+05
0.64226	-1.341531E+01	 7.125710E-01	 1.898197E+00	 5.252233E+01	 7.208787E+05
0.64614	-1.341531E+01	 7.050628E-01	 1.905309E+00	 5.252160E+01	 7.119509E+05
0.65000	-1.341531E+01	 6.976305E-01	 1.912232E+00	 5.252096E+01	 7.032168E+05
0.65383	-1.341531E+01	 6.902761E-01	 1.918975E+00	 5.252040E+01	 6.946634E+05
0.65765	-1.341531E+01	 6.830049E-01	 1.925563E+00	 5.251992E+01	 6.862662E+05
0.66144	-1.341531E+01	 6.758157E-01	 1.931995E+00	 5.251950E+01	 6.780273E+05
0.66521	-1.341531E+01	 6.687117E-01	 1.938290E+00	 5.251915E+01	 6.699379E+05
0.66895	-1.341531E+01	 6.616905E-01	 1.944449E+00	 5.251886E+01	 6.620039E+05
0.67268	-1.341531E+01	 6.547491E-01	 1.950468E+00	 5.251862E+01	 6.542354E+05
0.67639	-1.341531E+01	 6.478882E-01	 1.956358E+00	 5.251841E+01	 6.466360E+05
0.68007	-1.341531E+01	 6.411089E-01	 1.962128E+00	 5.251824E+01	 6.392028E+05
0.68374	-1.341531E+01	 6.344120E-01	 1.967787E+00	 5.251810E+01	 6.319286E+05
0.68739	-1.341531E+01	 6.277969E-01	 1.973341E+00	 5.251799E+01	 6.248113E+05
0.69101	-1.341531E+01	 6.212625E-01	 1.978794E+00	 5.251789E+01	 6.178540E+05
0.69462	-1.341531E+01	 6.148075E-01	 1.984149E+00	 5.251782E+01	 6.110438E+05
0.69821	-1.341531E+01	 6.084322E-01	 1.989414E+00	 5.251776E+01	 6.043806E+05
0.70178	-1.341531E+01	 6.021371E-01	 1.994597E+00	 5.251770E+01	 5.978672E+05
0.70534	-1.341531E+01	 5.959198E-01	 1.999699E+00	 5.251767E+01	 5.914908E+05
0.70887	-1.341531E+01	 5.897810E-01	 2.004727E+00	 5.251763E+01	 5.852547E+05
0.71239	-1.341531E+01	 5.837203E-01	 2.009688E+00	 5.251760E+01	 5.791596E+05
0.71589	-1.341531E+01	 5.777337E-01	 2.014576E+00	 5.251757E+01	 5.731937E+05
0.71937	-1.341531E+01	 5.718231E-01	 2.019404E+00	 5.251754E+01	 5.673625E+05
0.72284	-1.341531E+01	 5.659870E-01	 2.024175E+00	 5.251750E+01	 5.616630E+05
0.72629	-1.341531E+01	 5.602209E-01	 2.028880E+00	 5.251747E+01	 5.560836E+05
0.72973	-1.341531E+01	 5.545273E-01	 2.033534E+00	 5.251743E+01	 5.506321E+05
0.73314	-1.341531E+01	 5.489037E-01	 2.038136E+00	 5.251739E+01	 5.453014E+05
0.73655	-1.341531E+01	 5.433460E-01	 2.042679E+00	 5.251735E+01	 5.400797E+05
0.73993	-1.341531E+01	 5.378574E-01	 2.047180E+00	 5.251730E+01	 5.349764E+05
0.74330	-1.341531E+01	 5.324343E-01	 2.051633E+00	 5.251725E+01	 5.299815E+05
0.74666	-1.341531E+01	 5.270731E-01	 2.056033E+00	 5.251720E+01	 5.250836E+05
0.75000	-1.341531E+01	 5.217775E-01	 2.060399E+00	 5.251714E+01	 5.202923E+05
0.75333	-1.341531E+01	 5.165430E-01	 2.064721E+00	 5.251707E+01	 5.155975E+05
0.75664	-1.341531E+01	 5.113653E-01	 2.068990E+00	 5.251702E+01	 5.109880E+05
0.75993	-1.341531E+01	 5.062487E-01	 2.073229E+00	 5.251695E+01	 5.064725E+05
0.76322	-1.341531E+01	 5.011884E-01	 2.077426E+00	 5.251688E+01	 5.020434E+05
0.76649	-1.341531E+01	 4.961790E-01	 2.081569E+00	 5.251683E+01	 4.976903E+05
0.76974	-1.341531E+01	 4.912251E-01	 2.085679E+00	 5.251677E+01	 4.934197E+05
0.77298	-1.341531E+01	 4.863230E-01	 2.089751E+00	 5.251671E+01	 4.892279E+05
0.77621	-1.341531E+01	 4.814661E-01	 2.093764E+00	 5.251666E+01	 4.851061E+05
0.77942	-1.341531E+01	 4.766582E-01	 2.097740E+00	 5.251662E+01	 4.810596E+05
0.78262	-1.341531E+01	 4.718973E-01	 2.101677E+00	 5.251657E+01	 4.770871E+05
0.78581	-1.341531E+01	 4.671768E-01	 2.105553E+00	 5.251654E+01	 4.731810E+05
0.78899	-1.341531E+01	 4.625010E-01	 2.109392E+00	 5.251651E+01	 4.693457E+05
0.79215	-1.341531E+01	 4.578695E-01	 2.113198E+00	 5.251648E+01	 4.655811E+05
0.79530	-1.341531E+01	 4.532727E-01	 2.116936E+00	 5.251647E+01	 4.618774E+05
0.79844	-1.341531E+01	 4.487186E-01	 2.120643E+00	 5.251645E+01	 4.582392E+05
0.80156	-1.341531E+01	 4.442115E-01	 2.124345E+00	 5.251642E+01	 4.546691E+05
0.80467	-1.341531E+01	 4.397301E-01	 2.127962E+00	 5.251642E+01	 4.511536E+05
0.80777	-1.341531E+01	 4.352772E-01	 2.131515E+00	 5.251644E+01	 4.476932E+05
0.81086	-1.341531E+01	 4.308588E-01	 2.135040E+00	 5.251645E+01	 4.442905E+05
0.81394	-1.341531E+01	 4.264549E-01	 2.138460E+00	 5.251650E+01	 4.409364E+05
0.81701	-1.341531E+01	 4.220633E-01	 2.141776E+00	 5.251659E+01	 4.376303E+05
0.82006	-1.341531E+01	 4.176925E-01	 2.145031E+00	 5.251669E+01	 4.343764E+05
0.82310	-1.341531E+01	 4.133350E-01	 2.148199E+00	 5.251681E+01	 4.311727E+05
0.82614	-1.341531E+01	 4.089802E-01	 2.151244E+00	 5.251698E+01	 4.280161E+05
0.82916	-1.341531E+01	 4.046308E-01	 2.154186E+00	 5.251718E+01	 4.249088E+05
0.83217	-1.341531E+01	 4.002869E-01	 2.157031E+00	 5.251741E+01	 4.218505E+05
0.83516	-1.341531E+01	 3.959438E-01	 2.159763E+00	 5.251767E+01	 4.188364E+05
0.83815	-1.341531E+01	 3.916020E-01	 2.162390E+00	 5.251796E+01	 4.158674E+05
0.84113	-1.341531E+01	 3.872620E-01	 2.164918E+00	 5.251828E+01	 4.129446E+05
0.84410	-1.341531E+01	 3.829249E-01	 2.167357E+00	 5.251863E+01	 4.100631E+05
0.84705	-1.341531E+01	 3.785886E-01	 2.169703E+00	 5.251900E+01	 4.072233E+05
0.85000	-1.341531E+01	 3.742506E-01	 2.171953E+00	 5.251939E+01	 4.044272E+05
0.85294	-1.341531E+01	 3.699087E-01	 2.174103E+00	 5.251982E+01	 4.016734E+05
0.85586	-1.341531E+01	 3.655619E-01	 2.176158E+00	 5.252026E+01	 3.989594E+05
0.85878	-1.341531E+01	 3.612098E-01	 2.178120E+00	 5.252073E+01	 3.962855E+05
0.86168	-1.341531E+01	 3.568515E-01	 2.179991E+00	 5.252122E+01	 3.936510E+05
0.86458	-1.341531E+01	 3.524879E-01	 2.181779E+00	 5.252173E+01	 3.910539E+05
0.86747	-1.341531E+01	 3.481207E-01	 2.183495E+00	 5.252226E+01	 3.884972E+05
0.87034	-1.341531E+01	 3.437516E-01	 2.185152E+00	 5.252279E+01	 3.859845E+05
0.87321	-1.341531E+01	 3.393790E-01	 2.186746E+00	 5.252333E+01	 3.835137E+05
0.87607	-1.341531E+01	 3.350038E-01	 2.188284E+00	 5.252388E+01	 3.810801E+05
0.87892	-1.341531E+01	 3.306290E-01	 2.189781E+00	 5.252443E+01	 3.786803E+05
0.88176	-1.341531E+01	 3.262596E-01	 2.191258E+00	 5.252498E+01	 3.763184E+05
0.88459	-1.341531E+01	 3.219015E-01	 2.192745E+00	 5.252550E+01	 3.740057E+05
0.88741	-1.341531E+01	 3.175516E-01	 2.194231E+00	 5.252602E+01	 3.717120E+05
0.89022	-1.341531E+01	 3.132059E-01	 2.195685E+00	 5.252657E+01	 3.694036E+05
0.89303	-1.341531E+01	 3.088868E-01	 2.197219E+00	 5.252712E+01	 3.670279E+05
0.89582	-1.341531E+01	 3.046040E-01	 2.198875E+00	 5.252768E+01	 3.645758E+05
0.89861	-1.341531E+01	 3.003452E-01	 2.200587E+00	 5.252824E+01	 3.620668E+05
0.90139	-1.341531E+01	 2.961068E-01	 2.202330E+00	 5.252888E+01	 3.593865E+05
0.90416	-1.341531E+01	 2.919263E-01	 2.204354E+00	 5.252980E+01	 3.558562E+05
0.90692	-1.341531E+01	 2.877964E-01	 2.206600E+00	 5.253097E+01	 3.516343E+05
0.90967	-1.341531E+01	 2.837011E-01	 2.208955E+00	 5.253227E+01	 3.470253E+05
0.91241	-1.341531E+01	 2.796483E-01	 2.211450E+00	 5.253374E+01	 3.419587E+05
0.91515	-1.341531E+01	 2.756677E-01	 2.214260E+00	 5.253548E+01	 3.360474E+05
0.91788	-1.341531E+01	 2.717576E-01	 2.217339E+00	 5.253747E+01	 3.294114E+05
0.92060	-1.341531E+01	 2.679158E-01	 2.220661E+00	 5.253966E+01	 3.221656E+05
0.92331	-1.341531E+01	 2.641466E-01	 2.224256E+00	 5.254213E+01	 3.140901E+05
0.92601	-1.341531E+01	 2.604577E-01	 2.228167E+00	 5.254494E+01	 3.050545E+05
0.92871	-1.341531E+01	 2.568560E-01	 2.232418E+00	 5.254807E+01	 2.950581E+05
0.93140	-1.341531E+01	 2.533465E-01	 2.237053E+00	 5.255148E+01	 2.841653E+05
0.93408	-1.341531E+01	 2.499057E-01	 2.241995E+00	 5.255509E+01	 2.726159E+05
0.93675	-1.341531E+01	 2.464880E-01	 2.247132E+00	 5.255904E+01	 2.601635E+05
0.93941	-1.341531E+01	 2.430474E-01	 2.252377E+00	 5.256348E+01	 2.464942E+05
0.94207	-1.341531E+01	 2.395544E-01	 2.257606E+00	 5.256839E+01	 2.317499E+05
0.94472	-1.341531E+01	 2.360237E-01	 2.262889E+00	 5.257336E+01	 2.168031E+05
0.94736	-1.341531E+01	 2.324544E-01	 2.268184E+00	 5.257840E+01	 2.017136E+05
0.95000	-1.341531E+01	 2.288449E-01	 2.273647E+00	 5.258344E+01	 1.865075E+05
0.95263	-1.341531E+01	 2.251080E-01	 2.278929E+00	 5.258860E+01	 1.711176E+05
0.95525	-1.341531E+01	 2.211874E-01	 2.283819E+00	 5.259393E+01	 1.555756E+05
0.95786	-1.341531E+01	 2.171271E-01	 2.288581E+00	 5.259927E+01	 1.400562E+05
0.96047	-1.341531E+01	 2.129695E-01	 2.293401E+00	 5.260451E+01	 1.247494E+05
0.96307	-1.341531E+01	 2.086897E-01	 2.298060E+00	 5.260942E+01	 1.103451E+05
0.96566	-1.341531E+01	 2.042708E-01	 2.302492E+00	 5.261396E+01	 9.697987E+04
0.96825	-1.341531E+01	 1.997241E-01	 2.306829E+00	 5.261818E+01	 8.443033E+04
0.97082	-1.341531E+01	 1.950620E-01	 2.311117E+00	 5.262217E+01	 7.251813E+04
0.97340	-1.341531E+01	 1.903004E-01	 2.315460E+00	 5.262570E+01	 6.169374E+04
0.97596	-1.341531E+01	 1.854110E-01	 2.319732E+00	 5.262877E+01	 5.207255E+04
0.97852	-1.341531E+01	 1.803561E-01	 2.323937E+00	 5.263140E+01	 4.357786E+04
0.98107	-1.341531E+01	 1.751104E-01	 2.327877E+00	 5.263370E+01	 3.611146E+04
0.98362	-1.341531E+01	 1.697584E-01	 2.332077E+00	 5.263563E+01	 2.944398E+04
0.98615	-1.341531E+01	 1.643242E-01	 2.336480E+00	 5.263724E+01	 2.353872E+04
0.98869	-1.341531E+01	 1.588095E-01	 2.341128E+00	 5.263851E+01	 1.840490E+04
0.99121	-1.341531E+01	 1.532231E-01	 2.345998E+00	 5.263948E+01	 1.401304E+04
0.99373	-1.341531E+01	 1.476055E-01	 2.351341E+00	 5.264018E+01	 1.014749E+04
0.99624	-1.341531E+01	 1.419495E-01	 2.357138E+00	 5.264061E+01	 6.841853E+03
0.99875	-1.341531E+01	 1.362387E-01	 2.363468E+00	 5.264074E+01	 4.178381E+03
