R(  2)	Z(  2)	R(  5)	Z(  5)	R(  9)	Z(  9)	R( 16)	Z( 16)	R( 24)	Z( 24)	R( 33)	Z( 33)	R( 45)	Z( 45)	R( 58)	Z( 58)	R( 73)	Z( 73)	R( 90)	Z( 90)	R(109)	Z(109)	R(129)	Z(129)	R(151)	Z(151)	R(175)	Z(175)	R(201)	Z(201)
 4.751658E+00	-2.554946E-04	 4.861685E+00	-2.928336E-04	 4.942436E+00	-3.024527E-04	 5.040407E+00	-3.085043E-04	 5.125615E+00	-3.108642E-04	 5.204509E+00	-3.141579E-04	 5.293142E+00	-3.240039E-04	 5.374698E+00	-3.356560E-04	 5.454790E+00	-3.380553E-04	 5.531383E+00	-3.107794E-04	 5.602995E+00	-2.513397E-04	 5.665785E+00	-2.454469E-04	 5.722425E+00	-3.646447E-04	 5.769788E+00	-7.631132E-04	 5.803166E+00	 8.289354E-03
 4.751513E+00	 5.266154E-03	 4.861251E+00	 1.498911E-02	 4.941734E+00	 2.279202E-02	 5.039326E+00	 3.279998E-02	 5.124158E+00	 4.182565E-02	 5.202653E+00	 5.056493E-02	 5.290739E+00	 6.123298E-02	 5.371598E+00	 7.289047E-02	 5.450674E+00	 8.722374E-02	 5.525740E+00	 1.051908E-01	 5.595029E+00	 1.277344E-01	 5.654388E+00	 1.550829E-01	 5.704802E+00	 1.949386E-01	 5.736609E+00	 2.696942E-01	 5.682257E+00	 5.223282E-01
 4.751080E+00	 1.076450E-02	 4.859957E+00	 3.019943E-02	 4.939648E+00	 4.576678E-02	 5.036119E+00	 6.572139E-02	 5.119841E+00	 8.370996E-02	 5.197157E+00	 1.011233E-01	 5.283632E+00	 1.223737E-01	 5.362440E+00	 1.455728E-01	 5.438542E+00	 1.740538E-01	 5.509154E+00	 2.096769E-01	 5.571719E+00	 2.542742E-01	 5.621217E+00	 3.083161E-01	 5.653940E+00	 3.868440E-01	 5.643159E+00	 5.321568E-01	 5.402025E+00	 9.743816E-01
 4.750362E+00	 1.621631E-02	 4.857813E+00	 4.526666E-02	 4.936195E+00	 6.850284E-02	 5.030817E+00	 9.827010E-02	 5.112715E+00	 1.250921E-01	 5.188099E+00	 1.510434E-01	 5.271939E+00	 1.826863E-01	 5.347411E+00	 2.171730E-01	 5.418705E+00	 2.594234E-01	 5.482182E+00	 3.121233E-01	 5.534116E+00	 3.778758E-01	 5.568321E+00	 4.572101E-01	 5.574516E+00	 5.714560E-01	 5.505353E+00	 7.768397E-01	 5.101418E+00	 1.316739E+00
 4.749363E+00	 2.159860E-02	 4.854831E+00	 6.012013E-02	 4.931404E+00	 9.088342E-02	 5.023476E+00	 1.302646E-01	 5.102865E+00	 1.657285E-01	 5.175601E+00	 2.000168E-01	 5.255851E+00	 2.417721E-01	 5.326811E+00	 2.871699E-01	 5.391660E+00	 3.426245E-01	 5.445707E+00	 4.115222E-01	 5.483882E+00	 4.970353E-01	 5.498912E+00	 5.994294E-01	 5.473724E+00	 7.445692E-01	 5.345379E+00	 9.938483E-01	 4.856784E+00	 1.551902E+00
 4.748086E+00	 2.688875E-02	 4.851033E+00	 7.469044E-02	 4.925312E+00	 1.127950E-01	 5.014168E+00	 1.615296E-01	 5.090405E+00	 2.053848E-01	 5.159832E+00	 2.477479E-01	 5.235624E+00	 2.992511E-01	 5.301034E+00	 3.550691E-01	 5.358062E+00	 4.229835E-01	 5.400881E+00	 5.069077E-01	 5.423153E+00	 6.102956E-01	 5.417034E+00	 7.327007E-01	 5.360156E+00	 9.022657E-01	 5.184048E+00	 1.177028E+00	 4.671663E+00	 1.713454E+00
 4.746538E+00	 3.206463E-02	 4.846440E+00	 8.890982E-02	 4.917970E+00	 1.341281E-01	 5.002983E+00	 1.918975E-01	 5.075477E+00	 2.438384E-01	 5.140996E+00	 2.939576E-01	 5.211564E+00	 3.547672E-01	 5.270554E+00	 4.204098E-01	 5.318683E+00	 4.998751E-01	 5.349047E+00	 5.973858E-01	 5.354365E+00	 7.163263E-01	 5.327102E+00	 8.550425E-01	 5.242160E+00	 1.041702E+00	 5.034679E+00	 1.325884E+00	 4.529283E+00	 1.830201E+00
 4.744727E+00	 3.710469E-02	 4.841082E+00	 1.027126E-01	 4.909433E+00	 1.547785E-01	 4.990029E+00	 2.212102E-01	 5.058243E+00	 2.808809E-01	 5.119325E+00	 3.383866E-01	 5.184021E+00	 4.079922E-01	 5.235899E+00	 4.827716E-01	 5.274375E+00	 5.727349E-01	 5.291652E+00	 6.821678E-01	 5.280038E+00	 8.140162E-01	 5.233333E+00	 9.650184E-01	 5.126300E+00	 1.161730E+00	 4.902571E+00	 1.444490E+00	 4.417643E+00	 1.917718E+00
 4.742660E+00	 4.198804E-02	 4.834992E+00	 1.160354E-01	 4.899768E+00	 1.746472E-01	 4.975424E+00	 2.493201E-01	 5.038886E+00	 3.163198E-01	 5.095077E+00	 3.807972E-01	 5.153369E+00	 4.586291E-01	 5.197630E+00	 5.417798E-01	 5.226023E+00	 6.410724E-01	 5.230154E+00	 7.606029E-01	 5.202554E+00	 9.025606E-01	 5.139262E+00	 1.061917E+00	 5.016709E+00	 1.262923E+00	 4.787949E+00	 1.538650E+00	 4.329094E+00	 1.984663E+00
 4.740348E+00	 4.669457E-02	 4.828207E+00	 1.288182E-01	 4.889045E+00	 1.936421E-01	 4.959298E+00	 2.760917E-01	 5.017599E+00	 3.499798E-01	 5.068522E+00	 4.209755E-01	 5.120000E+00	 5.064143E-01	 5.156320E+00	 5.971094E-01	 5.174510E+00	 7.044809E-01	 5.165936E+00	 8.322061E-01	 5.123986E+00	 9.815157E-01	 5.047491E+00	 1.145769E+00	 4.915385E+00	 1.347024E+00	 4.688931E+00	 1.613698E+00	 4.258037E+00	 2.036662E+00
 4.737801E+00	 5.120502E-02	 4.820769E+00	 1.410038E-01	 4.877343E+00	 2.116776E-01	 4.941788E+00	 3.014019E-01	 4.994585E+00	 3.817044E-01	 5.039938E+00	 4.587324E-01	 5.084308E+00	 5.511190E-01	 5.112534E+00	 6.484881E-01	 5.120678E+00	 7.626456E-01	 5.100243E+00	 8.966731E-01	 5.045989E+00	 1.050801E+00	 4.959690E+00	 1.217198E+00	 4.822860E+00	 1.416252E+00	 4.603146E+00	 1.673780E+00	 4.200156E+00	 2.077664E+00
 4.735031E+00	 5.550106E-02	 4.812723E+00	 1.525391E-01	 4.864744E+00	 2.286759E-01	 4.923037E+00	 3.251410E-01	 4.970053E+00	 4.113558E-01	 5.009608E+00	 4.939042E-01	 5.046683E+00	 5.925503E-01	 5.066817E+00	 6.956981E-01	 5.065301E+00	 8.153472E-01	 5.034135E+00	 9.538807E-01	 4.969786E+00	 1.110650E+00	 4.876757E+00	 1.277203E+00	 4.738820E+00	 1.472813E+00	 4.528351E+00	 1.721964E+00	 4.152205E+00	 2.110454E+00
 4.732049E+00	 5.956536E-02	 4.804116E+00	 1.633751E-01	 4.851334E+00	 2.445669E-01	 4.903191E+00	 3.472126E-01	 4.944210E+00	 4.388157E-01	 4.977808E+00	 5.263529E-01	 5.007500E+00	 6.305507E-01	 5.019676E+00	 7.385761E-01	 5.009071E+00	 8.624610E-01	 4.968472E+00	 1.003872E+00	 4.896195E+00	 1.161535E+00	 4.799020E+00	 1.326945E+00	 4.662536E+00	 1.518662E+00	 4.462602E+00	 1.760524E+00	 4.111810E+00	 2.136972E+00
 4.728870E+00	 6.338162E-02	 4.794999E+00	 1.734673E-01	 4.837201E+00	 2.592885E-01	 4.882396E+00	 3.675344E-01	 4.917262E+00	 4.639852E-01	 4.944808E+00	 5.559659E-01	 4.967115E+00	 6.649977E-01	 4.971579E+00	 7.770124E-01	 4.952582E+00	 9.039520E-01	 4.903916E+00	 1.046832E+00	 4.825700E+00	 1.204076E+00	 4.726431E+00	 1.367593E+00	 4.593131E+00	 1.555431E+00	 4.404282E+00	 1.791171E+00	 4.077263E+00	 2.158559E+00
 4.725507E+00	 6.693469E-02	 4.785424E+00	 1.827760E-01	 4.822433E+00	 2.727869E-01	 4.860798E+00	 3.860373E-01	 4.889412E+00	 4.867843E-01	 4.910865E+00	 5.826552E-01	 4.925860E+00	 6.958032E-01	 4.922944E+00	 8.109485E-01	 4.896335E+00	 9.398668E-01	 4.840947E+00	 1.083052E+00	 4.758522E+00	 1.238959E+00	 4.658719E+00	 1.400219E+00	 4.529723E+00	 1.584443E+00	 4.352077E+00	 1.815214E+00	 4.047331E+00	 2.176139E+00
 4.721974E+00	 7.021058E-02	 4.775444E+00	 1.912667E-01	 4.807122E+00	 2.850163E-01	 4.838539E+00	 4.026660E-01	 4.860851E+00	 5.071515E-01	 4.876223E+00	 6.063568E-01	 4.884042E+00	 7.229115E-01	 4.874141E+00	 8.403744E-01	 4.840733E+00	 9.703210E-01	 4.779887E+00	 1.112894E+00	 4.694700E+00	 1.266873E+00	 4.595506E+00	 1.425764E+00	 4.471502E+00	 1.606754E+00	 4.304929E+00	 1.833653E+00	 4.021119E+00	 2.190346E+00
 4.718288E+00	 7.319654E-02	 4.765115E+00	 1.989106E-01	 4.791356E+00	 2.959394E-01	 4.815759E+00	 4.173782E-01	 4.831764E+00	 5.250431E-01	 4.841110E+00	 6.270296E-01	 4.841940E+00	 7.462983E-01	 4.825490E+00	 8.653232E-01	 4.786094E+00	 9.954846E-01	 4.720930E+00	 1.136756E+00	 4.634150E+00	 1.288462E+00	 4.536373E+00	 1.445021E+00	 4.417752E+00	 1.623205E+00	 4.261999E+00	 1.847255E+00	 3.997966E+00	 2.201611E+00
 4.714464E+00	 7.588117E-02	 4.754491E+00	 2.056841E-01	 4.775223E+00	 3.055268E-01	 4.792592E+00	 4.301442E-01	 4.802326E+00	 5.404323E-01	 4.805737E+00	 6.446541E-01	 4.799803E+00	 7.659676E-01	 4.777265E+00	 8.858657E-01	 4.732658E+00	 1.015566E+00	 4.664172E+00	 1.155043E+00	 4.576716E+00	 1.304309E+00	 4.480909E+00	 1.458648E+00	 4.367855E+00	 1.634466E+00	 4.222617E+00	 1.856593E+00	 3.977380E+00	 2.210220E+00
 4.710519E+00	 7.825448E-02	 4.743626E+00	 2.115696E-01	 4.758810E+00	 3.137573E-01	 4.769163E+00	 4.409462E-01	 4.772700E+00	 5.533083E-01	 4.770300E+00	 6.592308E-01	 4.757857E+00	 7.819496E-01	 4.729696E+00	 9.021032E-01	 4.680599E+00	 1.030796E+00	 4.609636E+00	 1.168148E+00	 4.522203E+00	 1.314921E+00	 4.428723E+00	 1.467187E+00	 4.321284E+00	 1.641069E+00	 4.186251E+00	 1.862085E+00	 3.958988E+00	 2.216351E+00
 4.706469E+00	 8.030795E-02	 4.732573E+00	 2.165552E-01	 4.742200E+00	 3.206177E-01	 4.745596E+00	 4.497780E-01	 4.743037E+00	 5.636749E-01	 4.734976E+00	 6.707785E-01	 4.716300E+00	 7.942968E-01	 4.682972E+00	 9.141605E-01	 4.630037E+00	 1.041415E+00	 4.557296E+00	 1.176433E+00	 4.470400E+00	 1.320738E+00	 4.379457E+00	 1.471087E+00	 4.277589E+00	 1.643436E+00	 4.152467E+00	 1.864016E+00	 3.942497E+00	 2.220107E+00
 4.702331E+00	 8.203460E-02	 4.721383E+00	 2.206344E-01	 4.725473E+00	 3.261023E-01	 4.722002E+00	 4.566436E-01	 4.713478E+00	 5.715496E-01	 4.699927E+00	 6.793327E-01	 4.675306E+00	 8.030814E-01	 4.637248E+00	 9.221794E-01	 4.581048E+00	 1.047666E+00	 4.507089E+00	 1.180234E+00	 4.421093E+00	 1.322134E+00	 4.332791E+00	 1.470717E+00	 4.236382E+00	 1.641899E+00	 4.120907E+00	 1.862563E+00	 3.927676E+00	 2.221535E+00
 4.698124E+00	 8.342904E-02	 4.710106E+00	 2.238054E-01	 4.708706E+00	 3.302130E-01	 4.698490E+00	 4.615572E-01	 4.684153E+00	 5.769622E-01	 4.665298E+00	 6.849437E-01	 4.635026E+00	 8.083920E-01	 4.592647E+00	 9.263134E-01	 4.533673E+00	 1.049784E+00	 4.458932E+00	 1.179850E+00	 4.374080E+00	 1.319432E+00	 4.288437E+00	 1.466386E+00	 4.197322E+00	 1.636713E+00	 4.091251E+00	 1.857821E+00	 3.914326E+00	 2.220647E+00
 4.693865E+00	 8.448740E-02	 4.698788E+00	 2.260711E-01	 4.691971E+00	 3.329582E-01	 4.675156E+00	 4.645416E-01	 4.655178E+00	 5.799539E-01	 4.631219E+00	 6.876751E-01	 4.595592E+00	 8.103307E-01	 4.549267E+00	 9.267226E-01	 4.487931E+00	 1.047992E+00	 4.412736E+00	 1.175549E+00	 4.329168E+00	 1.312907E+00	 4.246145E+00	 1.458347E+00	 4.160112E+00	 1.628069E+00	 4.063195E+00	 1.849845E+00	 3.902271E+00	 2.217436E+00
 4.689571E+00	 8.520733E-02	 4.687475E+00	 2.274377E-01	 4.675337E+00	 3.343522E-01	 4.652094E+00	 4.656278E-01	 4.626661E+00	 5.805753E-01	 4.597808E+00	 6.876013E-01	 4.557117E+00	 8.090102E-01	 4.507182E+00	 9.235700E-01	 4.443821E+00	 1.042503E+00	 4.368407E+00	 1.167568E+00	 4.286191E+00	 1.302787E+00	 4.205700E+00	 1.446797E+00	 4.124489E+00	 1.616099E+00	 4.036434E+00	 1.838700E+00	 3.891342E+00	 2.211887E+00
 4.685261E+00	 8.558793E-02	 4.676209E+00	 2.279139E-01	 4.658867E+00	 3.344143E-01	 4.629388E+00	 4.648542E-01	 4.598698E+00	 5.788862E-01	 4.565167E+00	 6.848068E-01	 4.519697E+00	 8.045509E-01	 4.466453E+00	 9.170177E-01	 4.401333E+00	 1.033511E+00	 4.325857E+00	 1.156109E+00	 4.245000E+00	 1.289256E+00	 4.166922E+00	 1.431885E+00	 4.090227E+00	 1.600901E+00	 4.010671E+00	 1.824488E+00	 3.881370E+00	 2.203981E+00
 4.680952E+00	 8.562965E-02	 4.665030E+00	 2.275106E-01	 4.642619E+00	 3.331681E-01	 4.607113E+00	 4.622653E-01	 4.571377E+00	 5.749533E-01	 4.533387E+00	 6.793832E-01	 4.483415E+00	 7.970790E-01	 4.427126E+00	 9.072251E-01	 4.360454E+00	 1.021196E+00	 4.285008E+00	 1.141347E+00	 4.205468E+00	 1.272463E+00	 4.129653E+00	 1.413723E+00	 4.057138E+00	 1.582541E+00	 3.985638E+00	 1.807329E+00	 3.872179E+00	 2.193698E+00
 4.676661E+00	 8.533422E-02	 4.653976E+00	 2.262399E-01	 4.626650E+00	 3.306408E-01	 4.585342E+00	 4.579113E-01	 4.544775E+00	 5.688501E-01	 4.502548E+00	 6.714290E-01	 4.448339E+00	 7.867242E-01	 4.389234E+00	 8.943470E-01	 4.321165E+00	 1.005721E+00	 4.245787E+00	 1.123434E+00	 4.167483E+00	 1.252532E+00	 4.093759E+00	 1.392404E+00	 4.025071E+00	 1.561068E+00	 3.961123E+00	 1.787304E+00	 3.863585E+00	 2.181007E+00
 4.672406E+00	 8.470458E-02	 4.643085E+00	 2.241152E-01	 4.611011E+00	 3.268625E-01	 4.564137E+00	 4.518475E-01	 4.518962E+00	 5.606548E-01	 4.472719E+00	 6.610472E-01	 4.414529E+00	 7.736183E-01	 4.352807E+00	 8.785335E-01	 4.283448E+00	 9.872358E-01	 4.208132E+00	 1.102501E+00	 4.130949E+00	 1.229567E+00	 4.059123E+00	 1.368002E+00	 3.993899E+00	 1.536504E+00	 3.936966E+00	 1.764418E+00	 3.855398E+00	 2.165856E+00
 4.668204E+00	 8.374478E-02	 4.632391E+00	 2.211510E-01	 4.595749E+00	 3.218664E-01	 4.543557E+00	 4.441332E-01	 4.493998E+00	 5.504504E-01	 4.443961E+00	 6.483445E-01	 4.382033E+00	 7.578940E-01	 4.317865E+00	 8.599298E-01	 4.247290E+00	 9.658793E-01	 4.171992E+00	 1.078665E+00	 4.095792E+00	 1.203655E+00	 4.025654E+00	 1.340574E+00	 3.963522E+00	 1.508843E+00	 3.913047E+00	 1.738596E+00	 3.847418E+00	 2.148154E+00
 4.664069E+00	 8.245997E-02	 4.621930E+00	 2.173630E-01	 4.580910E+00	 3.156884E-01	 4.523653E+00	 4.348314E-01	 4.469937E+00	 5.383229E-01	 4.416325E+00	 6.334302E-01	 4.350893E+00	 7.396841E-01	 4.284428E+00	 8.386760E-01	 4.212677E+00	 9.417802E-01	 4.137330E+00	 1.052029E+00	 4.061951E+00	 1.174868E+00	 3.993279E+00	 1.310156E+00	 3.933857E+00	 1.478053E+00	 3.889267E+00	 1.709697E+00	 3.839436E+00	 2.127757E+00
 4.660019E+00	 8.085629E-02	 4.611734E+00	 2.127684E-01	 4.566535E+00	 3.083675E-01	 4.504473E+00	 4.240083E-01	 4.446827E+00	 5.243612E-01	 4.389855E+00	 6.164151E-01	 4.321141E+00	 7.191205E-01	 4.252511E+00	 8.149080E-01	 4.179604E+00	 9.150588E-01	 4.104118E+00	 1.022684E+00	 4.029387E+00	 1.143261E+00	 3.961947E+00	 1.276768E+00	 3.904838E+00	 1.444084E+00	 3.865536E+00	 1.677541E+00	 3.831231E+00	 2.104452E+00
 4.656068E+00	 7.894093E-02	 4.601837E+00	 2.073870E-01	 4.552663E+00	 2.999457E-01	 4.486057E+00	 4.117327E-01	 4.424708E+00	 5.086558E-01	 4.364587E+00	 5.974110E-01	 4.292807E+00	 6.963340E-01	 4.222126E+00	 7.887576E-01	 4.148068E+00	 8.858288E-01	 4.072341E+00	 9.907105E-01	 3.998076E+00	 1.108878E+00	 3.931626E+00	 1.240414E+00	 3.876419E+00	 1.406876E+00	 3.841768E+00	 1.641925E+00	 3.822564E+00	 2.077944E+00
 4.652231E+00	 7.672205E-02	 4.592270E+00	 2.012407E-01	 4.539330E+00	 2.904680E-01	 4.468443E+00	 3.980755E-01	 4.403614E+00	 4.912990E-01	 4.340552E+00	 5.765299E-01	 4.265912E+00	 6.714537E-01	 4.193286E+00	 7.603527E-01	 4.118072E+00	 8.541981E-01	 4.041995E+00	 9.561838E-01	 3.968009E+00	 1.071754E+00	 3.902304E+00	 1.201090E+00	 3.848572E+00	 1.366360E+00	 3.817884E+00	 1.602640E+00	 3.813172E+00	 2.047847E+00
 4.648523E+00	 7.420883E-02	 4.583063E+00	 1.943549E-01	 4.526568E+00	 2.799820E-01	 4.451661E+00	 3.831090E-01	 4.383576E+00	 4.723834E-01	 4.317774E+00	 5.538832E-01	 4.240472E+00	 6.446065E-01	 4.166001E+00	 7.298184E-01	 4.089622E+00	 8.202718E-01	 4.013085E+00	 9.191747E-01	 3.939192E+00	 1.031919E+00	 3.873986E+00	 1.158784E+00	 3.821295E+00	 1.322466E+00	 3.793814E+00	 1.559482E+00	 3.802767E+00	 2.013680E+00
 4.644956E+00	 7.141147E-02	 4.574245E+00	 1.867578E-01	 4.514406E+00	 2.685377E-01	 4.435741E+00	 3.669068E-01	 4.364618E+00	 4.520021E-01	 4.296274E+00	 5.295816E-01	 4.216502E+00	 6.159173E-01	 4.140280E+00	 6.972771E-01	 4.062727E+00	 7.841527E-01	 3.985625E+00	 8.797524E-01	 3.911643E+00	 9.894004E-01	 3.846696E+00	 1.113480E+00	 3.794614E+00	 1.275118E+00	 3.769513E+00	 1.512251E+00	 3.791032E+00	 1.974880E+00
 4.641543E+00	 6.834124E-02	 4.565841E+00	 1.784808E-01	 4.502871E+00	 2.561871E-01	 4.420705E+00	 3.495431E-01	 4.346760E+00	 4.302481E-01	 4.276066E+00	 5.037345E-01	 4.194009E+00	 5.855087E-01	 4.116130E+00	 6.628498E-01	 4.037398E+00	 7.459437E-01	 3.959633E+00	 8.379874E-01	 3.885393E+00	 9.442247E-01	 3.820475E+00	 1.065156E+00	 3.768583E+00	 1.224233E+00	 3.744972E+00	 1.460750E+00	 3.777636E+00	 1.930832E+00
 4.638296E+00	 6.501039E-02	 4.557878E+00	 1.695584E-01	 4.491988E+00	 2.429834E-01	 4.406574E+00	 3.310923E-01	 4.330020E+00	 4.072139E-01	 4.257162E+00	 4.764499E-01	 4.172999E+00	 5.535010E-01	 4.093556E+00	 6.266557E-01	 4.013650E+00	 7.057486E-01	 3.935136E+00	 7.939533E-01	 3.860481E+00	 8.964224E-01	 3.795380E+00	 1.013791E+00	 3.743285E+00	 1.169717E+00	 3.720233E+00	 1.404762E+00	 3.762262E+00	 1.880924E+00
 4.635226E+00	 6.143219E-02	 4.550377E+00	 1.600275E-01	 4.481776E+00	 2.289809E-01	 4.393366E+00	 3.116291E-01	 4.314411E+00	 3.829915E-01	 4.239570E+00	 4.478342E-01	 4.153475E+00	 5.200123E-01	 4.072563E+00	 5.888133E-01	 3.991495E+00	 6.636732E-01	 3.912163E+00	 7.477284E-01	 3.836955E+00	 8.460283E-01	 3.771479E+00	 9.593592E-01	 3.718827E+00	 1.111465E+00	 3.695400E+00	 1.344039E+00	 3.744649E+00	 1.824596E+00
 4.632343E+00	 5.762085E-02	 4.543359E+00	 1.499271E-01	 4.472254E+00	 2.142348E-01	 4.381095E+00	 2.912280E-01	 4.299942E+00	 3.576718E-01	 4.223293E+00	 4.179922E-01	 4.135436E+00	 4.851587E-01	 4.053152E+00	 5.494403E-01	 3.970947E+00	 6.198257E-01	 3.890747E+00	 6.993974E-01	 3.814869E+00	 7.930854E-01	 3.748852E+00	 9.018417E-01	 3.695338E+00	 1.049353E+00	 3.670642E+00	 1.278281E+00	 3.724627E+00	 1.761354E+00
 4.629657E+00	 5.359141E-02	 4.536843E+00	 1.392977E-01	 4.463440E+00	 1.988007E-01	 4.369774E+00	 2.699634E-01	 4.286621E+00	 3.313449E-01	 4.208336E+00	 3.870266E-01	 4.118880E+00	 4.490537E-01	 4.035323E+00	 5.086538E-01	 3.952019E+00	 5.743177E-01	 3.870920E+00	 6.490532E-01	 3.794283E+00	 7.376483E-01	 3.727586E+00	 8.412270E-01	 3.672958E+00	 9.832549E-01	 3.646192E+00	 1.207131E+00	 3.702146E+00	 1.690686E+00
 4.627176E+00	 4.935967E-02	 4.530843E+00	 1.281812E-01	 4.455349E+00	 1.827346E-01	 4.359412E+00	 2.479092E-01	 4.274455E+00	 3.040998E-01	 4.194696E+00	 3.550384E-01	 4.103801E+00	 4.118091E-01	 4.019076E+00	 4.665706E-01	 3.934722E+00	 5.272645E-01	 3.852716E+00	 5.967983E-01	 3.775258E+00	 6.797872E-01	 3.707770E+00	 7.775219E-01	 3.651833E+00	 9.130451E-01	 3.622335E+00	 1.130191E+00	 3.677256E+00	 1.611880E+00
 4.624908E+00	 4.494209E-02	 4.525376E+00	 1.166204E-01	 4.447992E+00	 1.660931E-01	 4.350018E+00	 2.251388E-01	 4.263446E+00	 2.760243E-01	 4.182373E+00	 3.221269E-01	 4.090193E+00	 3.735344E-01	 4.004406E+00	 4.233072E-01	 3.919066E+00	 4.787857E-01	 3.836166E+00	 5.427463E-01	 3.757853E+00	 6.195923E-01	 3.689500E+00	 7.107605E-01	 3.632111E+00	 8.386239E-01	 3.599387E+00	 1.047040E+00	 3.650094E+00	 1.523805E+00
 4.622859E+00	 4.035571E-02	 4.520453E+00	 1.046584E-01	 4.441383E+00	 1.489329E-01	 4.341600E+00	 2.017254E-01	 4.253597E+00	 2.472049E-01	 4.171365E+00	 2.883895E-01	 4.078050E+00	 3.343374E-01	 3.991309E+00	 3.789802E-01	 3.905057E+00	 4.290051E-01	 3.821299E+00	 4.870233E-01	 3.742128E+00	 5.571775E-01	 3.672869E+00	 6.410146E-01	 3.613937E+00	 7.599383E-01	 3.577672E+00	 9.572862E-01	 3.620912E+00	 1.424765E+00
 4.621037E+00	 3.561805E-02	 4.516085E+00	 9.233914E-02	 4.435530E+00	 1.313111E-01	 4.334161E+00	 1.777417E-01	 4.244908E+00	 2.177274E-01	 4.161666E+00	 2.539221E-01	 4.067363E+00	 2.943245E-01	 3.979777E+00	 3.337063E-01	 3.892700E+00	 3.780518E-01	 3.808139E+00	 4.297686E-01	 3.728138E+00	 4.926836E-01	 3.657969E+00	 5.684020E-01	 3.597463E+00	 6.770062E-01	 3.557505E+00	 8.605958E-01	 3.590187E+00	 1.312536E+00
 4.619447E+00	 3.074706E-02	 4.512282E+00	 7.970665E-02	 4.430442E+00	 1.132850E-01	 4.327708E+00	 1.532599E-01	 4.237381E+00	 1.876763E-01	 4.153274E+00	 2.188193E-01	 4.058123E+00	 2.536006E-01	 3.969806E+00	 2.876028E-01	 3.881996E+00	 3.260593E-01	 3.796707E+00	 3.711351E-01	 3.715932E+00	 4.262796E-01	 3.644891E+00	 4.930911E-01	 3.582842E+00	 5.899356E-01	 3.539193E+00	 7.567358E-01	 3.558802E+00	 1.184689E+00
 4.618093E+00	 2.576108E-02	 4.509051E+00	 6.680526E-02	 4.426127E+00	 9.491203E-02	 4.322243E+00	 1.283520E-01	 4.231014E+00	 1.571353E-01	 4.146182E+00	 1.831740E-01	 4.050322E+00	 2.122693E-01	 3.961385E+00	 2.407869E-01	 3.872946E+00	 2.731659E-01	 3.787017E+00	 3.112884E-01	 3.705549E+00	 3.581628E-01	 3.633715E+00	 4.153042E-01	 3.570230E+00	 4.989377E-01	 3.523047E+00	 6.456129E-01	 3.528164E+00	 1.039080E+00
 4.616979E+00	 2.067875E-02	 4.506400E+00	 5.367949E-02	 4.422589E+00	 7.624996E-02	 4.317769E+00	 1.030895E-01	 4.225808E+00	 1.261872E-01	 4.140388E+00	 1.470785E-01	 4.043952E+00	 1.704333E-01	 3.954509E+00	 1.933766E-01	 3.865548E+00	 2.195140E-01	 3.779080E+00	 2.504069E-01	 3.697023E+00	 2.885585E-01	 3.624508E+00	 3.353185E-01	 3.559772E+00	 4.043372E-01	 3.509394E+00	 5.273539E-01	 3.500025E+00	 8.739129E-01
 4.616110E+00	 1.551901E-02	 4.504333E+00	 4.037402E-02	 4.419833E+00	 5.735648E-02	 4.314287E+00	 7.754378E-02	 4.221760E+00	 9.491418E-02	 4.135887E+00	 1.106238E-01	 4.039007E+00	 1.281944E-01	 3.949170E+00	 1.454899E-01	 3.859798E+00	 1.652496E-01	 3.772903E+00	 1.886801E-01	 3.690376E+00	 2.177191E-01	 3.617317E+00	 2.534671E-01	 3.551582E+00	 3.065838E-01	 3.498554E+00	 4.024425E-01	 3.476085E+00	 6.871343E-01
 4.615487E+00	 1.030101E-02	 4.502854E+00	 2.693361E-02	 4.417862E+00	 3.828937E-02	 4.311800E+00	 5.178568E-02	 4.218870E+00	 6.339786E-02	 4.132675E+00	 7.390007E-02	 4.035480E+00	 8.565358E-02	 3.945361E+00	 9.724505E-02	 3.855695E+00	 1.105220E-01	 3.768490E+00	 1.263078E-01	 3.685623E+00	 1.459229E-01	 3.612174E+00	 1.701414E-01	 3.545727E+00	 2.062660E-01	 3.490767E+00	 2.718633E-01	 3.457824E+00	 4.770469E-01
 4.615112E+00	 5.044047E-03	 4.501966E+00	 1.340311E-02	 4.416680E+00	 1.910639E-02	 4.310309E+00	 2.588600E-02	 4.217137E+00	 3.171937E-02	 4.130750E+00	 3.699716E-02	 4.033367E+00	 4.291143E-02	 3.943080E+00	 4.876084E-02	 3.853236E+00	 5.548310E-02	 3.765844E+00	 6.349817E-02	 3.682772E+00	 7.347092E-02	 3.609092E+00	 8.578825E-02	 3.542230E+00	 1.041180E-01	 3.486137E+00	 1.371439E-01	 3.446478E+00	 2.462663E-01
 4.614988E+00	-2.324358E-04	 4.501671E+00	-1.725500E-04	 4.416287E+00	-1.346780E-04	 4.309813E+00	-8.465365E-05	 4.216561E+00	-4.042784E-05	 4.130110E+00	 4.381488E-06	 4.032665E+00	 6.817382E-05	 3.942322E+00	 1.560705E-04	 3.852419E+00	 2.867749E-04	 3.764965E+00	 4.659650E-04	 3.681826E+00	 6.819959E-04	 3.608074E+00	 9.009361E-04	 3.541086E+00	 1.003367E-03	 3.484652E+00	 2.323928E-04	 3.442692E+00	 3.994670E-03
 4.615113E+00	-5.508956E-03	 4.501969E+00	-1.374844E-02	 4.416684E+00	-1.937607E-02	 4.310313E+00	-2.605576E-02	 4.217142E+00	-3.180079E-02	 4.130756E+00	-3.698913E-02	 4.033374E+00	-4.277609E-02	 3.943087E+00	-4.845024E-02	 3.853243E+00	-5.491215E-02	 3.765854E+00	-6.257080E-02	 3.682787E+00	-7.211493E-02	 3.609120E+00	-8.400009E-02	 3.542288E+00	-1.021352E-01	 3.486284E+00	-1.367126E-01	 3.446532E+00	-2.385430E-01
 4.615488E+00	-1.076603E-02	 4.502861E+00	-2.727962E-02	 4.417870E+00	-3.856001E-02	 4.311809E+00	-5.195677E-02	 4.218880E+00	-6.348100E-02	 4.132687E+00	-7.389420E-02	 4.035494E+00	-8.552125E-02	 3.945376E+00	-9.693906E-02	 3.855710E+00	-1.099587E-01	 3.768509E+00	-1.253939E-01	 3.685652E+00	-1.445906E-01	 3.612228E+00	-1.683934E-01	 3.545837E+00	-2.043522E-01	 3.491049E+00	-2.715264E-01	 3.457873E+00	-4.701150E-01
 4.616111E+00	-1.598423E-02	 4.504343E+00	-4.072116E-02	 4.419844E+00	-5.762873E-02	 4.314301E+00	-7.771708E-02	 4.221775E+00	-9.500015E-02	 4.135905E+00	-1.106215E-01	 4.039028E+00	-1.280670E-01	 3.949191E+00	-1.451914E-01	 3.859820E+00	-1.646990E-01	 3.772929E+00	-1.877882E-01	 3.690417E+00	-2.164249E-01	 3.617393E+00	-2.517831E-01	 3.551737E+00	-3.047768E-01	 3.498948E+00	-4.022435E-01	 3.476055E+00	-6.812552E-01
 4.616981E+00	-2.114423E-02	 4.506413E+00	-5.402819E-02	 4.422604E+00	-7.652443E-02	 4.317786E+00	-1.032659E-01	 4.225828E+00	-1.262771E-01	 4.140412E+00	-1.470812E-01	 4.043979E+00	-1.703128E-01	 3.954537E+00	-1.930886E-01	 3.865575E+00	-2.189807E-01	 3.779112E+00	-2.495447E-01	 3.697074E+00	-2.873151E-01	 3.624600E+00	-3.337180E-01	 3.559961E+00	-4.026649E-01	 3.509874E+00	-5.273145E-01	 3.499844E+00	-8.689909E-01
 4.618095E+00	-2.622690E-02	 4.509068E+00	-6.715593E-02	 4.426145E+00	-9.518933E-02	 4.322265E+00	-1.285323E-01	 4.231040E+00	-1.572302E-01	 4.146212E+00	-1.831830E-01	 4.050355E+00	-2.121574E-01	 3.961418E+00	-2.405119E-01	 3.872979E+00	-2.726541E-01	 3.787053E+00	-3.104627E-01	 3.705607E+00	-3.569808E-01	 3.633819E+00	-4.138023E-01	 3.570442E+00	-4.974178E-01	 3.523583E+00	-6.457332E-01	 3.527778E+00	-1.034911E+00
 4.619450E+00	-3.121330E-02	 4.512302E+00	-8.005970E-02	 4.430465E+00	-1.135657E-01	 4.327734E+00	-1.534449E-01	 4.237412E+00	-1.877772E-01	 4.153309E+00	-2.188357E-01	 4.058161E+00	-2.534990E-01	 3.969843E+00	-2.873431E-01	 3.882032E+00	-3.255726E-01	 3.796746E+00	-3.703515E-01	 3.715992E+00	-4.251672E-01	 3.645001E+00	-4.916978E-01	 3.583064E+00	-5.885760E-01	 3.539755E+00	-7.569996E-01	 3.558190E+00	-1.181106E+00
 4.621041E+00	-3.608478E-02	 4.516108E+00	-9.269495E-02	 4.435556E+00	-1.315958E-01	 4.334192E+00	-1.779322E-01	 4.244944E+00	-2.178352E-01	 4.161706E+00	-2.539472E-01	 4.067405E+00	-2.942347E-01	 3.979819E+00	-3.334642E-01	 3.892738E+00	-3.775932E-01	 3.808178E+00	-4.290317E-01	 3.728198E+00	-4.916464E-01	 3.658078E+00	-5.671226E-01	 3.597685E+00	-6.758064E-01	 3.558064E+00	-8.609757E-01	 3.589364E+00	-1.309403E+00
 4.622864E+00	-4.082301E-02	 4.520479E+00	-1.050173E-01	 4.441413E+00	-1.492221E-01	 4.341634E+00	-2.019221E-01	 4.253636E+00	-2.473205E-01	 4.171409E+00	-2.884243E-01	 4.078097E+00	-3.342606E-01	 3.991353E+00	-3.787573E-01	 3.905095E+00	-4.285772E-01	 3.821336E+00	-4.863360E-01	 3.742184E+00	-5.562186E-01	 3.672970E+00	-6.398502E-01	 3.614147E+00	-7.588905E-01	 3.578200E+00	-9.577489E-01	 3.619907E+00	-1.421959E+00
 4.624912E+00	-4.541003E-02	 4.525405E+00	-1.169828E-01	 4.448026E+00	-1.663874E-01	 4.350057E+00	-2.253424E-01	 4.263490E+00	-2.761485E-01	 4.182422E+00	-3.221723E-01	 4.090244E+00	-3.734719E-01	 4.004452E+00	-4.231051E-01	 3.919103E+00	-4.783903E-01	 3.836200E+00	-5.421106E-01	 3.757901E+00	-6.187125E-01	 3.689589E+00	-7.097082E-01	 3.632298E+00	-8.377151E-01	 3.599862E+00	-1.047551E+00	 3.648942E+00	-1.521217E+00
 4.627181E+00	-4.982830E-02	 4.530876E+00	-1.285475E-01	 4.455386E+00	-1.830344E-01	 4.359455E+00	-2.481203E-01	 4.274503E+00	-3.042334E-01	 4.194749E+00	-3.550954E-01	 4.103854E+00	-4.117618E-01	 4.019123E+00	-4.663904E-01	 3.934758E+00	-5.269029E-01	 3.852744E+00	-5.962150E-01	 3.775296E+00	-6.789855E-01	 3.707843E+00	-7.765760E-01	 3.651989E+00	-9.122588E-01	 3.622740E+00	-1.130717E+00	 3.675996E+00	-1.609426E+00
 4.629663E+00	-5.406080E-02	 4.536878E+00	-1.396682E-01	 4.463481E+00	-1.991064E-01	 4.369821E+00	-2.701827E-01	 4.286674E+00	-3.314886E-01	 4.208392E+00	-3.870958E-01	 4.118935E+00	-4.490226E-01	 4.035371E+00	-5.084964E-01	 3.952052E+00	-5.739905E-01	 3.870941E+00	-6.485222E-01	 3.794309E+00	-7.369220E-01	 3.727636E+00	-8.403797E-01	 3.673074E+00	-9.825728E-01	 3.646515E+00	-1.207645E+00	 3.700824E+00	-1.688320E+00
 4.632350E+00	-5.809106E-02	 4.543398E+00	-1.503023E-01	 4.472299E+00	-2.145470E-01	 4.381147E+00	-2.914561E-01	 4.299998E+00	-3.578262E-01	 4.223353E+00	-4.180743E-01	 4.135494E+00	-4.851443E-01	 4.053198E+00	-5.493063E-01	 3.970976E+00	-6.195331E-01	 3.890759E+00	-6.989175E-01	 3.814880E+00	-7.924306E-01	 3.748878E+00	-9.010840E-01	 3.695408E+00	-1.048757E+00	 3.670877E+00	-1.278760E+00	 3.723294E+00	-1.759064E+00
 4.635233E+00	-6.190327E-02	 4.550419E+00	-1.604078E-01	 4.481824E+00	-2.293001E-01	 4.393422E+00	-3.118664E-01	 4.314471E+00	-3.831572E-01	 4.239633E+00	-4.479299E-01	 4.153535E+00	-5.200152E-01	 4.072608E+00	-5.887029E-01	 3.991519E+00	-6.634149E-01	 3.912166E+00	-7.472980E-01	 3.836949E+00	-8.454403E-01	 3.771476E+00	-9.586814E-01	 3.718848E+00	-1.110938E+00	 3.695546E+00	-1.344467E+00	 3.743356E+00	-1.822397E+00
 4.638304E+00	-6.548239E-02	 4.557923E+00	-1.699442E-01	 4.492040E+00	-2.433099E-01	 4.406634E+00	-3.313394E-01	 4.330085E+00	-4.073915E-01	 4.257229E+00	-4.765596E-01	 4.173060E+00	-5.535215E-01	 4.093600E+00	-6.265691E-01	 4.013669E+00	-7.055241E-01	 3.935129E+00	-7.935702E-01	 3.860457E+00	-8.958961E-01	 3.795347E+00	-1.013183E+00	 3.743254E+00	-1.169244E+00	 3.720294E+00	-1.405127E+00	 3.761054E+00	-1.878847E+00
 4.641551E+00	-6.881420E-02	 4.565889E+00	-1.788725E-01	 4.502928E+00	-2.565215E-01	 4.420769E+00	-3.498005E-01	 4.346830E+00	-4.304380E-01	 4.276136E+00	-5.038586E-01	 4.194071E+00	-5.855471E-01	 4.116173E+00	-6.627869E-01	 4.037412E+00	-7.457520E-01	 3.959615E+00	-8.376489E-01	 3.885351E+00	-9.437546E-01	 3.820410E+00	-1.064610E+00	 3.768501E+00	-1.223800E+00	 3.744953E+00	-1.461046E+00	 3.776547E+00	-1.928909E+00
 4.644965E+00	-7.188544E-02	 4.574296E+00	-1.871558E-01	 4.514467E+00	-2.688804E-01	 4.435810E+00	-3.671750E-01	 4.364692E+00	-4.522047E-01	 4.296348E+00	-5.297204E-01	 4.216565E+00	-6.159738E-01	 4.140322E+00	-6.972377E-01	 4.062736E+00	-7.839926E-01	 3.985597E+00	-8.794558E-01	 3.911583E+00	-9.889811E-01	 3.846599E+00	-1.112986E+00	 3.794482E+00	-1.274715E+00	 3.769423E+00	-1.512478E+00	 3.790083E+00	-1.973131E+00
 4.648533E+00	-7.468383E-02	 4.583117E+00	-1.947596E-01	 4.526633E+00	-2.803333E-01	 4.451735E+00	-3.833883E-01	 4.383655E+00	-4.725990E-01	 4.317852E+00	-5.540370E-01	 4.240538E+00	-6.446811E-01	 4.166042E+00	-7.298020E-01	 4.089626E+00	-8.201420E-01	 4.013047E+00	-9.189171E-01	 3.939113E+00	-1.031546E+00	 3.873858E+00	-1.158335E+00	 3.821116E+00	-1.322086E+00	 3.793661E+00	-1.559640E+00	 3.801968E+00	-2.012116E+00
 4.652242E+00	-7.719812E-02	 4.592328E+00	-2.016524E-01	 4.539399E+00	-2.908283E-01	 4.468522E+00	-3.983663E-01	 4.403698E+00	-4.915280E-01	 4.340634E+00	-5.766989E-01	 4.265980E+00	-6.715464E-01	 4.193327E+00	-7.603588E-01	 4.118072E+00	-8.540973E-01	 4.041948E+00	-9.559625E-01	 3.967913E+00	-1.071422E+00	 3.902147E+00	-1.200680E+00	 3.848349E+00	-1.365996E+00	 3.817677E+00	-1.602735E+00	 3.812523E+00	-2.046469E+00
 4.656079E+00	-7.941810E-02	 4.601898E+00	-2.078057E-01	 4.552737E+00	-3.003154E-01	 4.486142E+00	-4.120353E-01	 4.424798E+00	-5.088985E-01	 4.364674E+00	-5.975953E-01	 4.292879E+00	-6.964446E-01	 4.222168E+00	-7.887857E-01	 4.148066E+00	-8.857555E-01	 4.072285E+00	-9.905227E-01	 3.997964E+00	-1.108583E+00	 3.931442E+00	-1.240037E+00	 3.876157E+00	-1.406524E+00	 3.841516E+00	-1.641963E+00	 3.822059E+00	-2.076747E+00
 4.660031E+00	-8.133458E-02	 4.611799E+00	-2.131942E-01	 4.566614E+00	-3.087468E-01	 4.504563E+00	-4.243229E-01	 4.446923E+00	-5.246176E-01	 4.389948E+00	-6.166147E-01	 4.321217E+00	-7.192489E-01	 4.252554E+00	-8.149575E-01	 4.179600E+00	-9.150119E-01	 4.104055E+00	-1.022527E+00	 4.029261E+00	-1.142999E+00	 3.961738E+00	-1.276420E+00	 3.904541E+00	-1.443742E+00	 3.865245E+00	-1.677530E+00	 3.830863E+00	-2.103427E+00
 4.664082E+00	-8.293940E-02	 4.621998E+00	-2.177958E-01	 4.580993E+00	-3.160773E-01	 4.523750E+00	-4.351582E-01	 4.470040E+00	-5.385933E-01	 4.416425E+00	-6.336452E-01	 4.350974E+00	-7.398299E-01	 4.284475E+00	-8.387461E-01	 4.212673E+00	-9.417581E-01	 4.137263E+00	-1.051902E+00	 4.061812E+00	-1.174636E+00	 3.993048E+00	-1.309835E+00	 3.933528E+00	-1.477719E+00	 3.888944E+00	-1.709644E+00	 3.839194E+00	-2.126895E+00
 4.668217E+00	-8.422538E-02	 4.632462E+00	-2.215909E-01	 4.595838E+00	-3.222651E-01	 4.543660E+00	-4.444723E-01	 4.494108E+00	-5.507347E-01	 4.444069E+00	-6.485748E-01	 4.382120E+00	-7.580571E-01	 4.317916E+00	-8.600198E-01	 4.247287E+00	-9.658807E-01	 4.171922E+00	-1.078565E+00	 4.095643E+00	-1.203451E+00	 4.025404E+00	-1.340277E+00	 3.963165E+00	-1.508519E+00	 3.912698E+00	-1.738506E+00	 3.847292E+00	-2.147445E+00
 4.672420E+00	-8.518637E-02	 4.643159E+00	-2.245619E-01	 4.611104E+00	-3.272709E-01	 4.564247E+00	-4.521991E-01	 4.519080E+00	-5.609531E-01	 4.472835E+00	-6.612927E-01	 4.414624E+00	-7.737982E-01	 4.352864E+00	-8.786427E-01	 4.283450E+00	-9.872594E-01	 4.208062E+00	-1.102425E+00	 4.130794E+00	-1.229387E+00	 4.058857E+00	-1.367727E+00	 3.993517E+00	-1.536189E+00	 3.936597E+00	-1.764297E+00	 3.855377E+00	-2.165291E+00
 4.676676E+00	-8.581724E-02	 4.654054E+00	-2.266932E-01	 4.626749E+00	-3.310589E-01	 4.585459E+00	-4.582753E-01	 4.544902E+00	-5.691623E-01	 4.502673E+00	-6.716895E-01	 4.448443E+00	-7.869206E-01	 4.389300E+00	-8.944745E-01	 4.321173E+00	-1.005765E+00	 4.245719E+00	-1.123381E+00	 4.167323E+00	-1.252375E+00	 4.093478E+00	-1.392149E+00	 4.024666E+00	-1.560764E+00	 3.960738E+00	-1.787157E+00	 3.863659E+00	-2.180575E+00
 4.680967E+00	-8.611392E-02	 4.665110E+00	-2.279704E-01	 4.642722E+00	-3.335958E-01	 4.607237E+00	-4.626417E-01	 4.571513E+00	-5.752795E-01	 4.533522E+00	-6.796586E-01	 4.483530E+00	-7.972915E-01	 4.427202E+00	-9.073703E-01	 4.360472E+00	-1.021260E+00	 4.284946E+00	-1.141315E+00	 4.205308E+00	-1.272328E+00	 4.129363E+00	-1.413487E+00	 4.056715E+00	-1.582247E+00	 3.985241E+00	-1.807161E+00	 3.872339E+00	-2.193386E+00
 4.685276E+00	-8.607349E-02	 4.676291E+00	-2.283804E-01	 4.658974E+00	-3.348517E-01	 4.629519E+00	-4.652431E-01	 4.598843E+00	-5.792262E-01	 4.565313E+00	-6.850970E-01	 4.519824E+00	-8.047793E-01	 4.466543E+00	-9.171799E-01	 4.401363E+00	-1.033594E+00	 4.325805E+00	-1.156096E+00	 4.244843E+00	-1.289139E+00	 4.166625E+00	-1.431667E+00	 4.089788E+00	-1.600617E+00	 4.010264E+00	-1.824304E+00	 3.881610E+00	-2.203775E+00
 4.689587E+00	-8.569422E-02	 4.687559E+00	-2.279109E-01	 4.675448E+00	-3.347993E-01	 4.652232E+00	-4.660293E-01	 4.626816E+00	-5.809293E-01	 4.597966E+00	-6.879064E-01	 4.557258E+00	-8.092543E-01	 4.507287E+00	-9.237486E-01	 4.443866E+00	-1.042602E+00	 4.368368E+00	-1.167573E+00	 4.286041E+00	-1.302688E+00	 4.205400E+00	-1.446596E+00	 4.124037E+00	-1.615828E+00	 4.036015E+00	-1.838508E+00	 3.891656E+00	-2.211769E+00
 4.693881E+00	-8.497567E-02	 4.698873E+00	-2.265512E-01	 4.692086E+00	-3.334152E-01	 4.675301E+00	-4.649556E-01	 4.655342E+00	-5.803218E-01	 4.631389E+00	-6.879950E-01	 4.595748E+00	-8.105905E-01	 4.549388E+00	-9.269171E-01	 4.487994E+00	-1.048108E+00	 4.412714E+00	-1.175571E+00	 4.329030E+00	-1.312824E+00	 4.245846E+00	-1.458161E+00	 4.159649E+00	-1.627810E+00	 4.062760E+00	-1.849653E+00	 3.902657E+00	-2.217385E+00
 4.698141E+00	-8.391874E-02	 4.710191E+00	-2.242927E-01	 4.708823E+00	-3.306800E-01	 4.698641E+00	-4.619839E-01	 4.684327E+00	-5.773444E-01	 4.665481E+00	-6.852788E-01	 4.635198E+00	-8.086675E-01	 4.592788E+00	-9.265234E-01	 4.533759E+00	-1.049914E+00	 4.458933E+00	-1.179886E+00	 4.373959E+00	-1.319362E+00	 4.288143E+00	-1.466215E+00	 4.196849E+00	-1.636468E+00	 4.090795E+00	-1.857634E+00	 3.914782E+00	-2.220639E+00
 4.702348E+00	-8.252578E-02	 4.721468E+00	-2.211290E-01	 4.725592E+00	-3.265794E-01	 4.722159E+00	-4.570832E-01	 4.713663E+00	-5.719461E-01	 4.700124E+00	-6.796831E-01	 4.675495E+00	-8.033729E-01	 4.637411E+00	-9.224049E-01	 4.581160E+00	-1.047811E+00	 4.507116E+00	-1.180282E+00	 4.420996E+00	-1.322076E+00	 4.332508E+00	-1.470559E+00	 4.235900E+00	-1.641668E+00	 4.120425E+00	-1.862386E+00	 3.928204E+00	-2.221544E+00
 4.706486E+00	-8.080065E-02	 4.732657E+00	-2.170576E-01	 4.742321E+00	-3.211049E-01	 4.745759E+00	-4.502304E-01	 4.743231E+00	-5.640861E-01	 4.735187E+00	-6.711446E-01	 4.716508E+00	-7.946048E-01	 4.683159E+00	-9.144017E-01	 4.630179E+00	-1.041573E+00	 4.557357E+00	-1.176492E+00	 4.470332E+00	-1.320688E+00	 4.379191E+00	-1.470939E+00	 4.277102E+00	-1.643219E+00	 4.151954E+00	-1.863848E+00	 3.943099E+00	-2.220108E+00
 4.710536E+00	-7.874874E-02	 4.743710E+00	-2.120799E-01	 4.758932E+00	-3.142549E-01	 4.769331E+00	-4.414117E-01	 4.772903E+00	-5.537343E-01	 4.770524E+00	-6.596131E-01	 4.758085E+00	-7.822747E-01	 4.729910E+00	-9.023605E-01	 4.680775E+00	-1.030967E+00	 4.609738E+00	-1.168216E+00	 4.522173E+00	-1.314879E+00	 4.428481E+00	-1.467049E+00	 4.320796E+00	-1.640865E+00	 4.185704E+00	-1.861926E+00	 3.959666E+00	-2.216318E+00
 4.714482E+00	-7.637700E-02	 4.754574E+00	-2.062022E-01	 4.775346E+00	-3.060346E-01	 4.792764E+00	-4.306226E-01	 4.802538E+00	-5.408734E-01	 4.805975E+00	-6.450531E-01	 4.800051E+00	-7.663106E-01	 4.777507E+00	-8.861399E-01	 4.732872E+00	-1.015750E+00	 4.664320E+00	-1.155119E+00	 4.576734E+00	-1.304270E+00	 4.480701E+00	-1.458515E+00	 4.367370E+00	-1.634274E+00	 4.222034E+00	-1.856442E+00	 3.978139E+00	-2.210127E+00
 4.718306E+00	-7.369393E-02	 4.765197E+00	-1.994366E-01	 4.791479E+00	-2.964573E-01	 4.815936E+00	-4.178697E-01	 4.831984E+00	-5.254994E-01	 4.841361E+00	-6.274458E-01	 4.842208E+00	-7.466600E-01	 4.825761E+00	-8.656153E-01	 4.786350E+00	-9.956822E-01	 4.721131E+00	-1.136838E+00	 4.634227E+00	-1.288423E+00	 4.536211E+00	-1.444890E+00	 4.417279E+00	-1.623023E+00	 4.261379E+00	-1.847112E+00	 3.998810E+00	-2.201434E+00
 4.721991E+00	-7.070950E-02	 4.775525E+00	-1.918003E-01	 4.807245E+00	-2.855440E-01	 4.838718E+00	-4.031703E-01	 4.861077E+00	-5.076231E-01	 4.876486E+00	-6.067905E-01	 4.884331E+00	-7.232929E-01	 4.874442E+00	-8.406858E-01	 4.841033E+00	-9.705330E-01	 4.780149E+00	-1.112981E+00	 4.694847E+00	-1.266831E+00	 4.595403E+00	-1.425632E+00	 4.471053E+00	-1.606578E+00	 4.304272E+00	-1.833519E+00	 4.022055E+00	-2.190060E+00
 4.725523E+00	-6.743509E-02	 4.785502E+00	-1.833167E-01	 4.822555E+00	-2.733240E-01	 4.860978E+00	-3.865541E-01	 4.889644E+00	-4.872712E-01	 4.911139E+00	-5.831067E-01	 4.926168E+00	-6.962053E-01	 4.923274E+00	-8.112811E-01	 4.896680E+00	-9.400950E-01	 4.841275E+00	-1.083145E+00	 4.758751E+00	-1.238912E+00	 4.658693E+00	-1.400081E+00	 4.529312E+00	-1.584270E+00	 4.351384E+00	-1.815089E+00	 4.048369E+00	-2.175718E+00
 4.728886E+00	-6.388343E-02	 4.795075E+00	-1.740147E-01	 4.837320E+00	-2.598345E-01	 4.882576E+00	-3.680633E-01	 4.917498E+00	-4.644871E-01	 4.945090E+00	-5.564355E-01	 4.967439E+00	-6.654215E-01	 4.971938E+00	-7.773680E-01	 4.952973E+00	-9.041991E-01	 4.904314E+00	-1.046932E+00	 4.826023E+00	-1.204021E+00	 4.726501E+00	-1.367443E+00	 4.592776E+00	-1.555258E+00	 4.403560E+00	-1.791057E+00	 4.078415E+00	-2.157975E+00
 4.732065E+00	-6.006848E-02	 4.804190E+00	-1.639286E-01	 4.851451E+00	-2.451213E-01	 4.903370E+00	-3.477532E-01	 4.944446E+00	-4.393324E-01	 4.978096E+00	-5.268406E-01	 5.007837E+00	-6.309970E-01	 5.020060E+00	-7.389571E-01	 5.009505E+00	-8.627306E-01	 4.968942E+00	-1.003982E+00	 4.896623E+00	-1.161471E+00	 4.799208E+00	-1.326780E+00	 4.662264E+00	-1.518483E+00	 4.461858E+00	-1.760423E+00	 4.113095E+00	-2.136193E+00
 4.735045E+00	-5.600541E-02	 4.812794E+00	-1.530980E-01	 4.864857E+00	-2.292381E-01	 4.923212E+00	-3.256926E-01	 4.970287E+00	-4.118868E-01	 5.009898E+00	-4.944098E-01	 5.047030E+00	-5.930198E-01	 5.067220E+00	-6.961065E-01	 5.065774E+00	-8.156438E-01	 5.034674E+00	-9.540054E-01	 4.970325E+00	-1.110578E+00	 4.877083E+00	-1.277018E+00	 4.738660E+00	-1.472623E+00	 4.527603E+00	-1.721878E+00	 4.153650E+00	-2.109438E+00
 4.737815E+00	-5.171049E-02	 4.820837E+00	-1.415674E-01	 4.877451E+00	-2.122469E-01	 4.941958E+00	-3.019639E-01	 4.994815E+00	-3.822491E-01	 5.040226E+00	-4.592556E-01	 5.084659E+00	-5.516120E-01	 5.112952E+00	-6.489260E-01	 5.121181E+00	-7.629740E-01	 5.100845E+00	-8.968205E-01	 5.046641E+00	-1.050727E+00	 4.960173E+00	-1.216993E+00	 4.822851E+00	-1.416045E+00	 4.602421E+00	-1.673710E+00	 4.201804E+00	-2.076359E+00
 4.740361E+00	-4.720106E-02	 4.828270E+00	-1.293860E-01	 4.889147E+00	-1.942178E-01	 4.959460E+00	-2.766634E-01	 5.017821E+00	-3.505376E-01	 5.068803E+00	-4.215158E-01	 5.120349E+00	-5.069307E-01	 5.156742E+00	-5.975784E-01	 5.175033E+00	-7.048461E-01	 5.166588E+00	-8.323857E-01	 5.124741E+00	-9.814524E-01	 5.048141E+00	-1.145549E+00	 4.915566E+00	-1.346797E+00	 4.688270E+00	-1.613644E+00	 4.259953E+00	-2.034997E+00
 4.742672E+00	-4.249544E-02	 4.835050E+00	-1.166069E-01	 4.899862E+00	-1.752288E-01	 4.975576E+00	-2.499007E-01	 5.039096E+00	-3.168897E-01	 5.095347E+00	-3.813537E-01	 5.153709E+00	-4.591685E-01	 5.198048E+00	-5.422808E-01	 5.226552E+00	-6.414789E-01	 5.230836E+00	-7.608253E-01	 5.203394E+00	-9.025235E-01	 5.140076E+00	-1.061697E+00	 5.017117E+00	-1.262678E+00	 4.787412E+00	-1.538612E+00	 4.331381E+00	-1.982535E+00
 4.744737E+00	-3.761291E-02	 4.841134E+00	-1.032872E-01	 4.909519E+00	-1.553653E-01	 4.990168E+00	-2.217988E-01	 5.058438E+00	-2.814621E-01	 5.119578E+00	-3.389583E-01	 5.184343E+00	-4.085537E-01	 5.236302E+00	-4.833047E-01	 5.274894E+00	-5.731860E-01	 5.292342E+00	-6.824431E-01	 5.280930E+00	-8.140252E-01	 5.234285E+00	-9.648243E-01	 5.126951E+00	-1.161485E+00	 4.902237E+00	-1.444471E+00	 4.420466E+00	-1.914978E+00
 4.746547E+00	-3.257357E-02	 4.846486E+00	-8.948727E-02	 4.918046E+00	-1.347196E-01	 5.003108E+00	-1.924933E-01	 5.075652E+00	-2.444297E-01	 5.141226E+00	-2.945432E-01	 5.211861E+00	-3.553494E-01	 5.270930E+00	-4.209741E-01	 5.319175E+00	-5.003725E-01	 5.349716E+00	-5.977224E-01	 5.355266E+00	-7.164023E-01	 5.328141E+00	-8.549093E-01	 5.243037E+00	-1.041496E+00	 5.034632E+00	-1.325906E+00	 4.532910E+00	-1.826617E+00
 4.748093E+00	-2.739830E-02	 4.851072E+00	-7.527029E-02	 4.925378E+00	-1.133905E-01	 5.014275E+00	-1.621317E-01	 5.090558E+00	-2.059850E-01	 5.160034E+00	-2.483458E-01	 5.235886E+00	-2.998520E-01	 5.301370E+00	-3.556626E-01	 5.358508E+00	-4.235268E-01	 5.401498E+00	-5.073107E-01	 5.424012E+00	-6.104563E-01	 5.418086E+00	-7.326661E-01	 5.361188E+00	-9.021601E-01	 5.184341E+00	-1.177145E+00	 4.676548E+00	-1.708628E+00
 4.749369E+00	-2.210866E-02	 4.854864E+00	-6.070200E-02	 4.931457E+00	-9.148222E-02	 5.023564E+00	-1.308720E-01	 5.102991E+00	-1.663362E-01	 5.175769E+00	-2.006253E-01	 5.256072E+00	-2.423892E-01	 5.327096E+00	-2.877895E-01	 5.392042E+00	-3.432106E-01	 5.446243E+00	-4.119916E-01	 5.484647E+00	-4.972909E-01	 5.499889E+00	-5.995239E-01	 5.474791E+00	-7.446313E-01	 5.345977E+00	-9.941630E-01	 4.863680E+00	-1.545103E+00
 4.750367E+00	-1.672678E-02	 4.857837E+00	-4.585015E-02	 4.936236E+00	-6.910429E-02	 5.030885E+00	-9.888162E-02	 5.112813E+00	-1.257059E-01	 5.188229E+00	-1.516605E-01	 5.272111E+00	-1.833166E-01	 5.347635E+00	-2.178143E-01	 5.419007E+00	-2.600465E-01	 5.482610E+00	-3.126533E-01	 5.534738E+00	-3.782253E-01	 5.569140E+00	-4.574466E-01	 5.575475E+00	-5.717354E-01	 5.506101E+00	-7.774804E-01	 5.111116E+00	-1.306835E+00
 4.751083E+00	-1.127526E-02	 4.859973E+00	-3.078414E-02	 4.939676E+00	-4.637017E-02	 5.036165E+00	-6.633597E-02	 5.119908E+00	-8.432815E-02	 5.197246E+00	-1.017466E-01	 5.283750E+00	-1.230138E-01	 5.362594E+00	-1.462306E-01	 5.438751E+00	-1.747057E-01	 5.509453E+00	-2.102558E-01	 5.572156E+00	-2.547039E-01	 5.621805E+00	-3.086826E-01	 5.654658E+00	-3.873453E-01	 5.643823E+00	-5.332050E-01	 5.413442E+00	-9.608307E-01
 4.751514E+00	-5.777095E-03	 4.861259E+00	-1.557456E-02	 4.941748E+00	-2.339659E-02	 5.039349E+00	-3.341643E-02	 5.124192E+00	-4.244656E-02	 5.202698E+00	-5.119207E-02	 5.290799E+00	-6.187909E-02	 5.371677E+00	-7.355847E-02	 5.450781E+00	-8.789379E-02	 5.525893E+00	-1.058015E-01	 5.595255E+00	-1.282182E-01	 5.654695E+00	-1.555411E-01	 5.705185E+00	-1.956065E-01	 5.736993E+00	-2.710876E-01	 5.690586E+00	-5.063045E-01
 4.751658E+00	-2.555070E-04	 4.861685E+00	-2.928678E-04	 4.942436E+00	-3.025044E-04	 5.040407E+00	-3.085783E-04	 5.125615E+00	-3.109585E-04	 5.204509E+00	-3.142718E-04	 5.293142E+00	-3.241416E-04	 5.374698E+00	-3.358199E-04	 5.454790E+00	-3.382513E-04	 5.531383E+00	-3.110156E-04	 5.602995E+00	-2.516263E-04	 5.665785E+00	-2.457948E-04	 5.722425E+00	-3.650824E-04	 5.769788E+00	-7.637204E-04	 5.803166E+00	 8.288186E-03
