R(  2)	Z(  2)	R(  5)	Z(  5)	R(  9)	Z(  9)	R( 16)	Z( 16)	R( 24)	Z( 24)	R( 33)	Z( 33)	R( 45)	Z( 45)	R( 58)	Z( 58)	R( 73)	Z( 73)	R( 90)	Z( 90)	R(109)	Z(109)	R(129)	Z(129)	R(151)	Z(151)	R(175)	Z(175)	R(201)	Z(201)
 4.779469E+00	-2.753049E-04	 4.873783E+00	-2.973672E-04	 4.950718E+00	-3.123116E-04	 5.046345E+00	-3.259898E-04	 5.130378E+00	-3.341630E-04	 5.208526E+00	-3.417313E-04	 5.296528E+00	-3.538196E-04	 5.377590E+00	-3.688970E-04	 5.457242E+00	-3.854850E-04	 5.533443E+00	-3.976954E-04	 5.604711E+00	-4.001436E-04	 5.667211E+00	-4.031810E-04	 5.723568E+00	-3.825296E-04	 5.770615E+00	-2.224016E-04	 5.803638E+00	-6.101654E-08
 4.779268E+00	 7.449690E-03	 4.873351E+00	 1.542501E-02	 4.950072E+00	 2.216835E-02	 5.045400E+00	 3.085990E-02	 5.129138E+00	 3.873009E-02	 5.206981E+00	 4.623265E-02	 5.294598E+00	 5.492306E-02	 5.375254E+00	 6.327245E-02	 5.454431E+00	 7.201327E-02	 5.530070E+00	 8.114237E-02	 5.600669E+00	 9.069150E-02	 5.662405E+00	 1.002524E-01	 5.717831E+00	 1.105380E-01	 5.763650E+00	 1.224520E-01	 5.794598E+00	 1.402067E-01
 4.778669E+00	 1.514425E-02	 4.872062E+00	 3.109118E-02	 4.948149E+00	 4.457290E-02	 5.042589E+00	 6.194697E-02	 5.125449E+00	 7.767808E-02	 5.202387E+00	 9.267689E-02	 5.288864E+00	 1.100569E-01	 5.368315E+00	 1.267610E-01	 5.446090E+00	 1.442506E-01	 5.520078E+00	 1.625121E-01	 5.588712E+00	 1.816013E-01	 5.648217E+00	 2.007093E-01	 5.700932E+00	 2.212303E-01	 5.743220E+00	 2.448282E-01	 5.768206E+00	 2.798602E-01
 4.777673E+00	 2.277783E-02	 4.869921E+00	 4.664335E-02	 4.944953E+00	 6.682175E-02	 5.037917E+00	 9.282950E-02	 5.119321E+00	 1.163825E-01	 5.194755E+00	 1.388449E-01	 5.279341E+00	 1.648819E-01	 5.356800E+00	 1.899135E-01	 5.432260E+00	 2.161259E-01	 5.503532E+00	 2.434924E-01	 5.568954E+00	 2.720886E-01	 5.624829E+00	 3.007013E-01	 5.673163E+00	 3.313924E-01	 5.709799E+00	 3.665398E-01	 5.725341E+00	 4.184091E-01
 4.776287E+00	 3.031992E-02	 4.866936E+00	 6.202141E-02	 4.940495E+00	 8.882991E-02	 5.031401E+00	 1.233907E-01	 5.110773E+00	 1.546983E-01	 5.184114E+00	 1.845649E-01	 5.266070E+00	 2.191954E-01	 5.340765E+00	 2.524980E-01	 5.413028E+00	 2.873759E-01	 5.480570E+00	 3.237867E-01	 5.541610E+00	 3.618212E-01	 5.592570E+00	 3.998589E-01	 5.635027E+00	 4.406124E-01	 5.664168E+00	 4.871223E-01	 5.667355E+00	 5.553068E-01
 4.774515E+00	 3.774015E-02	 4.863117E+00	 7.716256E-02	 4.934793E+00	 1.105060E-01	 5.023066E+00	 1.535009E-01	 5.099843E+00	 1.924593E-01	 5.170515E+00	 2.296348E-01	 5.249125E+00	 2.727525E-01	 5.320315E+00	 3.142267E-01	 5.388548E+00	 3.576674E-01	 5.451420E+00	 4.030142E-01	 5.507021E+00	 4.503699E-01	 5.551941E+00	 4.977079E-01	 5.587250E+00	 5.483743E-01	 5.607391E+00	 6.060275E-01	 5.595953E+00	 6.900128E-01
 4.772365E+00	 4.500838E-02	 4.858481E+00	 9.200152E-02	 4.927872E+00	 1.317529E-01	 5.012954E+00	 1.830183E-01	 5.086590E+00	 2.294805E-01	 5.154040E+00	 2.738256E-01	 5.228623E+00	 3.252703E-01	 5.295616E+00	 3.747634E-01	 5.359054E+00	 4.266078E-01	 5.416419E+00	 4.807253E-01	 5.465671E+00	 5.372307E-01	 5.503617E+00	 5.936999E-01	 5.530772E+00	 6.540984E-01	 5.540768E+00	 7.226695E-01	 5.513059E+00	 8.219958E-01
 4.769847E+00	 5.209487E-02	 4.853049E+00	 1.064713E-01	 4.919767E+00	 1.524692E-01	 5.001121E+00	 2.117927E-01	 5.071100E+00	 2.655630E-01	 5.134807E+00	 3.168889E-01	 5.204733E+00	 3.764402E-01	 5.266900E+00	 4.337397E-01	 5.324865E+00	 4.937671E-01	 5.376007E+00	 5.564303E-01	 5.418167E+00	 6.218617E-01	 5.448417E+00	 6.872563E-01	 5.466687E+00	 7.571912E-01	 5.465758E+00	 8.364713E-01	 5.420687E+00	 9.507346E-01
 4.766971E+00	 5.897039E-02	 4.846848E+00	 1.205045E-01	 4.910524E+00	 1.725517E-01	 4.987644E+00	 2.396698E-01	 5.053483E+00	 3.005020E-01	 5.112970E+00	 3.585682E-01	 5.177670E+00	 4.259428E-01	 5.234456E+00	 4.907752E-01	 5.286375E+00	 5.587035E-01	 5.330713E+00	 6.296307E-01	 5.365213E+00	 7.037182E-01	 5.387259E+00	 7.778059E-01	 5.396181E+00	 8.570799E-01	 5.383885E+00	 9.468856E-01	 5.320836E+00	 1.075721E+00
 4.763750E+00	 6.560643E-02	 4.839911E+00	 1.340343E-01	 4.900197E+00	 1.918984E-01	 4.972615E+00	 2.664965E-01	 5.033875E+00	 3.340938E-01	 5.088716E+00	 3.986089E-01	 5.147692E+00	 4.734621E-01	 5.198627E+00	 5.454950E-01	 5.244030E+00	 6.209842E-01	 5.281120E+00	 6.998417E-01	 5.307564E+00	 7.822756E-01	 5.321098E+00	 8.648027E-01	 5.320454E+00	 9.532194E-01	 5.296655E+00	 1.053388E+00	 5.215426E+00	 1.196463E+00
 4.760198E+00	 7.197536E-02	 4.832277E+00	 1.469956E-01	 4.888851E+00	 2.104100E-01	 4.956143E+00	 2.921247E-01	 5.012435E+00	 3.661421E-01	 5.062258E+00	 4.367663E-01	 5.115090E+00	 5.186954E-01	 5.159790E+00	 5.975410E-01	 5.198316E+00	 6.801971E-01	 5.227846E+00	 7.666032E-01	 5.245998E+00	 8.570356E-01	 5.250891E+00	 9.477258E-01	 5.240673E+00	 1.045081E+00	 5.205496E+00	 1.155455E+00	 5.106263E+00	 1.312482E+00
 4.756330E+00	 7.805054E-02	 4.823987E+00	 1.593263E-01	 4.876561E+00	 2.279923E-01	 4.938350E+00	 3.164143E-01	 4.989338E+00	 3.964623E-01	 5.033834E+00	 4.728106E-01	 5.080180E+00	 5.613592E-01	 5.118350E+00	 6.465776E-01	 5.149741E+00	 7.359551E-01	 5.171520E+00	 8.294803E-01	 5.181283E+00	 9.275227E-01	 5.177563E+00	 1.026069E+00	 5.157945E+00	 1.132137E+00	 5.111743E+00	 1.252557E+00	 4.995042E+00	 1.423322E+00
 4.752164E+00	 8.380652E-02	 4.815092E+00	 1.709676E-01	 4.863407E+00	 2.445569E-01	 4.919371E+00	 3.392351E-01	 4.964778E+00	 4.248831E-01	 5.003700E+00	 5.065297E-01	 5.043301E+00	 6.011910E-01	 5.074730E+00	 6.922929E-01	 5.098828E+00	 7.878951E-01	 5.112774E+00	 8.880600E-01	 5.114179E+00	 9.932772E-01	 5.102007E+00	 1.099332E+00	 5.073323E+00	 1.213857E+00	 5.016652E+00	 1.344167E+00	 4.883362E+00	 1.528544E+00
 4.747718E+00	 8.921920E-02	 4.805644E+00	 1.818651E-01	 4.849480E+00	 2.600225E-01	 4.899354E+00	 3.604680E-01	 4.938964E+00	 4.512492E-01	 4.972131E+00	 5.377307E-01	 5.004810E+00	 6.379514E-01	 5.029374E+00	 7.343997E-01	 5.046113E+00	 8.356786E-01	 5.052249E+00	 9.419501E-01	 5.045435E+00	 1.053853E+00	 5.025089E+00	 1.167024E+00	 4.987814E+00	 1.289718E+00	 4.921430E+00	 1.429787E+00	 4.772747E+00	 1.627734E+00
 4.743012E+00	 9.426601E-02	 4.795701E+00	 1.919689E-01	 4.834877E+00	 2.743158E-01	 4.878456E+00	 3.800074E-01	 4.912118E+00	 4.754229E-01	 4.939416E+00	 5.662431E-01	 4.965084E+00	 6.714275E-01	 4.982744E+00	 7.726401E-01	 4.992151E+00	 8.789964E-01	 4.990596E+00	 9.907851E-01	 4.975802E+00	 1.108827E+00	 4.947662E+00	 1.228668E+00	 4.902393E+00	 1.359218E+00	 4.827247E+00	 1.508960E+00	 4.664661E+00	 1.720500E+00
 4.738066E+00	 9.892615E-02	 4.785325E+00	 2.012354E-01	 4.819700E+00	 2.873732E-01	 4.856846E+00	 3.977629E-01	 4.884475E+00	 4.972881E-01	 4.905861E+00	 5.919238E-01	 4.924514E+00	 7.014405E-01	 4.935322E+00	 8.067956E-01	 4.937517E+00	 9.175821E-01	 4.928482E+00	 1.034242E+00	 4.906041E+00	 1.157813E+00	 4.870575E+00	 1.283823E+00	 4.818005E+00	 1.421880E+00	 4.735228E+00	 1.581257E+00	 4.560499E+00	 1.806476E+00
 4.732904E+00	 1.031809E-01	 4.774580E+00	 2.096274E-01	 4.804057E+00	 2.991423E-01	 4.834697E+00	 4.136633E-01	 4.856279E+00	 5.167555E-01	 4.871783E+00	 6.146644E-01	 4.883509E+00	 7.278566E-01	 4.887603E+00	 8.367022E-01	 4.882801E+00	 9.512333E-01	 4.866595E+00	 1.072069E+00	 4.836927E+00	 1.200497E+00	 4.794675E+00	 1.332106E+00	 4.735567E+00	 1.477260E+00	 4.646414E+00	 1.646243E+00	 4.461566E+00	 1.885323E+00
 4.727548E+00	 1.070137E-01	 4.763533E+00	 2.171159E-01	 4.788059E+00	 3.095844E-01	 4.812186E+00	 4.276600E-01	 4.827776E+00	 5.337687E-01	 4.837501E+00	 6.344007E-01	 4.842476E+00	 7.506002E-01	 4.840089E+00	 8.622698E-01	 4.828600E+00	 9.798362E-01	 4.805623E+00	 1.104115E+00	 4.769236E+00	 1.236670E+00	 4.720804E+00	 1.373225E+00	 4.655956E+00	 1.524956E+00	 4.561723E+00	 1.703453E+00	 4.369030E+00	 1.956729E+00
 4.722023E+00	 1.104107E-01	 4.752248E+00	 2.236809E-01	 4.771814E+00	 3.186758E-01	 4.789488E+00	 4.397304E-01	 4.799205E+00	 5.483087E-01	 4.803321E+00	 6.511192E-01	 4.801809E+00	 7.696655E-01	 4.793260E+00	 8.834983E-01	 4.775488E+00	 1.003390E+00	 4.746233E+00	 1.130361E+00	 4.703719E+00	 1.266267E+00	 4.649769E+00	 1.407025E+00	 4.579992E+00	 1.564656E+00	 4.481924E+00	 1.752411E+00	 4.283869E+00	 2.020412E+00
 4.716354E+00	 1.133605E-01	 4.740790E+00	 2.293112E-01	 4.755427E+00	 3.264092E-01	 4.766764E+00	 4.498794E-01	 4.770787E+00	 5.603974E-01	 4.769526E+00	 6.648621E-01	 4.761867E+00	 7.851229E-01	 4.747552E+00	 9.004874E-01	 4.723983E+00	 1.022021E+00	 4.689029E+00	 1.150946E+00	 4.641057E+00	 1.289404E+00	 4.582307E+00	 1.433537E+00	 4.508414E+00	 1.596207E+00	 4.407641E+00	 1.792711E+00	 4.206818E+00	 2.076122E+00
 4.710565E+00	 1.158547E-01	 4.729218E+00	 2.340050E-01	 4.738991E+00	 3.327929E-01	 4.744156E+00	 4.581383E-01	 4.742711E+00	 5.700950E-01	 4.736354E+00	 6.757245E-01	 4.722948E+00	 7.971162E-01	 4.703325E+00	 9.134335E-01	 4.674510E+00	 1.035978E+00	 4.634503E+00	 1.166163E+00	 4.581807E+00	 1.306389E+00	 4.519024E+00	 1.453019E+00	 4.441839E+00	 1.619710E+00	 4.339363E+00	 1.824142E+00	 4.138325E+00	 2.123639E+00
 4.704680E+00	 1.178870E-01	 4.717584E+00	 2.377679E-01	 4.722586E+00	 3.378483E-01	 4.721779E+00	 4.645605E-01	 4.715126E+00	 5.774942E-01	 4.703986E+00	 6.838457E-01	 4.685271E+00	 8.058499E-01	 4.660834E+00	 9.226129E-01	 4.627361E+00	 1.045619E+00	 4.582986E+00	 1.176446E+00	 4.526341E+00	 1.317709E+00	 4.460330E+00	 1.465971E+00	 4.380697E+00	 1.635577E+00	 4.277452E+00	 1.846811E+00	 4.078537E+00	 2.162774E+00
 4.698724E+00	 1.194538E-01	 4.705934E+00	 2.406116E-01	 4.706276E+00	 3.416066E-01	 4.699720E+00	 4.692149E-01	 4.688133E+00	 5.827097E-01	 4.672535E+00	 6.893941E-01	 4.648961E+00	 8.115673E-01	 4.620210E+00	 9.283522E-01	 4.582676E+00	 1.051363E+00	 4.534622E+00	 1.182314E+00	 4.474810E+00	 1.323986E+00	 4.406388E+00	 1.473093E+00	 4.325173E+00	 1.644539E+00	 4.222093E+00	 1.861211E+00	 4.027293E+00	 2.193374E+00
 4.692720E+00	 1.205531E-01	 4.694305E+00	 2.425510E-01	 4.690108E+00	 3.441039E-01	 4.678029E+00	 4.721772E-01	 4.661783E+00	 5.858643E-01	 4.642045E+00	 6.925479E-01	 4.614045E+00	 8.145234E-01	 4.581461E+00	 9.309912E-01	 4.540430E+00	 1.053648E+00	 4.489353E+00	 1.184320E+00	 4.427120E+00	 1.325898E+00	 4.357078E+00	 1.475206E+00	 4.275148E+00	 1.647552E+00	 4.173209E+00	 1.868171E+00	 3.984155E+00	 2.215318E+00
 4.686692E+00	 1.211846E-01	 4.682727E+00	 2.436020E-01	 4.674111E+00	 3.453765E-01	 4.656728E+00	 4.735205E-01	 4.636080E+00	 5.870756E-01	 4.612495E+00	 6.934759E-01	 4.580463E+00	 8.149567E-01	 4.544477E+00	 9.308454E-01	 4.500452E+00	 1.052882E+00	 4.446936E+00	 1.182977E+00	 4.382948E+00	 1.324094E+00	 4.312002E+00	 1.473129E+00	 4.230170E+00	 1.645642E+00	 4.130358E+00	 1.868720E+00	 3.948438E+00	 2.228519E+00
 4.680661E+00	 1.213493E-01	 4.671224E+00	 2.437793E-01	 4.658303E+00	 3.454558E-01	 4.635812E+00	 4.733075E-01	 4.610986E+00	 5.864426E-01	 4.583807E+00	 6.923188E-01	 4.548079E+00	 8.130642E-01	 4.509050E+00	 9.281726E-01	 4.462451E+00	 1.049393E+00	 4.406974E+00	 1.178703E+00	 4.341780E+00	 1.319108E+00	 4.270521E+00	 1.467550E+00	 4.189469E+00	 1.639708E+00	 4.092682E+00	 1.863863E+00	 3.919253E+00	 2.232925E+00
 4.674649E+00	 1.210487E-01	 4.659815E+00	 2.430942E-01	 4.642689E+00	 3.443653E-01	 4.615257E+00	 4.715833E-01	 4.586438E+00	 5.840361E-01	 4.555867E+00	 6.891759E-01	 4.516702E+00	 8.089828E-01	 4.474908E+00	 9.231490E-01	 4.426049E+00	 1.043404E+00	 4.368971E+00	 1.171775E+00	 4.302972E+00	 1.311293E+00	 4.231824E+00	 1.458928E+00	 4.152038E+00	 1.630360E+00	 4.058951E+00	 1.854364E+00	 3.895551E+00	 2.228518E+00
 4.668678E+00	 1.202853E-01	 4.648516E+00	 2.415535E-01	 4.627270E+00	 3.421176E-01	 4.595026E+00	 4.683710E-01	 4.562352E+00	 5.798912E-01	 4.528534E+00	 6.840960E-01	 4.486114E+00	 8.027774E-01	 4.441741E+00	 9.158554E-01	 4.390830E+00	 1.035011E+00	 4.332378E+00	 1.162308E+00	 4.265820E+00	 1.300787E+00	 4.195025E+00	 1.447433E+00	 4.116755E+00	 1.617822E+00	 4.027734E+00	 1.840587E+00	 3.876166E+00	 2.215317E+00
 4.662768E+00	 1.190621E-01	 4.637342E+00	 2.391592E-01	 4.612043E+00	 3.387137E-01	 4.575080E+00	 4.636700E-01	 4.538642E+00	 5.740056E-01	 4.501665E+00	 6.770736E-01	 4.456093E+00	 7.944375E-01	 4.409237E+00	 9.062728E-01	 4.356374E+00	 1.024182E+00	 4.296650E+00	 1.150253E+00	 4.229630E+00	 1.287512E+00	 4.159259E+00	 1.432949E+00	 4.082540E+00	 1.601931E+00	 3.997642E+00	 1.822448E+00	 3.859855E+00	 2.193373E+00
 4.656941E+00	 1.173827E-01	 4.626311E+00	 2.359088E-01	 4.597010E+00	 3.341434E-01	 4.555389E+00	 4.574568E-01	 4.515233E+00	 5.663401E-01	 4.475132E+00	 6.680517E-01	 4.426436E+00	 7.838807E-01	 4.377113E+00	 8.942887E-01	 4.322304E+00	 1.010766E+00	 4.261300E+00	 1.135404E+00	 4.193790E+00	 1.271195E+00	 4.123782E+00	 1.415109E+00	 4.048495E+00	 1.582209E+00	 3.967575E+00	 1.799472E+00	 3.845343E+00	 2.162772E+00
 4.651217E+00	 1.152513E-01	 4.615443E+00	 2.317962E-01	 4.582181E+00	 3.283882E-01	 4.535933E+00	 4.496895E-01	 4.492071E+00	 5.568256E-01	 4.448840E+00	 6.569301E-01	 4.396989E+00	 7.709641E-01	 4.345149E+00	 8.797125E-01	 4.288322E+00	 9.945122E-01	 4.225946E+00	 1.117439E+00	 4.157830E+00	 1.251418E+00	 4.088045E+00	 1.393382E+00	 4.014012E+00	 1.557988E+00	 3.936859E+00	 1.770953E+00	 3.831383E+00	 2.123636E+00
 4.645617E+00	 1.126734E-01	 4.604763E+00	 2.268144E-01	 4.567576E+00	 3.214249E-01	 4.516721E+00	 4.403148E-01	 4.469141E+00	 5.453735E-01	 4.422742E+00	 6.435797E-01	 4.367664E+00	 7.555046E-01	 4.313212E+00	 8.623008E-01	 4.254245E+00	 9.751064E-01	 4.190353E+00	 1.095956E+00	 4.121468E+00	 1.227677E+00	 4.051740E+00	 1.367155E+00	 3.978798E+00	 1.528542E+00	 3.905253E+00	 1.736136E+00	 3.816820E+00	 2.076119E+00
 4.640162E+00	 1.096556E-01	 4.594303E+00	 2.209575E-01	 4.553231E+00	 3.132311E-01	 4.497784E+00	 4.292781E-01	 4.446469E+00	 5.318906E-01	 4.396855E+00	 6.278632E-01	 4.338459E+00	 7.373055E-01	 4.281278E+00	 8.417927E-01	 4.220028E+00	 9.522124E-01	 4.154456E+00	 1.070534E+00	 4.084632E+00	 1.199462E+00	 4.014810E+00	 1.335831E+00	 3.942850E+00	 1.493212E+00	 3.872826E+00	 1.694393E+00	 3.800660E+00	 2.020409E+00
 4.634875E+00	 1.062065E-01	 4.584101E+00	 2.142238E-01	 4.539195E+00	 3.037912E-01	 4.479188E+00	 4.165343E-01	 4.424128E+00	 5.162956E-01	 4.371257E+00	 6.096578E-01	 4.309460E+00	 7.161877E-01	 4.249438E+00	 8.179490E-01	 4.185768E+00	 9.255240E-01	 4.118366E+00	 1.040796E+00	 4.047457E+00	 1.166325E+00	 3.977422E+00	 1.298914E+00	 3.906378E+00	 1.451497E+00	 3.839790E+00	 1.645336E+00	 3.782144E+00	 1.956724E+00
 4.629775E+00	 1.023367E-01	 4.574202E+00	 2.066190E-01	 4.525533E+00	 2.931023E-01	 4.461023E+00	 4.020587E-01	 4.402232E+00	 4.985361E-01	 4.346088E+00	 5.888778E-01	 4.280834E+00	 6.920209E-01	 4.217892E+00	 7.905921E-01	 4.151698E+00	 8.948134E-01	 4.082354E+00	 1.006466E+00	 4.010253E+00	 1.127954E+00	 3.939921E+00	 1.256081E+00	 3.869726E+00	 1.403117E+00	 3.806373E+00	 1.588855E+00	 3.760811E+00	 1.885318E+00
 4.624884E+00	 9.805914E-02	 4.564654E+00	 1.981580E-01	 4.512319E+00	 2.811778E-01	 4.443400E+00	 3.858551E-01	 4.380930E+00	 4.786004E-01	 4.321532E+00	 5.654924E-01	 4.252815E+00	 6.647472E-01	 4.186917E+00	 7.596362E-01	 4.118147E+00	 8.599681E-01	 4.046802E+00	 9.674130E-01	 3.973451E+00	 1.084214E+00	 3.902765E+00	 1.207220E+00	 3.833311E+00	 1.348035E+00	 3.772788E+00	 1.525091E+00	 3.736540E+00	 1.806471E+00
 4.620221E+00	 9.338939E-02	 4.555505E+00	 1.888659E-01	 4.499630E+00	 2.680505E-01	 4.426440E+00	 3.679600E-01	 4.360387E+00	 4.565251E-01	 4.297802E+00	 5.395352E-01	 4.225669E+00	 6.343945E-01	 4.156840E+00	 7.251041E-01	 4.085503E+00	 8.210101E-01	 4.012155E+00	 9.236677E-01	 3.937543E+00	 1.035164E+00	 3.866460E+00	 1.152439E+00	 3.797592E+00	 1.286440E+00	 3.739285E+00	 1.454372E+00	 3.709561E+00	 1.720494E+00
 4.615806E+00	 8.834550E-02	 4.546807E+00	 1.787784E-01	 4.487547E+00	 2.537714E-01	 4.410268E+00	 3.484421E-01	 4.340770E+00	 4.323937E-01	 4.275111E+00	 5.111036E-01	 4.199672E+00	 6.010755E-01	 4.127995E+00	 6.871247E-01	 4.054160E+00	 7.780915E-01	 3.978862E+00	 8.754172E-01	 3.903018E+00	 9.810402E-01	 3.831514E+00	 1.092036E+00	 3.763046E+00	 1.218707E+00	 3.706228E+00	 1.377133E+00	 3.680428E+00	 1.627728E+00
 4.611654E+00	 8.294780E-02	 4.538604E+00	 1.679398E-01	 4.476143E+00	 2.384073E-01	 4.394998E+00	 3.273976E-01	 4.322238E+00	 4.063301E-01	 4.253660E+00	 4.803484E-01	 4.175077E+00	 5.649738E-01	 4.100690E+00	 6.459162E-01	 4.024478E+00	 7.314714E-01	 3.947330E+00	 8.229708E-01	 3.870315E+00	 9.222131E-01	 3.798386E+00	 1.026444E+00	 3.730148E+00	 1.145323E+00	 3.674116E+00	 1.293858E+00	 3.649956E+00	 1.528538E+00
 4.607782E+00	 7.721862E-02	 4.530939E+00	 1.564017E-01	 4.465485E+00	 2.220365E-01	 4.380731E+00	 3.049421E-01	 4.304922E+00	 3.784861E-01	 4.233619E+00	 4.474581E-01	 4.152099E+00	 5.263225E-01	 4.075182E+00	 6.017566E-01	 3.996756E+00	 6.814790E-01	 3.917891E+00	 7.667154E-01	 3.839795E+00	 8.591306E-01	 3.767457E+00	 9.561676E-01	 3.699332E+00	 1.066827E+00	 3.643537E+00	 1.205044E+00	 3.619126E+00	 1.423315E+00
 4.604203E+00	 7.118191E-02	 4.523848E+00	 1.442201E-01	 4.455629E+00	 2.047445E-01	 4.367547E+00	 2.812025E-01	 4.288931E+00	 3.490288E-01	 4.215120E+00	 4.126404E-01	 4.130902E+00	 4.853787E-01	 4.051667E+00	 5.549531E-01	 3.971219E+00	 6.284752E-01	 3.890795E+00	 7.070684E-01	 3.811724E+00	 7.922660E-01	 3.739018E+00	 8.817240E-01	 3.670955E+00	 9.837558E-01	 3.615061E+00	 1.111192E+00	 3.588971E+00	 1.312475E+00
 4.600931E+00	 6.486287E-02	 4.517362E+00	 1.314532E-01	 4.446619E+00	 1.866191E-01	 4.355509E+00	 2.563084E-01	 4.274344E+00	 3.181285E-01	 4.198259E+00	 3.761060E-01	 4.111604E+00	 4.424021E-01	 4.030280E+00	 5.058138E-01	 3.948019E+00	 5.728196E-01	 3.866207E+00	 6.444409E-01	 3.786278E+00	 7.220777E-01	 3.713262E+00	 8.036075E-01	 3.645261E+00	 8.966202E-01	 3.589130E+00	 1.012801E+00	 3.560463E+00	 1.196455E+00
 4.597975E+00	 5.828763E-02	 4.511505E+00	 1.181599E-01	 4.438489E+00	 1.677476E-01	 4.344664E+00	 2.303872E-01	 4.261217E+00	 2.859501E-01	 4.183102E+00	 3.380574E-01	 4.094277E+00	 3.976402E-01	 4.011103E+00	 4.546300E-01	 3.927246E+00	 5.148484E-01	 3.844224E+00	 5.792137E-01	 3.763561E+00	 6.489873E-01	 3.690300E+00	 7.222723E-01	 3.622386E+00	 8.058976E-01	 3.566015E+00	 9.103655E-01	 3.534414E+00	 1.075714E+00
 4.595345E+00	 5.148306E-02	 4.506296E+00	 1.043988E-01	 4.431267E+00	 1.482155E-01	 4.335042E+00	 2.035605E-01	 4.249585E+00	 2.526496E-01	 4.169687E+00	 2.986837E-01	 4.078965E+00	 3.513211E-01	 3.994180E+00	 4.016675E-01	 3.908943E+00	 4.548663E-01	 3.824888E+00	 5.117296E-01	 3.743616E+00	 5.733744E-01	 3.670175E+00	 6.381318E-01	 3.602378E+00	 7.120366E-01	 3.545830E+00	 8.043726E-01	 3.511416E+00	 9.507267E-01
 4.593050E+00	 4.447658E-02	 4.501753E+00	 9.022775E-02	 4.424973E+00	 1.281054E-01	 4.326668E+00	 1.759444E-01	 4.239473E+00	 2.183733E-01	 4.158038E+00	 2.581600E-01	 4.065686E+00	 3.036535E-01	 3.979527E+00	 3.471673E-01	 3.893123E+00	 3.931475E-01	 3.808206E+00	 4.422967E-01	 3.726446E+00	 4.955819E-01	 3.652890E+00	 5.515655E-01	 3.585235E+00	 6.154611E-01	 3.528591E+00	 6.952901E-01	 3.491809E+00	 8.219876E-01
 4.591096E+00	 3.729606E-02	 4.497888E+00	 7.570403E-02	 4.419623E+00	 1.074983E-01	 4.319557E+00	 1.476506E-01	 4.230896E+00	 1.832601E-01	 4.148168E+00	 2.166513E-01	 4.054450E+00	 2.548319E-01	 3.967145E+00	 2.913522E-01	 3.879777E+00	 3.299441E-01	 3.794163E+00	 3.711977E-01	 3.712028E+00	 4.159260E-01	 3.638418E+00	 4.629269E-01	 3.570932E+00	 5.165712E-01	 3.514276E+00	 5.835636E-01	 3.475702E+00	 6.900045E-01
 4.589489E+00	 2.996983E-02	 4.494712E+00	 6.088491E-02	 4.415228E+00	 8.647450E-02	 4.313723E+00	 1.187887E-01	 4.223864E+00	 1.474455E-01	 4.140083E+00	 1.743168E-01	 4.045258E+00	 2.050432E-01	 3.957030E+00	 2.344349E-01	 3.868892E+00	 2.654961E-01	 3.782733E+00	 2.987021E-01	 3.700325E+00	 3.347082E-01	 3.626716E+00	 3.725525E-01	 3.559424E+00	 4.157450E-01	 3.502837E+00	 4.696199E-01	 3.463016E+00	 5.552983E-01
 4.588235E+00	 2.252652E-02	 4.492233E+00	 4.582800E-02	 4.411801E+00	 6.511474E-02	 4.309175E+00	 8.946823E-02	 4.218387E+00	 1.110645E-01	 4.133790E+00	 1.313151E-01	 4.038110E+00	 1.544725E-01	 3.949173E+00	 1.766263E-01	 3.860449E+00	 2.000414E-01	 3.773885E+00	 2.250763E-01	 3.691294E+00	 2.522258E-01	 3.617725E+00	 2.807712E-01	 3.550645E+00	 3.133466E-01	 3.494193E+00	 3.538779E-01	 3.453551E+00	 4.184005E-01
 4.587336E+00	 1.499511E-02	 4.490458E+00	 3.059165E-02	 4.409347E+00	 4.350094E-02	 4.305921E+00	 5.980070E-02	 4.214471E+00	 7.425420E-02	 4.129294E+00	 8.780750E-02	 4.033006E+00	 1.033084E-01	 3.943568E+00	 1.181408E-01	 3.854434E+00	 1.338219E-01	 3.767593E+00	 1.505914E-01	 3.684890E+00	 1.687805E-01	 3.611381E+00	 1.879150E-01	 3.544504E+00	 2.097409E-01	 3.488216E+00	 2.367624E-01	 3.447059E+00	 2.798515E-01
 4.586797E+00	 7.404792E-03	 4.489392E+00	 1.523499E-02	 4.407874E+00	 2.171654E-02	 4.303968E+00	 2.989982E-02	 4.212121E+00	 3.715506E-02	 4.126596E+00	 4.395906E-02	 4.029947E+00	 5.174427E-02	 3.940210E+00	 5.919896E-02	 3.850834E+00	 6.708638E-02	 3.763833E+00	 7.552643E-02	 3.681074E+00	 8.468390E-02	 3.607619E+00	 9.432847E-02	 3.540894E+00	 1.053092E-01	 3.484746E+00	 1.187144E-01	 3.443311E+00	 1.401980E-01
 4.586617E+00	-2.150760E-04	 4.489038E+00	-1.821119E-04	 4.407384E+00	-1.536814E-04	 4.303319E+00	-1.185378E-04	 4.211340E+00	-8.955988E-05	 4.125701E+00	-6.109097E-05	 4.028932E+00	-2.146522E-05	 3.939098E+00	 2.696097E-05	 3.849643E+00	 9.065049E-05	 3.762592E+00	 1.687192E-04	 3.679819E+00	 2.579829E-04	 3.606391E+00	 3.710618E-04	 3.539730E+00	 4.555177E-04	 3.483652E+00	 1.938174E-04	 3.442142E+00	-8.841293E-06
 4.586799E+00	-7.835048E-03	 4.489396E+00	-1.559941E-02	 4.407880E+00	-2.202416E-02	 4.303976E+00	-3.013719E-02	 4.212131E+00	-3.733449E-02	 4.126609E+00	-4.408156E-02	 4.029962E+00	-5.178753E-02	 3.940229E+00	-5.914541E-02	 3.850858E+00	-6.690552E-02	 3.763864E+00	-7.518954E-02	 3.681116E+00	-8.416861E-02	 3.607678E+00	-9.358724E-02	 3.540977E+00	-1.043992E-01	 3.484875E+00	-1.183272E-01	 3.443489E+00	-1.402156E-01
 4.587341E+00	-1.542568E-02	 4.490467E+00	-3.095663E-02	 4.409359E+00	-4.380930E-02	 4.305937E+00	-6.003893E-02	 4.214491E+00	-7.443450E-02	 4.129319E+00	-8.793086E-02	 4.033037E+00	-1.033525E-01	 3.943605E+00	-1.180883E-01	 3.854479E+00	-1.336422E-01	 3.767653E+00	-1.502560E-01	 3.684972E+00	-1.682670E-01	 3.611494E+00	-1.871764E-01	 3.544663E+00	-2.088343E-01	 3.488463E+00	-2.363764E-01	 3.447400E+00	-2.798691E-01
 4.588242E+00	-2.295760E-02	 4.492246E+00	-4.619389E-02	 4.411818E+00	-6.542425E-02	 4.309198E+00	-8.970774E-02	 4.218417E+00	-1.112460E-01	 4.133827E+00	-1.314397E-01	 4.038155E+00	-1.545178E-01	 3.949226E+00	-1.765750E-01	 3.860515E+00	-1.998632E-01	 3.773971E+00	-2.247429E-01	 3.691411E+00	-2.517150E-01	 3.617884E+00	-2.800364E-01	 3.550868E+00	-3.124451E-01	 3.494540E+00	-3.534935E-01	 3.454025E+00	-4.184180E-01
 4.589499E+00	-3.040160E-02	 4.494729E+00	-6.125198E-02	 4.415251E+00	-8.678547E-02	 4.313754E+00	-1.190297E-01	 4.223904E+00	-1.476284E-01	 4.140131E+00	-1.744425E-01	 4.045316E+00	-2.050894E-01	 3.957098E+00	-2.343845E-01	 3.868974E+00	-2.653191E-01	 3.782839E+00	-2.983704E-01	 3.700469E+00	-3.342001E-01	 3.626908E+00	-3.718224E-01	 3.559692E+00	-4.148500E-01	 3.503256E+00	-4.692367E-01	 3.463580E+00	-5.553157E-01
 4.591108E+00	-3.772872E-02	 4.497909E+00	-7.607252E-02	 4.419651E+00	-1.078109E-01	 4.319595E+00	-1.478932E-01	 4.230944E+00	-1.834442E-01	 4.148226E+00	-2.167777E-01	 4.054519E+00	-2.548784E-01	 3.967225E+00	-2.913018E-01	 3.879872E+00	-3.297673E-01	 3.794283E+00	-3.708668E-01	 3.712188E+00	-4.154199E-01	 3.638630E+00	-4.622012E-01	 3.571224E+00	-5.156832E-01	 3.514737E+00	-5.831805E-01	 3.476304E+00	-6.900218E-01
 4.593064E+00	-4.491027E-02	 4.501778E+00	-9.059783E-02	 4.425007E+00	-1.284197E-01	 4.326712E+00	-1.761884E-01	 4.239529E+00	-2.185581E-01	 4.158105E+00	-2.582863E-01	 4.065763E+00	-3.036990E-01	 3.979615E+00	-3.471155E-01	 3.893225E+00	-3.929692E-01	 3.808332E+00	-4.419648E-01	 3.726612E+00	-4.950760E-01	 3.653106E+00	-5.508430E-01	 3.585529E+00	-6.145795E-01	 3.529060E+00	-6.949056E-01	 3.492390E+00	-8.220047E-01
 4.595361E+00	-5.191797E-02	 4.506325E+00	-1.047706E-01	 4.431305E+00	-1.485315E-01	 4.335092E+00	-2.038056E-01	 4.249647E+00	-2.528345E-01	 4.169760E+00	-2.988088E-01	 4.079048E+00	-3.513641E-01	 3.994272E+00	-4.016123E-01	 3.909046E+00	-4.546843E-01	 3.825012E+00	-5.113944E-01	 3.743775E+00	-5.728667E-01	 3.670377E+00	-6.374110E-01	 3.602647E+00	-7.111604E-01	 3.546271E+00	-8.039852E-01	 3.511917E+00	-9.507435E-01
 4.597993E+00	-5.872391E-02	 4.511537E+00	-1.185336E-01	 4.438532E+00	-1.680654E-01	 4.344719E+00	-2.306331E-01	 4.261284E+00	-2.861344E-01	 4.183179E+00	-3.381804E-01	 4.094363E+00	-3.976795E-01	 4.011194E+00	-4.545697E-01	 3.927344E+00	-5.146608E-01	 3.844336E+00	-5.788732E-01	 3.763701E+00	-6.484757E-01	 3.690469E+00	-7.215516E-01	 3.622607E+00	-8.050261E-01	 3.566393E+00	-9.099740E-01	 3.534784E+00	-1.075730E+00
 4.600951E+00	-6.530071E-02	 4.517398E+00	-1.318289E-01	 4.446665E+00	-1.869387E-01	 4.355568E+00	-2.565552E-01	 4.274415E+00	-3.183120E-01	 4.198338E+00	-3.762263E-01	 4.111688E+00	-4.424367E-01	 4.030365E+00	-5.057475E-01	 3.948105E+00	-5.726253E-01	 3.866299E+00	-6.440942E-01	 3.786387E+00	-7.215616E-01	 3.713384E+00	-8.028868E-01	 3.645412E+00	-8.957539E-01	 3.589413E+00	-1.012405E+00	 3.560660E+00	-1.196472E+00
 4.604225E+00	-7.162151E-02	 4.523887E+00	-1.445982E-01	 4.455679E+00	-2.050663E-01	 4.367609E+00	-2.814505E-01	 4.289003E+00	-3.492119E-01	 4.215198E+00	-4.127585E-01	 4.130982E+00	-4.854092E-01	 4.051742E+00	-5.548814E-01	 3.971286E+00	-6.282752E-01	 3.890858E+00	-7.067167E-01	 3.811790E+00	-7.917470E-01	 3.739078E+00	-8.810055E-01	 3.671017E+00	-9.828978E-01	 3.615225E+00	-1.110794E+00	 3.588975E+00	-1.312491E+00
 4.607805E+00	-7.766020E-02	 4.530981E+00	-1.567827E-01	 4.465538E+00	-2.223612E-01	 4.380795E+00	-3.051923E-01	 4.304994E+00	-3.786701E-01	 4.233695E+00	-4.475757E-01	 4.152171E+00	-5.263511E-01	 4.075243E+00	-6.016824E-01	 3.996801E+00	-6.812766E-01	 3.917920E+00	-7.663627E-01	 3.839812E+00	-8.586134E-01	 3.767446E+00	-9.554570E-01	 3.699294E+00	-1.065983E+00	 3.643571E+00	-1.204646E+00	 3.618935E+00	-1.423331E+00
 4.611679E+00	-8.339160E-02	 4.538648E+00	-1.683243E-01	 4.476198E+00	-2.387359E-01	 4.395064E+00	-3.276516E-01	 4.322310E+00	-4.065173E-01	 4.253734E+00	-4.804685E-01	 4.175142E+00	-5.650046E-01	 4.100736E+00	-6.458445E-01	 4.024498E+00	-7.312730E-01	 3.947322E+00	-8.226247E-01	 3.870279E+00	-9.217064E-01	 3.798300E+00	-1.025751E+00	 3.730006E+00	-1.144503E+00	 3.674020E+00	-1.293467E+00	 3.649591E+00	-1.528553E+00
 4.615832E+00	-8.879177E-02	 4.546853E+00	-1.791671E-01	 4.487604E+00	-2.541052E-01	 4.410336E+00	-3.487022E-01	 4.340843E+00	-4.325874E-01	 4.275183E+00	-5.112305E-01	 4.199729E+00	-6.011140E-01	 4.128027E+00	-6.870628E-01	 4.054158E+00	-7.779061E-01	 3.978819E+00	-8.750883E-01	 3.902931E+00	-9.805562E-01	 3.831357E+00	-1.091374E+00	 3.762807E+00	-1.217924E+00	 3.706018E+00	-1.376757E+00	 3.679928E+00	-1.627743E+00
 4.620250E+00	-9.383837E-02	 4.555555E+00	-1.892598E-01	 4.499691E+00	-2.683911E-01	 4.426511E+00	-3.682287E-01	 4.360462E+00	-4.567289E-01	 4.297874E+00	-5.396740E-01	 4.225723E+00	-6.344476E-01	 4.156863E+00	-7.250604E-01	 4.085484E+00	-8.208480E-01	 4.012084E+00	-9.233686E-01	 3.937414E+00	-1.034717E+00	 3.866241E+00	-1.151823E+00	 3.797270E+00	-1.285710E+00	 3.738984E+00	-1.454023E+00	 3.708979E+00	-1.720509E+00
 4.624914E+00	-9.851106E-02	 4.564706E+00	-1.985579E-01	 4.512384E+00	-2.815266E-01	 4.443476E+00	-3.861351E-01	 4.381011E+00	-4.788182E-01	 4.321609E+00	-5.656480E-01	 4.252871E+00	-6.648215E-01	 4.186939E+00	-7.596194E-01	 4.118121E+00	-8.598400E-01	 4.046716E+00	-9.671563E-01	 3.973294E+00	-1.083818E+00	 3.902502E+00	-1.206667E+00	 3.832930E+00	-1.347372E+00	 3.772423E+00	-1.524781E+00	 3.735938E+00	-1.806485E+00
 4.629806E+00	-1.027918E-01	 4.574258E+00	-2.070256E-01	 4.525604E+00	-2.934606E-01	 4.461107E+00	-4.023522E-01	 4.402322E+00	-4.987709E-01	 4.346175E+00	-5.890544E-01	 4.280901E+00	-6.921221E-01	 4.217923E+00	-7.906090E-01	 4.151677E+00	-8.947279E-01	 4.082268E+00	-1.006263E+00	 4.010088E+00	-1.127622E+00	 3.939638E+00	-1.255604E+00	 3.869312E+00	-1.402538E+00	 3.805975E+00	-1.588595E+00	 3.760249E+00	-1.885331E+00
 4.634907E+00	-1.066649E-01	 4.584162E+00	-2.146375E-01	 4.539273E+00	-3.041601E-01	 4.479283E+00	-4.168427E-01	 4.424231E+00	-5.165496E-01	 4.371360E+00	-6.098582E-01	 4.309546E+00	-7.163193E-01	 4.249490E+00	-8.180042E-01	 4.185767E+00	-9.254865E-01	 4.118299E+00	-1.040652E+00	 4.047306E+00	-1.166065E+00	 3.977145E+00	-1.298522E+00	 3.905960E+00	-1.451012E+00	 3.839388E+00	-1.645138E+00	 3.781678E+00	-1.956738E+00
 4.640196E+00	-1.101173E-01	 4.594368E+00	-2.213785E-01	 4.553317E+00	-3.136109E-01	 4.497892E+00	-4.296020E-01	 4.446590E+00	-5.321643E-01	 4.396980E+00	-6.280880E-01	 4.338572E+00	-7.374682E-01	 4.281360E+00	-8.418870E-01	 4.220061E+00	-9.522238E-01	 4.154424E+00	-1.070450E+00	 4.084516E+00	-1.199274E+00	 4.014563E+00	-1.335526E+00	 3.942457E+00	-1.492824E+00	 3.872447E+00	-1.694261E+00	 3.800333E+00	-2.020421E+00
 4.645652E+00	-1.131384E-01	 4.604832E+00	-2.272428E-01	 4.567671E+00	-3.218154E-01	 4.516843E+00	-4.406538E-01	 4.469284E+00	-5.456662E-01	 4.422895E+00	-6.438276E-01	 4.367811E+00	-7.556965E-01	 4.313334E+00	-8.624317E-01	 4.254324E+00	-9.751633E-01	 4.190371E+00	-1.095927E+00	 4.121405E+00	-1.227557E+00	 4.051546E+00	-1.366931E+00	 3.978453E+00	-1.528247E+00	 3.904920E+00	-1.736066E+00	 3.816661E+00	-2.076131E+00
 4.651253E+00	-1.157197E-01	 4.615517E+00	-2.322316E-01	 4.582285E+00	-3.287889E-01	 4.536072E+00	-4.500422E-01	 4.492237E+00	-5.571351E-01	 4.449022E+00	-6.571981E-01	 4.397173E+00	-7.711810E-01	 4.345317E+00	-8.798742E-01	 4.288454E+00	-9.946074E-01	 4.226025E+00	-1.117457E+00	 4.157833E+00	-1.251353E+00	 4.087919E+00	-1.393226E+00	 4.013734E+00	-1.557772E+00	 3.936592E+00	-1.770935E+00	 3.831403E+00	-2.123648E+00
 4.656979E+00	-1.178544E-01	 4.626391E+00	-2.363508E-01	 4.597124E+00	-3.345533E-01	 4.555543E+00	-4.578215E-01	 4.515421E+00	-5.666635E-01	 4.475344E+00	-6.683357E-01	 4.426659E+00	-7.841167E-01	 4.377328E+00	-8.944737E-01	 4.322492E+00	-1.010889E+00	 4.261442E+00	-1.135457E+00	 4.193863E+00	-1.271171E+00	 4.123732E+00	-1.415003E+00	 4.048294E+00	-1.582052E+00	 3.967388E+00	-1.799487E+00	 3.845536E+00	-2.162783E+00
 4.662807E+00	-1.195371E-01	 4.637426E+00	-2.396074E-01	 4.612165E+00	-3.391318E-01	 4.575249E+00	-4.640446E-01	 4.538852E+00	-5.743397E-01	 4.501905E+00	-6.773689E-01	 4.456352E+00	-7.946863E-01	 4.409495E+00	-9.064726E-01	 4.356613E+00	-1.024323E+00	 4.296851E+00	-1.150326E+00	 4.229770E+00	-1.287512E+00	 4.159281E+00	-1.432872E+00	 4.082416E+00	-1.601808E+00	 3.997539E+00	-1.822472E+00	 3.860201E+00	-2.193383E+00
 4.668718E+00	-1.207635E-01	 4.648603E+00	-2.420074E-01	 4.627399E+00	-3.425432E-01	 4.595207E+00	-4.687537E-01	 4.562579E+00	-5.802332E-01	 4.528797E+00	-6.843986E-01	 4.486402E+00	-8.030330E-01	 4.442035E+00	-9.160621E-01	 4.391112E+00	-1.035159E+00	 4.332629E+00	-1.162389E+00	 4.266016E+00	-1.300793E+00	 4.195108E+00	-1.447365E+00	 4.116698E+00	-1.617709E+00	 4.027703E+00	-1.840596E+00	 3.876632E+00	-2.215327E+00
 4.674690E+00	-1.215301E-01	 4.659905E+00	-2.435535E-01	 4.642823E+00	-3.447977E-01	 4.615446E+00	-4.719729E-01	 4.586677E+00	-5.843838E-01	 4.556145E+00	-6.894827E-01	 4.517010E+00	-8.092407E-01	 4.475226E+00	-9.233565E-01	 4.426359E+00	-1.043552E+00	 4.369255E+00	-1.171852E+00	 4.303205E+00	-1.311292E+00	 4.231948E+00	-1.458850E+00	 4.152025E+00	-1.630234E+00	 4.058972E+00	-1.854334E+00	 3.896093E+00	-2.228528E+00
 4.680702E+00	-1.218339E-01	 4.671315E+00	-2.442440E-01	 4.658439E+00	-3.458948E-01	 4.636006E+00	-4.737037E-01	 4.611231E+00	-5.867954E-01	 4.584093E+00	-6.926283E-01	 4.548395E+00	-8.133220E-01	 4.509378E+00	-9.283772E-01	 4.462772E+00	-1.049535E+00	 4.407270E+00	-1.178769E+00	 4.342025E+00	-1.319090E+00	 4.270657E+00	-1.467450E+00	 4.189469E+00	-1.639554E+00	 4.092720E+00	-1.863779E+00	 3.919820E+00	-2.232934E+00
 4.686733E+00	-1.216725E-01	 4.682818E+00	-2.440724E-01	 4.674247E+00	-3.458225E-01	 4.656921E+00	-4.739238E-01	 4.636322E+00	-5.874339E-01	 4.612778E+00	-6.937886E-01	 4.580776E+00	-8.152146E-01	 4.544799E+00	-9.310466E-01	 4.500765E+00	-1.053016E+00	 4.447220E+00	-1.183030E+00	 4.383178E+00	-1.324056E+00	 4.312120E+00	-1.473002E+00	 4.230147E+00	-1.645453E+00	 4.130372E+00	-1.868576E+00	 3.948978E+00	-2.228528E+00
 4.692762E+00	-1.210444E-01	 4.694395E+00	-2.430275E-01	 4.690241E+00	-3.445579E-01	 4.678216E+00	-4.725891E-01	 4.662018E+00	-5.862304E-01	 4.642316E+00	-6.928666E-01	 4.614342E+00	-8.147845E-01	 4.581762E+00	-9.311925E-01	 4.540714E+00	-1.053778E+00	 4.489602E+00	-1.184363E+00	 4.427307E+00	-1.325842E+00	 4.357143E+00	-1.475056E+00	 4.275065E+00	-1.647332E+00	 4.173156E+00	-1.867972E+00	 3.984614E+00	-2.215326E+00
 4.698765E+00	-1.199486E-01	 4.706021E+00	-2.410950E-01	 4.706404E+00	-3.420699E-01	 4.699898E+00	-4.696381E-01	 4.688353E+00	-5.830873E-01	 4.672786E+00	-6.897237E-01	 4.649229E+00	-8.118378E-01	 4.620473E+00	-9.285609E-01	 4.582913E+00	-1.051497E+00	 4.534813E+00	-1.182357E+00	 4.474926E+00	-1.323923E+00	 4.406370E+00	-1.472931E+00	 4.324994E+00	-1.644303E+00	 4.221935E+00	-1.860975E+00	 4.027621E+00	-2.193382E+00
 4.704721E+00	-1.183855E-01	 4.717668E+00	-2.382591E-01	 4.722707E+00	-3.383228E-01	 4.721944E+00	-4.649982E-01	 4.715326E+00	-5.778884E-01	 4.704209E+00	-6.841929E-01	 4.685501E+00	-8.061387E-01	 4.661048E+00	-9.228400E-01	 4.627537E+00	-1.045771E+00	 4.583101E+00	-1.176504E+00	 4.526366E+00	-1.317658E+00	 4.460205E+00	-1.465820E+00	 4.380394E+00	-1.635351E+00	 4.277159E+00	-1.846565E+00	 4.078690E+00	-2.162781E+00
 4.710605E+00	-1.163570E-01	 4.729298E+00	-2.345049E-01	 4.739104E+00	-3.332804E-01	 4.744305E+00	-4.585941E-01	 4.742888E+00	-5.705112E-01	 4.736546E+00	-6.760971E-01	 4.723135E+00	-7.974339E-01	 4.703483E+00	-9.136924E-01	 4.674614E+00	-1.036165E+00	 4.634530E+00	-1.166258E+00	 4.581726E+00	-1.306375E+00	 4.518776E+00	-1.452907E+00	 4.441398E+00	-1.619525E+00	 4.338917E+00	-1.823916E+00	 4.138274E+00	-2.123645E+00
 4.716394E+00	-1.138668E-01	 4.740866E+00	-2.298208E-01	 4.755531E+00	-3.269116E-01	 4.766897E+00	-4.503569E-01	 4.770940E+00	-5.608414E-01	 4.769685E+00	-6.652681E-01	 4.762009E+00	-7.854805E-01	 4.747652E+00	-9.007926E-01	 4.724014E+00	-1.022260E+00	 4.688966E+00	-1.151099E+00	 4.640870E+00	-1.289454E+00	 4.581936E+00	-1.433494E+00	 4.507834E+00	-1.596095E+00	 4.407039E+00	-1.792536E+00	 4.206547E+00	-2.076128E+00
 4.722062E+00	-1.109210E-01	 4.752319E+00	-2.242007E-01	 4.771910E+00	-3.191943E-01	 4.789607E+00	-4.402324E-01	 4.799337E+00	-5.487852E-01	 4.803450E+00	-6.515655E-01	 4.801909E+00	-7.700731E-01	 4.793306E+00	-8.838630E-01	 4.775452E+00	-1.003699E+00	 4.746089E+00	-1.130595E+00	 4.703435E+00	-1.266407E+00	 4.649288E+00	-1.407080E+00	 4.579287E+00	-1.564645E+00	 4.481182E+00	-1.752312E+00	 4.283385E+00	-2.020418E+00
 4.727586E+00	-1.075282E-01	 4.763600E+00	-2.176464E-01	 4.788147E+00	-3.101199E-01	 4.812293E+00	-4.281884E-01	 4.827889E+00	-5.342808E-01	 4.837605E+00	-6.348923E-01	 4.842543E+00	-7.510651E-01	 4.840093E+00	-8.627041E-01	 4.828513E+00	-9.802279E-01	 4.805416E+00	-1.104445E+00	 4.768879E+00	-1.236918E+00	 4.720239E+00	-1.373400E+00	 4.655159E+00	-1.525067E+00	 4.560873E+00	-1.703445E+00	 4.368360E+00	-1.956733E+00
 4.732941E+00	-1.036994E-01	 4.774644E+00	-2.101683E-01	 4.804139E+00	-2.996947E-01	 4.834794E+00	-4.142184E-01	 4.856380E+00	-5.173043E-01	 4.871871E+00	-6.152032E-01	 4.883555E+00	-7.283822E-01	 4.887582E+00	-8.372113E-01	 4.882684E+00	-9.517151E-01	 4.866353E+00	-1.072505E+00	 4.836530E+00	-1.200864E+00	 4.794068E+00	-1.332411E+00	 4.734723E+00	-1.477502E+00	 4.645504E+00	-1.646331E+00	 4.460760E+00	-1.885327E+00
 4.738102E+00	-9.944865E-02	 4.785387E+00	-2.017862E-01	 4.819778E+00	-2.879415E-01	 4.856938E+00	-3.983433E-01	 4.884570E+00	-4.978720E-01	 4.905943E+00	-5.925082E-01	 4.924554E+00	-7.020255E-01	 4.935295E+00	-8.073787E-01	 4.937394E+00	-9.181540E-01	 4.928238E+00	-1.034784E+00	 4.905644E+00	-1.158301E+00	 4.869972E+00	-1.284259E+00	 4.817168E+00	-1.422253E+00	 4.734319E+00	-1.581440E+00	 4.559627E+00	-1.806480E+00
 4.743046E+00	-9.479225E-02	 4.795761E+00	-1.925287E-01	 4.834954E+00	-2.748983E-01	 4.878548E+00	-3.806103E-01	 4.912214E+00	-4.760381E-01	 4.939501E+00	-5.668685E-01	 4.965132E+00	-6.720662E-01	 4.982732E+00	-7.732907E-01	 4.992051E+00	-8.796511E-01	 4.990383E+00	-9.914250E-01	 4.975448E+00	-1.109426E+00	 4.947115E+00	-1.229225E+00	 4.901622E+00	-1.359711E+00	 4.826407E+00	-1.509229E+00	 4.663808E+00	-1.720504E+00
 4.747751E+00	-8.974892E-02	 4.805702E+00	-1.824326E-01	 4.849557E+00	-2.606168E-01	 4.899448E+00	-3.610895E-01	 4.939067E+00	-4.518900E-01	 4.972229E+00	-5.383895E-01	 5.004881E+00	-6.386342E-01	 5.029394E+00	-7.351063E-01	 5.046059E+00	-8.364028E-01	 5.052100E+00	-9.426735E-01	 5.045163E+00	-1.054549E+00	 5.024646E+00	-1.167686E+00	 4.987169E+00	-1.290314E+00	 4.920728E+00	-1.430129E+00	 4.772004E+00	-1.627737E+00
 4.752196E+00	-8.433942E-02	 4.815149E+00	-1.715415E-01	 4.863484E+00	-2.451604E-01	 4.919470E+00	-3.398703E-01	 4.964892E+00	-4.255426E-01	 5.003817E+00	-5.072128E-01	 5.043403E+00	-6.019060E-01	 5.074796E+00	-6.930407E-01	 5.098839E+00	-7.886713E-01	 5.112713E+00	-8.888470E-01	 5.114022E+00	-9.940469E-01	 5.101708E+00	-1.100077E+00	 5.072855E+00	-1.214535E+00	 5.016152E+00	-1.344567E+00	 4.882816E+00	-1.528547E+00
 4.756360E+00	-7.858630E-02	 4.824043E+00	-1.599050E-01	 4.876638E+00	-2.286024E-01	 4.938455E+00	-3.170586E-01	 4.989464E+00	-3.971334E-01	 5.033973E+00	-4.735084E-01	 5.080318E+00	-5.620936E-01	 5.118470E+00	-6.473508E-01	 5.149829E+00	-7.367640E-01	 5.171561E+00	-8.303087E-01	 5.181263E+00	-9.283426E-01	 5.177438E+00	-1.026871E+00	 5.157692E+00	-1.132874E+00	 5.111495E+00	-1.252999E+00	 4.994767E+00	-1.423324E+00
 4.760226E+00	-7.251368E-02	 4.832331E+00	-1.475780E-01	 4.888929E+00	-2.110243E-01	 4.956252E+00	-2.927739E-01	 5.012572E+00	-3.668186E-01	 5.062418E+00	-4.374701E-01	 5.115263E+00	-5.194375E-01	 5.159964E+00	-5.983244E-01	 5.198482E+00	-6.810205E-01	 5.227996E+00	-7.674516E-01	 5.246122E+00	-8.578818E-01	 5.250953E+00	-9.485604E-01	 5.240654E+00	-1.045854E+00	 5.205530E+00	-1.155922E+00	 5.106311E+00	-1.312484E+00
 4.763775E+00	-6.614703E-02	 4.839964E+00	-1.346192E-01	 4.900273E+00	-1.925150E-01	 4.972727E+00	-2.671471E-01	 5.034021E+00	-3.347705E-01	 5.088892E+00	-3.993118E-01	 5.147895E+00	-4.742023E-01	 5.198849E+00	-5.462765E-01	 5.244266E+00	-6.218068E-01	 5.281370E+00	-7.006920E-01	 5.307825E+00	-7.831275E-01	 5.321342E+00	-8.656481E-01	 5.320669E+00	-9.540072E-01	 5.296975E+00	-1.053864E+00	 5.215817E+00	-1.196464E+00
 4.766994E+00	-5.951299E-02	 4.846897E+00	-1.210913E-01	 4.910598E+00	-1.731695E-01	 4.987756E+00	-2.403198E-01	 5.053633E+00	-3.011758E-01	 5.113156E+00	-3.592658E-01	 5.177894E+00	-4.266749E-01	 5.234714E+00	-4.915466E-01	 5.286667E+00	-5.595149E-01	 5.331045E+00	-6.304698E-01	 5.365589E+00	-7.045608E-01	 5.387660E+00	-7.786455E-01	 5.396605E+00	-8.578658E-01	 5.384467E+00	-9.473585E-01	 5.321556E+00	-1.075723E+00
 4.769867E+00	-5.263925E-02	 4.853094E+00	-1.070595E-01	 4.919837E+00	-1.530875E-01	 5.001229E+00	-2.124412E-01	 5.071247E+00	-2.662327E-01	 5.134994E+00	-3.175794E-01	 5.204965E+00	-3.771617E-01	 5.267176E+00	-4.344973E-01	 5.325192E+00	-4.945623E-01	 5.376394E+00	-5.572518E-01	 5.418626E+00	-6.226867E-01	 5.448937E+00	-6.880806E-01	 5.467275E+00	-7.579654E-01	 5.466549E+00	-8.369328E-01	 5.421684E+00	-9.507359E-01
 4.772383E+00	-4.555433E-02	 4.858521E+00	-9.259090E-02	 4.927936E+00	-1.323717E-01	 5.013053E+00	-1.836656E-01	 5.086729E+00	-2.301465E-01	 5.154218E+00	-2.745096E-01	 5.228850E+00	-3.259819E-01	 5.295893E+00	-3.755079E-01	 5.359390E+00	-4.273871E-01	 5.416828E+00	-4.815290E-01	 5.466171E+00	-5.380372E-01	 5.504203E+00	-5.945070E-01	 5.531461E+00	-6.548583E-01	 5.541694E+00	-7.231178E-01	 5.514249E+00	-8.219968E-01
 4.774530E+00	-3.828746E-02	 4.863152E+00	-7.775312E-02	 4.934849E+00	-1.111256E-01	 5.023154E+00	-1.541477E-01	 5.099967E+00	-1.931230E-01	 5.170677E+00	-2.303145E-01	 5.249334E+00	-2.734572E-01	 5.320574E+00	-3.149618E-01	 5.388869E+00	-3.584352E-01	 5.451819E+00	-4.038047E-01	 5.507518E+00	-4.511625E-01	 5.552538E+00	-4.985021E-01	 5.587969E+00	-5.491234E-01	 5.608361E+00	-6.064654E-01	 5.597224E+00	-6.900137E-01
 4.776299E+00	-3.086838E-02	 4.866964E+00	-6.261317E-02	 4.940541E+00	-8.945062E-02	 5.031475E+00	-1.240380E-01	 5.110877E+00	-1.553615E-01	 5.184252E+00	-1.852429E-01	 5.266250E+00	-2.198970E-01	 5.340990E+00	-2.532287E-01	 5.413311E+00	-2.881381E-01	 5.480927E+00	-3.245709E-01	 5.542060E+00	-3.626074E-01	 5.593121E+00	-4.006478E-01	 5.635704E+00	-4.413578E-01	 5.665088E+00	-4.875554E-01	 5.668582E+00	-5.553075E-01
 4.777683E+00	-2.332722E-02	 4.869943E+00	-4.723626E-02	 4.944988E+00	-6.744382E-02	 5.037974E+00	-9.347816E-02	 5.119402E+00	-1.170469E-01	 5.194863E+00	-1.395238E-01	 5.279483E+00	-1.655839E-01	 5.356979E+00	-1.906444E-01	 5.432487E+00	-2.168882E-01	 5.503821E+00	-2.442770E-01	 5.569323E+00	-2.728758E-01	 5.625286E+00	-3.014923E-01	 5.673733E+00	-3.321409E-01	 5.710578E+00	-3.669740E-01	 5.726399E+00	-4.184097E-01
 4.778675E+00	-1.569432E-02	 4.872077E+00	-3.168506E-02	 4.948172E+00	-4.519628E-02	 5.042627E+00	-6.259724E-02	 5.125505E+00	-7.834427E-02	 5.202460E+00	-9.335773E-02	 5.288961E+00	-1.107612E-01	 5.368439E+00	-1.274946E-01	 5.446248E+00	-1.450163E-01	 5.520280E+00	-1.633011E-01	 5.588973E+00	-1.823939E-01	 5.648543E+00	-2.015068E-01	 5.701343E+00	-2.219860E-01	 5.743784E+00	-2.452668E-01	 5.768982E+00	-2.798607E-01
 4.779271E+00	-8.000176E-03	 4.873358E+00	-1.601955E-02	 4.950084E+00	-2.279267E-02	 5.045420E+00	-3.151146E-02	 5.129166E+00	-3.939787E-02	 5.207018E+00	-4.691543E-02	 5.294648E+00	-5.562982E-02	 5.375317E+00	-6.400912E-02	 5.454511E+00	-7.278282E-02	 5.530174E+00	-8.193600E-02	 5.600803E+00	-9.148967E-02	 5.662575E+00	-1.010564E-01	 5.718045E+00	-1.113005E-01	 5.763946E+00	-1.228952E-01	 5.795008E+00	-1.402072E-01
 4.779469E+00	-2.753222E-04	 4.873783E+00	-2.974024E-04	 4.950718E+00	-3.123619E-04	 5.046345E+00	-3.260595E-04	 5.130378E+00	-3.342504E-04	 5.208526E+00	-3.418354E-04	 5.296528E+00	-3.539432E-04	 5.377590E+00	-3.690393E-04	 5.457242E+00	-3.856468E-04	 5.533443E+00	-3.978777E-04	 5.604711E+00	-4.003472E-04	 5.667211E+00	-4.034060E-04	 5.723568E+00	-3.827776E-04	 5.770615E+00	-2.226759E-04	 5.803638E+00	-3.746095E-07
