r	   0/   0	   1/   0	   2/   0	   3/   0	   4/   0	   5/   0	   6/   0	   7/   0	   8/   0	   9/   0	  10/   0	  11/   0	  12/   0	  13/   0	  14/   0	  15/   0
0.05000	 4.682135E+00	 6.836484E-02	 1.180576E-03	-3.488219E-05	 6.706802E-06	 4.064116E-06	 9.692683E-07	 9.357696E-07	-3.284078E-07	-3.563298E-08	 7.026604E-08	 4.109828E-09	 2.058002E-08	 4.804148E-09	-1.325056E-09	-1.211666E-10
0.08660	 4.679170E+00	 1.179766E-01	 3.579484E-03	 8.277214E-05	 1.246204E-05	-1.806814E-05	 1.098765E-06	 5.190704E-06	-2.827498E-07	-7.581035E-08	 1.135242E-07	 1.410223E-08	 4.744544E-08	 1.886069E-08	-3.265663E-10	-2.837847E-10
0.11180	 4.676231E+00	 1.518682E-01	 5.953363E-03	 4.420456E-04	 3.573182E-05	-6.039675E-05	-6.253020E-06	 8.341366E-06	 5.361940E-07	-3.858663E-07	 2.844550E-08	 1.264328E-08	 2.093540E-08	 2.357326E-08	 2.032461E-09	-1.594754E-09
0.13229	 4.673306E+00	 1.793856E-01	 8.314860E-03	 6.704657E-04	 6.637801E-05	-5.541070E-05	-1.068284E-05	 7.092274E-06	 1.219528E-06	-6.877435E-07	 9.643628E-08	 7.370022E-08	 9.087615E-09	 1.916138E-08	-1.515988E-09	-3.498677E-09
0.15000	 4.670288E+00	 2.031419E-01	 1.076813E-02	 8.889798E-04	 8.355567E-05	-4.424320E-05	-7.485115E-06	 7.041692E-06	 9.262384E-07	-1.149019E-06	 1.599858E-07	 2.352055E-07	 5.844739E-08	 1.514585E-08	-7.293256E-09	-4.879835E-09
0.16583	 4.667184E+00	 2.243353E-01	 1.328093E-02	 1.114448E-03	 1.049803E-04	-2.985199E-05	-4.806670E-06	 6.589748E-06	 1.239246E-06	-1.400206E-06	 2.290164E-08	 3.337698E-07	 1.052794E-07	 1.641142E-08	-6.485684E-09	-3.995529E-09
0.18028	 4.664023E+00	 2.436320E-01	 1.582005E-02	 1.356844E-03	 1.328569E-04	-1.441322E-05	-2.802126E-06	 5.720662E-06	 1.621988E-06	-1.434207E-06	-1.079100E-07	 3.687250E-07	 1.190862E-07	 1.208047E-08	-3.877583E-09	 2.091730E-10
0.19365	 4.660847E+00	 2.614509E-01	 1.834695E-02	 1.619402E-03	 1.674190E-04	 6.045324E-07	-1.239250E-06	 4.708389E-06	 1.896401E-06	-1.322953E-06	-2.018443E-07	 3.574271E-07	 1.159555E-07	 4.301578E-09	-3.799939E-09	 5.154542E-09
0.20616	 4.657700E+00	 2.780780E-01	 2.082470E-02	 1.899609E-03	 2.082517E-04	 1.462178E-05	 9.524590E-08	 3.740558E-06	 2.024931E-06	-1.126551E-06	-2.535234E-07	 3.147949E-07	 1.031498E-07	-2.942081E-09	-5.498970E-09	 9.242965E-09
0.21794	 4.654623E+00	 2.937209E-01	 2.322247E-02	 2.191830E-03	 2.546497E-04	 2.754845E-05	 1.306284E-06	 2.937081E-06	 2.041619E-06	-8.978521E-07	-2.697688E-07	 2.566904E-07	 8.532361E-08	-7.885352E-09	-7.847222E-09	 1.197909E-08
0.22913	 4.651642E+00	 3.085346E-01	 2.552379E-02	 2.490504E-03	 3.055436E-04	 3.953318E-05	 2.544064E-06	 2.362084E-06	 1.969866E-06	-6.753178E-07	-2.563033E-07	 1.968817E-07	 6.610954E-08	-9.971584E-09	-1.002961E-08	 1.336778E-08
0.23979	 4.648765E+00	 3.226374E-01	 2.772864E-02	 2.792018E-03	 3.598914E-04	 5.084157E-05	 3.942697E-06	 2.030347E-06	 1.831168E-06	-4.814485E-07	-2.210210E-07	 1.445074E-07	 4.843264E-08	-9.445701E-09	-1.167539E-08	 1.367637E-08
0.25000	 4.645981E+00	 3.361199E-01	 2.985308E-02	 3.095905E-03	 4.169513E-04	 6.179684E-05	 5.628141E-06	 1.924922E-06	 1.637482E-06	-3.257915E-07	-1.700406E-07	 1.040848E-07	 3.358975E-08	-6.891568E-09	-1.261301E-08	 1.324176E-08
0.25981	 4.643267E+00	 3.490526E-01	 3.192191E-02	 3.403940E-03	 4.763711E-04	 7.274317E-05	 7.682439E-06	 2.010137E-06	 1.403598E-06	-2.083743E-07	-1.096289E-07	 7.622397E-08	 2.172324E-08	-3.011485E-09	-1.285426E-08	 1.237027E-08
0.26926	 4.640603E+00	 3.614924E-01	 3.395731E-02	 3.718218E-03	 5.381624E-04	 8.398443E-05	 1.006646E-05	 2.244302E-06	 1.172419E-06	-1.238250E-07	-5.215046E-08	 5.885921E-08	 1.340504E-08	 1.377311E-09	-1.280277E-08	 1.135280E-08
0.27839	 4.637970E+00	 3.734866E-01	 3.597612E-02	 4.040356E-03	 6.024341E-04	 9.576701E-05	 1.273117E-05	 2.592329E-06	 9.763568E-07	-6.418812E-08	-4.907538E-09	 4.903393E-08	 8.220100E-09	 5.772719E-09	-1.268185E-08	 1.038070E-08
0.28723	 4.635355E+00	 3.850759E-01	 3.798831E-02	 4.371144E-03	 6.693027E-04	 1.082723E-04	 1.564263E-05	 3.027946E-06	 8.317493E-07	-2.116338E-08	 3.011435E-08	 4.389132E-08	 5.168691E-09	 9.958509E-09	-1.255145E-08	 9.544926E-09
0.29580	 4.632758E+00	 3.962958E-01	 3.999447E-02	 4.709969E-03	 7.388283E-04	 1.215845E-04	 1.873777E-05	 3.533330E-06	 7.556777E-07	 1.157605E-08	 5.008626E-08	 4.129528E-08	 4.145071E-09	 1.372671E-08	-1.268492E-08	 8.911846E-09
0.30414	 4.630181E+00	 4.071786E-01	 4.198957E-02	 5.055217E-03	 8.109412E-04	 1.357162E-04	 2.196858E-05	 4.096613E-06	 7.525476E-07	 3.902893E-08	 5.541134E-08	 3.983355E-08	 4.914653E-09	 1.703726E-08	-1.323227E-08	 8.496522E-09
0.31225	 4.627628E+00	 4.177520E-01	 4.396887E-02	 5.405397E-03	 8.855216E-04	 1.506601E-04	 2.533719E-05	 4.711669E-06	 8.075141E-07	 6.480033E-08	 5.183210E-08	 3.884724E-08	 6.350671E-09	 2.000509E-08	-1.398621E-08	 8.268232E-09
0.32016	 4.625103E+00	 4.280404E-01	 4.592909E-02	 5.759316E-03	 9.624400E-04	 1.664012E-04	 2.886402E-05	 5.375738E-06	 9.023372E-07	 9.118770E-08	 4.522088E-08	 3.810572E-08	 7.475250E-09	 2.275209E-08	-1.473354E-08	 8.175787E-09
0.32787	 4.622608E+00	 4.380651E-01	 4.786771E-02	 6.115981E-03	 1.041553E-03	 1.829062E-04	 3.255719E-05	 6.088654E-06	 1.026977E-06	 1.190027E-07	 3.795310E-08	 3.769848E-08	 8.271812E-09	 2.530779E-08	-1.552635E-08	 8.180327E-09
0.33541	 4.620143E+00	 4.478443E-01	 4.978511E-02	 6.475094E-03	 1.122756E-03	 2.001517E-04	 3.643912E-05	 6.855229E-06	 1.172044E-06	 1.480922E-07	 3.223460E-08	 3.798336E-08	 8.678581E-09	 2.769223E-08	-1.634504E-08	 8.255481E-09
0.34278	 4.617702E+00	 4.573935E-01	 5.168570E-02	 6.837257E-03	 1.206030E-03	 2.181526E-04	 4.055712E-05	 7.684587E-06	 1.327661E-06	 1.788844E-07	 3.106205E-08	 3.911565E-08	 8.226337E-09	 3.002960E-08	-1.699571E-08	 8.350371E-09
0.35000	 4.615279E+00	 4.667256E-01	 5.357555E-02	 7.203757E-03	 1.291475E-03	 2.369365E-04	 4.495092E-05	 8.588721E-06	 1.492177E-06	 2.117144E-07	 3.497487E-08	 4.118505E-08	 6.985813E-09	 3.239185E-08	-1.745944E-08	 8.425628E-09
0.35707	 4.612868E+00	 4.758516E-01	 5.546048E-02	 7.576289E-03	 1.379290E-03	 2.565260E-04	 4.964426E-05	 9.580804E-06	 1.670550E-06	 2.465598E-07	 4.253987E-08	 4.432275E-08	 5.469615E-09	 3.477572E-08	-1.786507E-08	 8.468037E-09
0.36401	 4.610462E+00	 4.847812E-01	 5.734578E-02	 7.956730E-03	 1.469759E-03	 2.769483E-04	 5.465526E-05	 1.067289E-05	 1.868542E-06	 2.838644E-07	 5.251900E-08	 4.850190E-08	 4.004656E-09	 3.720637E-08	-1.827218E-08	 8.466618E-09
0.37081	 4.608056E+00	 4.935229E-01	 5.923533E-02	 8.346776E-03	 1.563200E-03	 2.982353E-04	 5.999302E-05	 1.187381E-05	 2.092468E-06	 3.245751E-07	 6.368653E-08	 5.353082E-08	 2.839857E-09	 3.972174E-08	-1.872532E-08	 8.414002E-09
0.37749	 4.605648E+00	 5.020850E-01	 6.113087E-02	 8.747381E-03	 1.659867E-03	 3.204189E-04	 6.565703E-05	 1.318765E-05	 2.348919E-06	 3.704502E-07	 7.478812E-08	 5.894788E-08	 2.218932E-09	 4.242855E-08	-1.928352E-08	 8.281851E-09
0.38406	 4.603236E+00	 5.104760E-01	 6.303216E-02	 9.158699E-03	 1.759917E-03	 3.435279E-04	 7.164179E-05	 1.461459E-05	 2.642723E-06	 4.235800E-07	 8.518706E-08	 6.421049E-08	 2.215194E-09	 4.547754E-08	-1.994957E-08	 8.029945E-09
0.39051	 4.600822E+00	 5.187039E-01	 6.493723E-02	 9.580294E-03	 1.863425E-03	 3.675744E-04	 7.793435E-05	 1.615245E-05	 2.976913E-06	 4.852616E-07	 9.459203E-08	 6.906825E-08	 2.846257E-09	 4.893046E-08	-2.071305E-08	 7.650838E-09
0.39686	 4.598408E+00	 5.267767E-01	 6.684296E-02	 1.001145E-02	 1.970418E-03	 3.925466E-04	 8.451460E-05	 1.779735E-05	 3.352624E-06	 5.559333E-07	 1.029668E-07	 7.350850E-08	 4.091396E-09	 5.277994E-08	-2.155728E-08	 7.159732E-09
0.40311	 4.595998E+00	 5.347016E-01	 6.874607E-02	 1.045158E-02	 2.080923E-03	 4.184089E-04	 9.135817E-05	 1.954506E-05	 3.769224E-06	 6.353139E-07	 1.105551E-07	 7.766528E-08	 5.865716E-09	 5.698853E-08	-2.244673E-08	 6.577886E-09
0.40927	 4.593594E+00	 5.424846E-01	 7.064414E-02	 1.090078E-02	 2.195070E-03	 4.451142E-04	 9.843953E-05	 2.139244E-05	 4.224726E-06	 7.221838E-07	 1.177461E-07	 8.188711E-08	 8.026305E-09	 6.143663E-08	-2.333190E-08	 5.954223E-09
0.41533	 4.591195E+00	 5.501305E-01	 7.253633E-02	 1.135991E-02	 2.313117E-03	 4.726227E-04	 1.057395E-04	 2.333822E-05	 4.716299E-06	 8.153000E-07	 1.252776E-07	 8.646788E-08	 1.026265E-08	 6.600772E-08	-2.410248E-08	 5.336674E-09
0.42131	 4.588802E+00	 5.576431E-01	 7.442294E-02	 1.183040E-02	 2.435417E-03	 5.009088E-04	 1.132428E-04	 2.538153E-05	 5.241745E-06	 9.136642E-07	 1.335398E-07	 9.152283E-08	 1.233753E-08	 7.061766E-08	-2.468759E-08	 4.755104E-09
0.42720	 4.586412E+00	 5.650253E-01	 7.630492E-02	 1.231387E-02	 2.562359E-03	 5.299657E-04	 1.209388E-04	 2.752102E-05	 5.800004E-06	 1.016967E-06	 1.424550E-07	 9.687536E-08	 1.415647E-08	 7.526646E-08	-2.508101E-08	 4.202171E-09
0.43301	 4.584025E+00	 5.722800E-01	 7.818385E-02	 1.281191E-02	 2.694330E-03	 5.598141E-04	 1.288283E-04	 2.975650E-05	 6.390589E-06	 1.125698E-06	 1.521039E-07	 1.021836E-07	 1.558221E-08	 8.002178E-08	-2.525228E-08	 3.646795E-09
0.43875	 4.581636E+00	 5.794090E-01	 8.006204E-02	 1.332640E-02	 2.831791E-03	 5.905099E-04	 1.369204E-04	 3.208840E-05	 7.013191E-06	 1.240173E-06	 1.625144E-07	 1.072470E-07	 1.649776E-08	 8.488936E-08	-2.517839E-08	 3.083253E-09
0.44441	 4.579243E+00	 5.864143E-01	 8.194208E-02	 1.385910E-02	 2.975202E-03	 6.221368E-04	 1.452334E-04	 3.451829E-05	 7.668613E-06	 1.361316E-06	 1.736891E-07	 1.118070E-07	 1.683230E-08	 8.990238E-08	-2.485344E-08	 2.495248E-09
0.45000	 4.576842E+00	 5.932972E-01	 8.382684E-02	 1.441189E-02	 3.125085E-03	 6.548145E-04	 1.537933E-04	 3.704772E-05	 8.357735E-06	 1.490175E-06	 1.857116E-07	 1.156511E-07	 1.648892E-08	 9.506911E-08	-2.426150E-08	 1.878508E-09
0.45552	 4.574430E+00	 6.000590E-01	 8.571901E-02	 1.498642E-02	 3.281947E-03	 6.886871E-04	 1.626317E-04	 3.967855E-05	 9.082068E-06	 1.628066E-06	 1.986443E-07	 1.185903E-07	 1.540767E-08	 1.003914E-07	-2.340299E-08	 1.230528E-09
0.46098	 4.572003E+00	 6.067009E-01	 8.762088E-02	 1.558411E-02	 3.446292E-03	 7.239202E-04	 1.717834E-04	 4.241163E-05	 9.843111E-06	 1.776418E-06	 2.125176E-07	 1.204086E-07	 1.354551E-08	 1.058830E-07	-2.228824E-08	 5.423884E-10
0.46637	 4.569559E+00	 6.132245E-01	 8.953415E-02	 1.620605E-02	 3.618591E-03	 7.606911E-04	 1.812856E-04	 4.524746E-05	 1.064225E-05	 1.936626E-06	 2.274132E-07	 1.209246E-07	 1.084900E-08	 1.115476E-07	-2.092561E-08	-1.913576E-10
0.47170	 4.567096E+00	 6.196312E-01	 9.145984E-02	 1.685310E-02	 3.799292E-03	 7.991792E-04	 1.911732E-04	 4.818519E-05	 1.148076E-05	 2.110112E-06	 2.433006E-07	 1.198658E-07	 7.288253E-09	 1.174228E-07	-1.933896E-08	-9.963015E-10
0.47697	 4.564612E+00	 6.259220E-01	 9.339870E-02	 1.752624E-02	 3.988913E-03	 8.395731E-04	 2.014783E-04	 5.122232E-05	 1.235859E-05	 2.297390E-06	 2.601614E-07	 1.171488E-07	 2.753075E-09	 1.234270E-07	-1.754025E-08	-1.855690E-09
0.48218	 4.562107E+00	 6.320981E-01	 9.535104E-02	 1.822650E-02	 4.188034E-03	 8.820754E-04	 2.122300E-04	 5.435270E-05	 1.327372E-05	 2.498202E-06	 2.778537E-07	 1.126905E-07	-2.936284E-09	 1.294087E-07	-1.554961E-08	-2.735605E-09
0.48734	 4.559580E+00	 6.381608E-01	 9.731633E-02	 1.895441E-02	 4.397141E-03	 9.268908E-04	 2.234587E-04	 5.756757E-05	 1.422271E-05	 2.712321E-06	 2.963043E-07	 1.062088E-07	-1.003427E-08	 1.352688E-07	-1.337897E-08	-3.633050E-09
0.49244	 4.557032E+00	 6.441119E-01	 9.929303E-02	 1.970976E-02	 4.616564E-03	 9.742165E-04	 2.351956E-04	 6.085505E-05	 1.520041E-05	 2.939353E-06	 3.152862E-07	 9.718735E-08	-1.877041E-08	 1.410040E-07	-1.106339E-08	-4.598069E-09
0.49749	 4.554464E+00	 6.499537E-01	 1.012791E-01	 2.049194E-02	 4.846523E-03	 1.024240E-03	 2.474751E-04	 6.420387E-05	 1.620038E-05	 3.178027E-06	 3.345931E-07	 8.530371E-08	-2.937328E-08	 1.465421E-07	-8.645572E-09	-5.660944E-09
0.50249	 4.551879E+00	 6.556881E-01	 1.032728E-01	 2.130068E-02	 5.087329E-03	 1.077178E-03	 2.603410E-04	 6.760333E-05	 1.721350E-05	 3.425457E-06	 3.540666E-07	 7.048220E-08	-4.221115E-08	 1.516620E-07	-6.130826E-09	-6.797855E-09
0.50744	 4.549276E+00	 6.613171E-01	 1.052727E-01	 2.213547E-02	 5.339221E-03	 1.133240E-03	 2.738451E-04	 7.104626E-05	 1.823111E-05	 3.678576E-06	 3.734191E-07	 5.265268E-08	-5.758491E-08	 1.561484E-07	-3.561882E-09	-8.000078E-09
0.51235	 4.546657E+00	 6.668422E-01	 1.072774E-01	 2.299602E-02	 5.602480E-03	 1.192661E-03	 2.880495E-04	 7.452641E-05	 1.924274E-05	 3.933167E-06	 3.920347E-07	 3.166293E-08	-7.582372E-08	 1.597817E-07	-9.819376E-10	-9.267116E-09
0.51720	 4.544024E+00	 6.722658E-01	 1.092853E-01	 2.388146E-02	 5.877207E-03	 1.255654E-03	 3.030270E-04	 7.804463E-05	 2.024000E-05	 4.185453E-06	 4.093281E-07	 7.357607E-09	-9.715688E-08	 1.624185E-07	 1.552438E-09	-1.063021E-08
0.52202	 4.541377E+00	 6.775895E-01	 1.112953E-01	 2.479122E-02	 6.163566E-03	 1.322457E-03	 3.188621E-04	 8.160474E-05	 2.121343E-05	 4.430336E-06	 4.242497E-07	-2.044421E-08	-1.218057E-07	 1.638943E-07	 3.981510E-09	-1.211567E-08
0.52678	 4.538716E+00	 6.828153E-01	 1.133066E-01	 2.572456E-02	 6.461638E-03	 1.393295E-03	 3.356505E-04	 8.521999E-05	 2.215672E-05	 4.663113E-06	 4.358130E-07	-5.177648E-08	-1.499100E-07	 1.640452E-07	 6.244799E-09	-1.374363E-08
0.53151	 4.536042E+00	 6.879445E-01	 1.153191E-01	 2.668139E-02	 6.771683E-03	 1.468434E-03	 3.535006E-04	 8.890678E-05	 2.306289E-05	 4.877630E-06	 4.422886E-07	-8.679757E-08	-1.816048E-07	 1.626654E-07	 8.261758E-09	-1.552147E-08
0.53619	 4.533355E+00	 6.929783E-01	 1.173328E-01	 2.766141E-02	 7.093877E-03	 1.548133E-03	 3.725344E-04	 9.269266E-05	 2.392957E-05	 5.069145E-06	 4.422660E-07	-1.256700E-07	-2.170091E-07	 1.596211E-07	 9.992500E-09	-1.746844E-08
0.54083	 4.530653E+00	 6.979176E-01	 1.193480E-01	 2.866463E-02	 7.428485E-03	 1.632677E-03	 3.928831E-04	 9.660830E-05	 2.475484E-05	 5.232177E-06	 4.335244E-07	-1.688749E-07	-2.561998E-07	 1.548229E-07	 1.136592E-08	-1.962563E-08
0.54544	 4.527936E+00	 7.027637E-01	 1.213651E-01	 2.969082E-02	 7.775688E-03	 1.722337E-03	 4.146860E-04	 1.006932E-04	 2.554084E-05	 5.362367E-06	 4.140225E-07	-2.169133E-07	-2.992618E-07	 1.482146E-07	 1.234760E-08	-2.203058E-08
0.55000	 4.525204E+00	 7.075173E-01	 1.233843E-01	 3.073996E-02	 8.135742E-03	 1.817402E-03	 4.380872E-04	 1.049888E-04	 2.628999E-05	 5.454538E-06	 3.809422E-07	-2.705752E-07	-3.463032E-07	 1.397208E-07	 1.287700E-08	-2.471931E-08
0.55453	 4.522454E+00	 7.121794E-01	 1.254059E-01	 3.181196E-02	 8.508874E-03	 1.918153E-03	 4.632357E-04	 1.095425E-04	 2.700740E-05	 5.504130E-06	 3.313558E-07	-3.308393E-07	-3.974980E-07	 1.292806E-07	 1.291248E-08	-2.772875E-08
0.55902	 4.519688E+00	 7.167509E-01	 1.274300E-01	 3.290668E-02	 8.895304E-03	 2.024875E-03	 4.902855E-04	 1.144059E-04	 2.770029E-05	 5.506940E-06	 2.621544E-07	-3.988889E-07	-4.531126E-07	 1.168218E-07	 1.242901E-08	-3.108979E-08
0.56347	 4.516905E+00	 7.212324E-01	 1.294567E-01	 3.402413E-02	 9.295301E-03	 2.137870E-03	 5.193981E-04	 1.196341E-04	 2.837641E-05	 5.457941E-06	 1.694476E-07	-4.762206E-07	-5.134952E-07	 1.022068E-07	 1.137115E-08	-3.481346E-08
0.56789	 4.514104E+00	 7.256251E-01	 1.314859E-01	 3.516376E-02	 9.708940E-03	 2.257388E-03	 5.507340E-04	 1.252915E-04	 2.905029E-05	 5.355591E-06	 5.036173E-08	-5.644906E-07	-5.791033E-07	 8.545144E-08	 9.784009E-09	-3.894803E-08
0.57228	 4.511284E+00	 7.299299E-01	 1.335174E-01	 3.632548E-02	 1.013646E-02	 2.383721E-03	 5.844591E-04	 1.314419E-04	 2.973492E-05	 5.196256E-06	-9.928109E-08	-6.657055E-07	-6.505209E-07	 6.637118E-08	 7.621787E-09	-4.350532E-08
0.57663	 4.508446E+00	 7.341471E-01	 1.355512E-01	 3.750934E-02	 1.057817E-02	 2.517173E-03	 6.207446E-04	 1.381521E-04	 3.044414E-05	 4.975847E-06	-2.841600E-07	-7.821411E-07	-7.285322E-07	 4.462176E-08	 4.799476E-09	-4.846135E-08
0.58095	 4.505591E+00	 7.382780E-01	 1.375865E-01	 3.871483E-02	 1.103414E-02	 2.657994E-03	 6.597558E-04	 1.454939E-04	 3.119673E-05	 4.693276E-06	-5.082331E-07	-9.165154E-07	-8.141257E-07	 2.002082E-08	 1.315216E-09	-5.385537E-08
0.58523	 4.502717E+00	 7.423239E-01	 1.396226E-01	 3.994124E-02	 1.150441E-02	 2.806404E-03	 7.016520E-04	 1.535409E-04	 3.201321E-05	 4.347761E-06	-7.757326E-07	-1.071764E-06	-9.084082E-07	-7.719105E-09	-2.881598E-09	-5.972085E-08
0.58949	 4.499827E+00	 7.462854E-01	 1.416586E-01	 4.118830E-02	 1.198914E-02	 2.962671E-03	 7.466030E-04	 1.623681E-04	 3.291266E-05	 3.936446E-06	-1.092008E-06	-1.251196E-06	-1.012798E-06	-3.919483E-08	-7.931254E-09	-6.603645E-08
0.59372	 4.496920E+00	 7.501638E-01	 1.436934E-01	 4.245537E-02	 1.248836E-02	 3.127007E-03	 7.947697E-04	 1.720537E-04	 3.391852E-05	 3.459132E-06	-1.461757E-06	-1.458450E-06	-1.128908E-06	-7.495992E-08	-1.396228E-08	-7.283286E-08
0.59791	 4.493998E+00	 7.539604E-01	 1.457261E-01	 4.374178E-02	 1.300206E-02	 3.299611E-03	 8.463132E-04	 1.826806E-04	 3.505739E-05	 2.916934E-06	-1.889396E-06	-1.697314E-06	-1.258555E-06	-1.156873E-07	-2.113283E-08	-8.014212E-08
0.60208	 4.491061E+00	 7.576758E-01	 1.477559E-01	 4.504724E-02	 1.353039E-02	 3.480739E-03	 9.014122E-04	 1.943361E-04	 3.635570E-05	 2.309604E-06	-2.380304E-06	-1.972076E-06	-1.403930E-06	-1.623482E-07	-2.969933E-08	-8.797040E-08
0.60622	 4.488109E+00	 7.613112E-01	 1.497816E-01	 4.637104E-02	 1.407330E-02	 3.670568E-03	 9.602310E-04	 2.071116E-04	 3.784642E-05	 1.641182E-06	-2.938321E-06	-2.286929E-06	-1.567272E-06	-2.158673E-07	-3.992873E-08	-9.638417E-08
0.61033	 4.485145E+00	 7.648676E-01	 1.518026E-01	 4.771277E-02	 1.463084E-02	 3.869328E-03	 1.022951E-03	 2.211033E-04	 3.956266E-05	 9.146054E-07	-3.568186E-06	-2.646625E-06	-1.751232E-06	-2.774621E-07	-5.218836E-08	-1.054412E-07
0.61441	 4.482167E+00	 7.683459E-01	 1.538179E-01	 4.907173E-02	 1.520296E-02	 4.077202E-03	 1.089746E-03	 2.364121E-04	 4.154316E-05	 1.363202E-07	-4.273272E-06	-3.055736E-06	-1.958552E-06	-3.484216E-07	-6.689065E-08	-1.152362E-07
0.61847	 4.479178E+00	 7.717473E-01	 1.558267E-01	 5.044733E-02	 1.578961E-02	 4.294374E-03	 1.160793E-03	 2.531423E-04	 4.382877E-05	-6.863756E-07	-5.056917E-06	-3.519104E-06	-2.192229E-06	-4.302281E-07	-8.455231E-08	-1.259015E-07
0.62249	 4.476177E+00	 7.750725E-01	 1.578284E-01	 5.183907E-02	 1.639078E-02	 4.521059E-03	 1.236283E-03	 2.714043E-04	 4.646292E-05	-1.545623E-06	-5.922536E-06	-4.041837E-06	-2.455598E-06	-5.246552E-07	-1.058091E-07	-1.375772E-07
0.62650	 4.473165E+00	 7.783230E-01	 1.598220E-01	 5.324599E-02	 1.700624E-02	 4.757374E-03	 1.316383E-03	 2.913114E-04	 4.949621E-05	-2.427974E-06	-6.870963E-06	-4.628402E-06	-2.751880E-06	-6.334141E-07	-1.313073E-07	-1.504746E-07
0.63048	 4.470143E+00	 7.814998E-01	 1.618070E-01	 5.466749E-02	 1.763593E-02	 5.003497E-03	 1.401280E-03	 3.129821E-04	 5.297976E-05	-3.321388E-06	-7.904266E-06	-5.283928E-06	-3.084742E-06	-7.586166E-07	-1.618988E-07	-1.648324E-07
0.63443	 4.467111E+00	 7.846040E-01	 1.637827E-01	 5.610281E-02	 1.827964E-02	 5.259558E-03	 1.491153E-03	 3.365408E-04	 5.697199E-05	-4.208652E-06	-9.021997E-06	-6.012797E-06	-3.457784E-06	-9.024342E-07	-1.984837E-07	-1.809409E-07
0.63836	 4.464070E+00	 7.876365E-01	 1.657487E-01	 5.755132E-02	 1.893725E-02	 5.525694E-03	 1.586179E-03	 3.621145E-04	 6.153417E-05	-5.070985E-06	-1.022331E-05	-6.819533E-06	-3.874831E-06	-1.067259E-06	-2.421188E-07	-1.991734E-07
0.64226	 4.461021E+00	 7.905980E-01	 1.677046E-01	 5.901266E-02	 1.960872E-02	 5.802085E-03	 1.686555E-03	 3.898371E-04	 6.673048E-05	-5.888870E-06	-1.150744E-05	-7.708976E-06	-4.340082E-06	-1.255854E-06	-2.940810E-07	-2.199726E-07
0.64614	 4.457962E+00	 7.934895E-01	 1.696500E-01	 6.048627E-02	 2.029392E-02	 6.088851E-03	 1.792459E-03	 4.198455E-04	 7.263241E-05	-6.636530E-06	-1.287022E-05	-8.684830E-06	-4.857543E-06	-1.470978E-06	-3.556726E-07	-2.438612E-07
0.65000	 4.454895E+00	 7.963115E-01	 1.715847E-01	 6.197173E-02	 2.099276E-02	 6.386148E-03	 1.904081E-03	 4.522788E-04	 7.931175E-05	-7.288912E-06	-1.430843E-05	-9.751494E-06	-5.431661E-06	-1.715781E-06	-4.284812E-07	-2.714853E-07
0.65383	 4.451820E+00	 7.990650E-01	 1.735082E-01	 6.346854E-02	 2.170511E-02	 6.694101E-03	 2.021606E-03	 4.872806E-04	 8.684619E-05	-7.816458E-06	-1.581641E-05	-1.091251E-05	-6.066785E-06	-1.993541E-06	-5.142098E-07	-3.035708E-07
0.65765	 4.448737E+00	 8.017508E-01	 1.754202E-01	 6.497600E-02	 2.243074E-02	 7.012790E-03	 2.145204E-03	 5.249974E-04	 9.531996E-05	-8.184091E-06	-1.738534E-05	-1.217022E-05	-6.766995E-06	-2.307563E-06	-6.146266E-07	-3.409214E-07
0.66144	 4.445646E+00	 8.043700E-01	 1.773205E-01	 6.649347E-02	 2.316946E-02	 7.342301E-03	 2.275045E-03	 5.655752E-04	 1.048184E-04	-8.355955E-06	-1.900636E-05	-1.352713E-05	-7.536588E-06	-2.661464E-06	-7.317815E-07	-3.844996E-07
0.66521	 4.442548E+00	 8.069234E-01	 1.792085E-01	 6.802037E-02	 2.392104E-02	 7.682689E-03	 2.411281E-03	 6.091560E-04	 1.154287E-04	-8.293341E-06	-2.066866E-05	-1.498502E-05	-8.379786E-06	-3.059041E-06	-8.679229E-07	-4.354219E-07
0.66895	 4.439443E+00	 8.094117E-01	 1.810837E-01	 6.955633E-02	 2.468539E-02	 8.034048E-03	 2.554074E-03	 6.558822E-04	 1.272380E-04	-7.957583E-06	-2.236161E-05	-1.654598E-05	-9.301231E-06	-3.504553E-06	-1.025644E-06	-4.950067E-07
0.67268	 4.436332E+00	 8.118354E-01	 1.829454E-01	 7.110101E-02	 2.546241E-02	 8.396477E-03	 2.703586E-03	 7.058964E-04	 1.403344E-04	-7.308709E-06	-2.407371E-05	-1.821196E-05	-1.030578E-05	-4.002603E-06	-1.207824E-06	-5.647633E-07
0.67639	 4.433216E+00	 8.141953E-01	 1.847931E-01	 7.265385E-02	 2.625188E-02	 8.770010E-03	 2.859958E-03	 7.593397E-04	 1.548105E-04	-6.301336E-06	-2.578975E-05	-1.998319E-05	-1.139774E-05	-4.557722E-06	-1.417419E-06	-6.463279E-07
0.68007	 4.430094E+00	 8.164926E-01	 1.866263E-01	 7.421418E-02	 2.705351E-02	 9.154653E-03	 3.023322E-03	 8.163554E-04	 1.707639E-04	-4.885518E-06	-2.749147E-05	-2.185837E-05	-1.258090E-05	-5.174424E-06	-1.657499E-06	-7.414684E-07
0.68374	 4.426968E+00	 8.187280E-01	 1.884445E-01	 7.578136E-02	 2.786704E-02	 9.550417E-03	 3.193813E-03	 8.770896E-04	 1.882955E-04	-3.008168E-06	-2.915851E-05	-2.383509E-05	-1.385866E-05	-5.857309E-06	-1.931340E-06	-8.521283E-07
0.68739	 4.423838E+00	 8.209024E-01	 1.902475E-01	 7.735489E-02	 2.869224E-02	 9.957321E-03	 3.371566E-03	 9.416880E-04	 2.075081E-04	-6.141938E-07	-3.076907E-05	-2.591021E-05	-1.523419E-05	-6.611114E-06	-2.242465E-06	-9.804769E-07
0.69101	 4.420704E+00	 8.230163E-01	 1.920348E-01	 7.893438E-02	 2.952891E-02	 1.037540E-02	 3.556721E-03	 1.010300E-03	 2.285068E-04	 2.354018E-06	-3.229961E-05	-2.807970E-05	-1.671044E-05	-7.440724E-06	-2.594641E-06	-1.128905E-06
0.69462	 4.417566E+00	 8.250704E-01	 1.938062E-01	 8.051943E-02	 3.037689E-02	 1.080470E-02	 3.749422E-03	 1.083077E-03	 2.514013E-04	 5.957992E-06	-3.372385E-05	-3.033814E-05	-1.828983E-05	-8.351038E-06	-2.991809E-06	-1.300000E-06
0.69821	 4.414425E+00	 8.270655E-01	 1.955614E-01	 8.210948E-02	 3.123590E-02	 1.124519E-02	 3.949780E-03	 1.160163E-03	 2.763014E-04	 1.026284E-05	-3.501229E-05	-3.267816E-05	-1.997390E-05	-9.346664E-06	-3.437939E-06	-1.496521E-06
0.70178	 4.411281E+00	 8.290023E-01	 1.973000E-01	 8.370398E-02	 3.210562E-02	 1.169683E-02	 4.157903E-03	 1.241699E-03	 3.033184E-04	 1.533597E-05	-3.613344E-05	-3.509109E-05	-2.176350E-05	-1.043213E-05	-3.937157E-06	-1.721434E-06
0.70534	 4.408135E+00	 8.308816E-01	 1.990218E-01	 8.530251E-02	 3.298586E-02	 1.215962E-02	 4.373913E-03	 1.327834E-03	 3.325674E-04	 2.124745E-05	-3.705402E-05	-3.756723E-05	-2.365917E-05	-1.161208E-05	-4.493835E-06	-1.977940E-06
0.70887	 4.404986E+00	 8.327042E-01	 2.007264E-01	 8.690453E-02	 3.387630E-02	 1.263352E-02	 4.597899E-03	 1.418706E-03	 3.641625E-04	 2.807065E-05	-3.773730E-05	-4.009451E-05	-2.566012E-05	-1.289063E-05	-5.112278E-06	-2.269402E-06
0.71239	 4.401836E+00	 8.344706E-01	 2.024135E-01	 8.850964E-02	 3.477670E-02	 1.311847E-02	 4.829964E-03	 1.514454E-03	 3.982206E-04	 3.588098E-05	-3.814490E-05	-4.265981E-05	-2.776506E-05	-1.427190E-05	-5.796979E-06	-2.599422E-06
0.71589	 4.398683E+00	 8.361813E-01	 2.040830E-01	 9.011759E-02	 3.568692E-02	 1.361451E-02	 5.070231E-03	 1.615230E-03	 4.348635E-04	 4.475682E-05	-3.823675E-05	-4.524904E-05	-2.997237E-05	-1.576011E-05	-6.552701E-06	-2.971878E-06
0.71937	 4.395530E+00	 8.378370E-01	 2.057345E-01	 9.172789E-02	 3.660663E-02	 1.412153E-02	 5.318767E-03	 1.721164E-03	 4.742092E-04	 5.478033E-05	-3.796782E-05	-4.784445E-05	-3.227816E-05	-1.735833E-05	-7.383799E-06	-3.390683E-06
0.72284	 4.392375E+00	 8.394382E-01	 2.073679E-01	 9.334025E-02	 3.753564E-02	 1.463952E-02	 5.575670E-03	 1.832399E-03	 5.163810E-04	 6.603590E-05	-3.729199E-05	-5.042759E-05	-3.467826E-05	-1.906979E-05	-8.294893E-06	-3.860032E-06
0.72629	 4.389220E+00	 8.409852E-01	 2.089828E-01	 9.495455E-02	 3.847387E-02	 1.516850E-02	 5.841070E-03	 1.949090E-03	 5.615084E-04	 7.861109E-05	-3.616140E-05	-5.297904E-05	-3.716811E-05	-2.089777E-05	-9.290880E-06	-4.384428E-06
0.72973	 4.386063E+00	 8.424785E-01	 2.105792E-01	 9.657036E-02	 3.942098E-02	 1.570836E-02	 6.115015E-03	 2.071360E-03	 6.097127E-04	 9.259656E-05	-3.452248E-05	-5.547467E-05	-3.974002E-05	-2.284377E-05	-1.037585E-05	-4.968231E-06
0.73314	 4.382906E+00	 8.439185E-01	 2.121568E-01	 9.818750E-02	 4.037685E-02	 1.625911E-02	 6.397614E-03	 2.199358E-03	 6.611249E-04	 1.080861E-04	-3.232095E-05	-5.789011E-05	-4.238634E-05	-2.490967E-05	-1.155432E-05	-5.616167E-06
0.73655	 4.379748E+00	 8.453053E-01	 2.137155E-01	 9.980591E-02	 4.134139E-02	 1.682077E-02	 6.688991E-03	 2.333242E-03	 7.158817E-04	 1.251772E-04	-2.949993E-05	-6.019932E-05	-4.509852E-05	-2.709710E-05	-1.283089E-05	-6.333201E-06
0.73993	 4.376590E+00	 8.466397E-01	 2.152551E-01	 1.014251E-01	 4.231425E-02	 1.739318E-02	 6.989173E-03	 2.473123E-03	 7.741058E-04	 1.439687E-04	-2.599697E-05	-6.237085E-05	-4.786404E-05	-2.940520E-05	-1.420890E-05	-7.123931E-06
0.74330	 4.373431E+00	 8.479216E-01	 2.167755E-01	 1.030451E-01	 4.329535E-02	 1.797639E-02	 7.298279E-03	 2.619159E-03	 8.359372E-04	 1.645643E-04	-2.174918E-05	-6.437377E-05	-5.067110E-05	-3.183397E-05	-1.569243E-05	-7.993475E-06
0.74666	 4.370271E+00	 8.491512E-01	 2.182765E-01	 1.046658E-01	 4.428461E-02	 1.857042E-02	 7.616431E-03	 2.771510E-03	 9.015193E-04	 1.870715E-04	-1.669018E-05	-6.617455E-05	-5.350624E-05	-3.438262E-05	-1.728532E-05	-8.947062E-06
0.75000	 4.367112E+00	 8.503292E-01	 2.197580E-01	 1.062867E-01	 4.528167E-02	 1.917507E-02	 7.943630E-03	 2.930275E-03	 9.709759E-04	 2.115972E-04	-1.074831E-05	-6.773367E-05	-5.635123E-05	-3.704717E-05	-1.898966E-05	-9.989260E-06
0.75333	 4.363951E+00	 8.514553E-01	 2.212199E-01	 1.079080E-01	 4.628655E-02	 1.979045E-02	 8.280023E-03	 3.095627E-03	 1.044459E-03	 2.382558E-04	-3.851681E-06	-6.901313E-05	-5.918953E-05	-3.982527E-05	-2.080875E-05	-1.112545E-05
0.75664	 4.360790E+00	 8.525294E-01	 2.226620E-01	 1.095299E-01	 4.729926E-02	 2.041662E-02	 8.625755E-03	 3.267740E-03	 1.122124E-03	 2.671673E-04	 4.076076E-06	-6.997163E-05	-6.200248E-05	-4.271346E-05	-2.274552E-05	-1.236107E-05
0.75993	 4.357629E+00	 8.535519E-01	 2.240841E-01	 1.111519E-01	 4.831946E-02	 2.105340E-02	 8.980817E-03	 3.446708E-03	 1.204098E-03	 2.984474E-04	 1.311662E-05	-7.056075E-05	-6.476529E-05	-4.570391E-05	-2.480029E-05	-1.370039E-05
0.76322	 4.354467E+00	 8.545225E-01	 2.254861E-01	 1.127743E-01	 4.934726E-02	 2.170091E-02	 9.345379E-03	 3.632720E-03	 1.290547E-03	 3.322234E-04	 2.335232E-05	-7.073419E-05	-6.745567E-05	-4.879110E-05	-2.697510E-05	-1.514883E-05
0.76649	 4.351303E+00	 8.554405E-01	 2.268678E-01	 1.143976E-01	 5.038282E-02	 2.235933E-02	 9.719638E-03	 3.825976E-03	 1.381646E-03	 3.686302E-04	 3.487061E-05	-7.044239E-05	-7.004937E-05	-5.196861E-05	-2.927173E-05	-1.671197E-05
0.76974	 4.348139E+00	 8.563066E-01	 2.282290E-01	 1.160212E-01	 5.142577E-02	 2.302845E-02	 1.010357E-02	 4.026567E-03	 1.477525E-03	 4.077934E-04	 4.776413E-05	-6.962678E-05	-7.251390E-05	-5.522380E-05	-3.168804E-05	-1.839339E-05
0.77298	 4.344973E+00	 8.571201E-01	 2.295695E-01	 1.176455E-01	 5.247620E-02	 2.370838E-02	 1.049733E-02	 4.234676E-03	 1.578355E-03	 4.498521E-04	 6.212726E-05	-6.823055E-05	-7.481916E-05	-5.854636E-05	-3.422369E-05	-2.019792E-05
0.77621	 4.341806E+00	 8.578801E-01	 2.308889E-01	 1.192710E-01	 5.353441E-02	 2.439939E-02	 1.090119E-02	 4.450543E-03	 1.684338E-03	 4.949589E-04	 7.805990E-05	-6.619482E-05	-7.693455E-05	-6.192635E-05	-3.687895E-05	-2.213111E-05
0.77942	 4.338638E+00	 8.585869E-01	 2.321870E-01	 1.208974E-01	 5.460010E-02	 2.510135E-02	 1.131514E-02	 4.674270E-03	 1.795614E-03	 5.432516E-04	 9.566611E-05	-6.345075E-05	-7.881971E-05	-6.534612E-05	-3.964901E-05	-2.419569E-05
0.78262	 4.335467E+00	 8.592402E-01	 2.334635E-01	 1.225249E-01	 5.567327E-02	 2.581430E-02	 1.173932E-02	 4.906033E-03	 1.912358E-03	 5.948806E-04	 1.150530E-04	-5.992951E-05	-8.043520E-05	-6.878920E-05	-4.253004E-05	-2.639524E-05
0.78581	 4.332295E+00	 8.598390E-01	 2.347181E-01	 1.241538E-01	 5.675414E-02	 2.653851E-02	 1.217400E-02	 5.146078E-03	 2.034782E-03	 6.500132E-04	 1.363338E-04	-5.556037E-05	-8.174156E-05	-7.224007E-05	-4.551935E-05	-2.873432E-05
0.78899	 4.329121E+00	 8.603840E-01	 2.359505E-01	 1.257838E-01	 5.784229E-02	 2.727375E-02	 1.261913E-02	 5.394481E-03	 2.163021E-03	 7.087922E-04	 1.596228E-04	-5.026236E-05	-8.268786E-05	-7.567344E-05	-4.860733E-05	-3.121340E-05
0.79215	 4.325946E+00	 8.608748E-01	 2.371602E-01	 1.274148E-01	 5.893768E-02	 2.802008E-02	 1.307485E-02	 5.651422E-03	 2.297260E-03	 7.713800E-04	 1.850386E-04	-4.395456E-05	-8.322458E-05	-7.906580E-05	-5.178586E-05	-3.383403E-05
0.79530	 4.322768E+00	 8.613101E-01	 2.383471E-01	 1.290474E-01	 6.004060E-02	 2.877786E-02	 1.354148E-02	 5.917207E-03	 2.437749E-03	 8.379685E-04	 2.127096E-04	-3.655497E-05	-8.330447E-05	-8.239696E-05	-5.504987E-05	-3.660013E-05
0.79844	 4.319589E+00	 8.616917E-01	 2.395108E-01	 1.306805E-01	 6.115020E-02	 2.954643E-02	 1.401875E-02	 6.191781E-03	 2.584572E-03	 9.086885E-04	 2.427557E-04	-2.796820E-05	-8.286142E-05	-8.562928E-05	-5.838131E-05	-3.950719E-05
0.80156	 4.316408E+00	 8.620190E-01	 2.406510E-01	 1.323144E-01	 6.226641E-02	 3.032574E-02	 1.450668E-02	 6.475272E-03	 2.737900E-03	 9.837081E-04	 2.753087E-04	-1.809653E-05	-8.183022E-05	-8.872706E-05	-6.176392E-05	-4.255224E-05
0.80467	 4.313224E+00	 8.622873E-01	 2.417669E-01	 1.339517E-01	 6.339100E-02	 3.111721E-02	 1.500626E-02	 6.768371E-03	 2.898203E-03	 1.063328E-03	 3.105444E-04	-6.838819E-06	-8.015779E-05	-9.167105E-05	-6.519601E-05	-4.574329E-05
0.80777	 4.310035E+00	 8.624948E-01	 2.428580E-01	 1.355933E-01	 6.452433E-02	 3.192104E-02	 1.551769E-02	 7.071330E-03	 3.065740E-03	 1.147776E-03	 3.486320E-04	 5.925787E-06	-7.776532E-05	-9.441852E-05	-6.865841E-05	-4.907696E-05
0.81086	 4.306842E+00	 8.626404E-01	 2.439234E-01	 1.372399E-01	 6.566659E-02	 3.273727E-02	 1.604109E-02	 7.384327E-03	 3.240736E-03	 1.237268E-03	 3.897431E-04	 2.032646E-05	-7.456478E-05	-9.691854E-05	-7.212566E-05	-5.254593E-05
0.81394	 4.303642E+00	 8.627181E-01	 2.449621E-01	 1.388945E-01	 6.681977E-02	 3.356759E-02	 1.657763E-02	 7.708205E-03	 3.423776E-03	 1.332189E-03	 4.341106E-04	 3.650200E-05	-7.048009E-05	-9.913911E-05	-7.558990E-05	-5.615667E-05
0.81701	 4.300433E+00	 8.627250E-01	 2.459731E-01	 1.405585E-01	 6.798468E-02	 3.441269E-02	 1.712788E-02	 8.043456E-03	 3.615275E-03	 1.432862E-03	 4.819589E-04	 5.460644E-05	-6.541416E-05	-1.010286E-04	-7.902830E-05	-5.990564E-05
0.82006	 4.297217E+00	 8.626612E-01	 2.469555E-01	 1.422317E-01	 6.916084E-02	 3.527218E-02	 1.769172E-02	 8.390140E-03	 3.815415E-03	 1.539508E-03	 5.334835E-04	 7.479872E-05	-5.925288E-05	-1.025159E-04	-8.240168E-05	-6.377742E-05
0.82310	 4.293992E+00	 8.625231E-01	 2.479081E-01	 1.439156E-01	 7.034921E-02	 3.614699E-02	 1.826987E-02	 8.748853E-03	 4.024683E-03	 1.652496E-03	 5.889387E-04	 9.725454E-05	-5.188506E-05	-1.035407E-04	-8.568199E-05	-6.776618E-05
0.82614	 4.290756E+00	 8.623056E-01	 2.488294E-01	 1.456123E-01	 7.155125E-02	 3.703856E-02	 1.886342E-02	 9.120429E-03	 4.243706E-03	 1.772279E-03	 6.486254E-04	 1.221743E-04	-4.318799E-05	-1.040385E-04	-8.884071E-05	-7.186744E-05
0.82916	 4.287508E+00	 8.620066E-01	 2.497183E-01	 1.473226E-01	 7.276718E-02	 3.794726E-02	 1.947278E-02	 9.505275E-03	 4.472886E-03	 1.899210E-03	 7.128173E-04	 1.497665E-04	-3.301908E-05	-1.039229E-04	-9.183091E-05	-7.606319E-05
0.83217	 4.284250E+00	 8.616245E-01	 2.505736E-01	 1.490467E-01	 7.399703E-02	 3.887341E-02	 2.009832E-02	 9.903790E-03	 4.712631E-03	 2.033651E-03	 7.817985E-04	 1.802505E-04	-2.122691E-05	-1.031006E-04	-9.460058E-05	-8.033215E-05
0.83516	 4.280979E+00	 8.611563E-01	 2.513941E-01	 1.507854E-01	 7.524122E-02	 3.981776E-02	 2.074075E-02	 1.031660E-02	 4.963487E-03	 2.176045E-03	 8.558942E-04	 2.138681E-04	-7.649994E-06	-1.014745E-04	-9.709698E-05	-8.465380E-05
0.83815	 4.277695E+00	 8.606002E-01	 2.521786E-01	 1.525388E-01	 7.649975E-02	 4.078074E-02	 2.140055E-02	 1.074420E-02	 5.225934E-03	 2.326804E-03	 9.354274E-04	 2.508718E-04	 7.887090E-06	-9.893401E-05	-9.925607E-05	-8.899932E-05
0.84113	 4.274400E+00	 8.599550E-01	 2.529260E-01	 1.543067E-01	 7.777224E-02	 4.176247E-02	 2.207799E-02	 1.118696E-02	 5.500389E-03	 2.486320E-03	 1.020718E-03	 2.915234E-04	 2.557186E-05	-9.535599E-05	-1.010038E-04	-9.333237E-05
0.84410	 4.271091E+00	 8.592194E-01	 2.536353E-01	 1.560891E-01	 7.905843E-02	 4.276316E-02	 2.277344E-02	 1.164530E-02	 5.787319E-03	 2.655014E-03	 1.112109E-03	 3.361051E-04	 4.560671E-05	-9.060629E-05	-1.022581E-04	-9.761132E-05
0.84705	 4.267770E+00	 8.583906E-01	 2.543049E-01	 1.578863E-01	 8.035844E-02	 4.378341E-02	 2.348748E-02	 1.211983E-02	 6.087302E-03	 2.833379E-03	 1.209991E-03	 3.849288E-04	 6.821210E-05	-8.453937E-05	-1.029302E-04	-1.017908E-04
0.85000	 4.264435E+00	 8.574652E-01	 2.549333E-01	 1.596993E-01	 8.167259E-02	 4.482401E-02	 2.422088E-02	 1.261126E-02	 6.401002E-03	 3.021965E-03	 1.314794E-03	 4.383381E-04	 9.362994E-05	-7.699475E-05	-1.029212E-04	-1.058192E-04
0.85294	 4.261085E+00	 8.564397E-01	 2.555186E-01	 1.615286E-01	 8.300113E-02	 4.588575E-02	 2.497437E-02	 1.312031E-02	 6.729106E-03	 3.221352E-03	 1.426977E-03	 4.967059E-04	 1.221249E-04	-6.779352E-05	-1.021187E-04	-1.096357E-04
0.85586	 4.257720E+00	 8.553113E-01	 2.560593E-01	 1.633749E-01	 8.434403E-02	 4.696923E-02	 2.574859E-02	 1.364764E-02	 7.072284E-03	 3.432118E-03	 1.547020E-03	 5.604276E-04	 1.539825E-04	-5.673810E-05	-1.003955E-04	-1.131682E-04
0.85878	 4.254340E+00	 8.540770E-01	 2.565538E-01	 1.652381E-01	 8.570107E-02	 4.807496E-02	 2.654413E-02	 1.419392E-02	 7.431209E-03	 3.654853E-03	 1.675417E-03	 6.299211E-04	 1.895072E-04	-4.361325E-05	-9.761029E-05	-1.163336E-04
0.86168	 4.250943E+00	 8.527346E-01	 2.570006E-01	 1.671182E-01	 8.707184E-02	 4.920341E-02	 2.736154E-02	 1.475979E-02	 7.806560E-03	 3.890161E-03	 1.812684E-03	 7.056284E-04	 2.290241E-04	-2.818510E-05	-9.360676E-05	-1.190374E-04
0.86458	 4.247532E+00	 8.512824E-01	 2.573982E-01	 1.690147E-01	 8.845559E-02	 5.035476E-02	 2.820121E-02	 1.534579E-02	 8.198962E-03	 4.138620E-03	 1.959341E-03	 7.880057E-04	 2.728752E-04	-1.020108E-05	-8.821227E-05	-1.211711E-04
0.86747	 4.244105E+00	 8.497195E-01	 2.577454E-01	 1.709267E-01	 8.985117E-02	 5.152889E-02	 2.906330E-02	 1.595231E-02	 8.608949E-03	 4.400757E-03	 2.115890E-03	 8.775142E-04	 3.214144E-04	 1.060882E-05	-8.123744E-05	-1.226112E-04
0.87034	 4.240663E+00	 8.480446E-01	 2.580411E-01	 1.728533E-01	 9.125750E-02	 5.272580E-02	 2.994802E-02	 1.657979E-02	 9.037093E-03	 4.677127E-03	 2.282863E-03	 9.746428E-04	 3.750188E-04	 3.453593E-05	-7.247545E-05	-1.232199E-04
0.87321	 4.237206E+00	 8.462556E-01	 2.582837E-01	 1.747940E-01	 9.267375E-02	 5.394590E-02	 3.085590E-02	 1.722893E-02	 9.484135E-03	 4.968393E-03	 2.460874E-03	 1.079938E-03	 4.341031E-04	 6.189995E-05	-6.169982E-05	-1.228451E-04
0.87607	 4.233734E+00	 8.443508E-01	 2.584723E-01	 1.767479E-01	 9.409873E-02	 5.518930E-02	 3.178728E-02	 1.790029E-02	 9.950740E-03	 5.275185E-03	 2.650535E-03	 1.193958E-03	 4.991011E-04	 9.304458E-05	-4.866154E-05	-1.213143E-04
0.87892	 4.230248E+00	 8.423309E-01	 2.586066E-01	 1.787131E-01	 9.553041E-02	 5.645538E-02	 3.274196E-02	 1.859406E-02	 1.043733E-02	 5.597976E-03	 2.852380E-03	 1.317230E-03	 5.704384E-04	 1.283229E-04	-3.309648E-05	-1.184363E-04
0.88176	 4.226749E+00	 8.401989E-01	 2.586867E-01	 1.806868E-01	 9.696603E-02	 5.774271E-02	 3.371914E-02	 1.931002E-02	 1.094402E-02	 5.937039E-03	 3.066831E-03	 1.450217E-03	 6.485153E-04	 1.680872E-04	-1.473099E-05	-1.140042E-04
0.88459	 4.223239E+00	 8.379567E-01	 2.587133E-01	 1.826670E-01	 9.840304E-02	 5.905014E-02	 3.471817E-02	 2.004799E-02	 1.147096E-02	 6.292651E-03	 3.294323E-03	 1.593397E-03	 7.337487E-04	 2.127118E-04	 6.731300E-06	-1.077883E-04
0.88741	 4.219715E+00	 8.356007E-01	 2.586865E-01	 1.846530E-01	 9.984034E-02	 6.037838E-02	 3.573987E-02	 2.080902E-02	 1.201911E-02	 6.665647E-03	 3.535656E-03	 1.747471E-03	 8.266850E-04	 2.626462E-04	 3.162721E-05	-9.953763E-05
0.89022	 4.216175E+00	 8.331306E-01	 2.586081E-01	 1.866429E-01	 1.012758E-01	 6.172708E-02	 3.678435E-02	 2.159367E-02	 1.258916E-02	 7.056706E-03	 3.791566E-03	 1.913111E-03	 9.278737E-04	 3.183605E-04	 6.031835E-05	-8.897350E-05
0.89303	 4.212620E+00	 8.305574E-01	 2.584844E-01	 1.886316E-01	 1.027042E-01	 6.309176E-02	 3.784849E-02	 2.239997E-02	 1.317995E-02	 7.465261E-03	 4.061998E-03	 2.090514E-03	 1.037611E-03	 3.802145E-04	 9.313857E-05	-7.579370E-05
0.89582	 4.209053E+00	 8.278882E-01	 2.583203E-01	 1.906157E-01	 1.041211E-01	 6.446915E-02	 3.893011E-02	 2.322663E-02	 1.379078E-02	 7.891000E-03	 4.347031E-03	 2.279918E-03	 1.156199E-03	 4.485570E-04	 1.304077E-04	-5.970735E-05
0.89861	 4.205467E+00	 8.251170E-01	 2.581189E-01	 1.925960E-01	 1.055252E-01	 6.586030E-02	 4.003026E-02	 2.407511E-02	 1.442294E-02	 8.335022E-03	 4.647673E-03	 2.482129E-03	 1.284260E-03	 5.239026E-04	 1.725150E-04	-4.041082E-05
0.90139	 4.201846E+00	 8.222377E-01	 2.578910E-01	 1.945732E-01	 1.069164E-01	 6.726572E-02	 4.114959E-02	 2.494654E-02	 1.507761E-02	 8.798547E-03	 4.965148E-03	 2.698188E-03	 1.422681E-03	 6.070143E-04	 2.200579E-04	-1.742846E-05
0.90416	 4.198174E+00	 8.192534E-01	 2.576536E-01	 1.965453E-01	 1.082936E-01	 6.868267E-02	 4.228608E-02	 2.583973E-02	 1.575431E-02	 9.281706E-03	 5.300013E-03	 2.928761E-03	 1.572221E-03	 6.986680E-04	 2.737185E-04	 9.836218E-06
0.90692	 4.194446E+00	 8.161661E-01	 2.574120E-01	 1.985108E-01	 1.096542E-01	 7.010958E-02	 4.343844E-02	 2.675406E-02	 1.645286E-02	 9.784687E-03	 5.652687E-03	 3.174294E-03	 1.733372E-03	 7.993630E-04	 3.339353E-04	 4.177210E-05
0.90967	 4.190669E+00	 8.129765E-01	 2.571639E-01	 2.004681E-01	 1.109945E-01	 7.154588E-02	 4.460601E-02	 2.768959E-02	 1.717347E-02	 1.030783E-02	 6.023600E-03	 3.435169E-03	 1.906506E-03	 9.094482E-04	 4.010038E-04	 7.863931E-05
0.91241	 4.186839E+00	 8.096919E-01	 2.569171E-01	 2.024134E-01	 1.123114E-01	 7.298849E-02	 4.578629E-02	 2.864464E-02	 1.791515E-02	 1.085072E-02	 6.412766E-03	 3.711592E-03	 2.092007E-03	 1.029375E-03	 4.753629E-04	 1.208581E-04
0.91515	 4.182950E+00	 8.063259E-01	 2.566864E-01	 2.043418E-01	 1.136018E-01	 7.443216E-02	 4.697497E-02	 2.961594E-02	 1.867565E-02	 1.141210E-02	 6.819612E-03	 4.003398E-03	 2.290081E-03	 1.159524E-03	 5.574541E-04	 1.688936E-04
0.91788	 4.179000E+00	 8.028886E-01	 2.564805E-01	 2.062496E-01	 1.148624E-01	 7.587311E-02	 4.816862E-02	 3.060108E-02	 1.945333E-02	 1.199103E-02	 7.243658E-03	 4.310387E-03	 2.500807E-03	 1.300105E-03	 6.475421E-04	 2.230428E-04
0.92060	 4.174990E+00	 7.993847E-01	 2.563042E-01	 2.081353E-01	 1.160909E-01	 7.730934E-02	 4.936503E-02	 3.159866E-02	 2.024729E-02	 1.258703E-02	 7.684709E-03	 4.632536E-03	 2.724352E-03	 1.451357E-03	 7.458964E-04	 2.835901E-04
0.92331	 4.170909E+00	 7.958160E-01	 2.561664E-01	 2.099979E-01	 1.172878E-01	 7.873947E-02	 5.056255E-02	 3.260767E-02	 2.105695E-02	 1.319993E-02	 8.142852E-03	 4.970079E-03	 2.961132E-03	 1.613741E-03	 8.529744E-04	 3.509757E-04
0.92601	 4.166750E+00	 7.921884E-01	 2.560775E-01	 2.118364E-01	 1.184533E-01	 8.016060E-02	 5.175815E-02	 3.362600E-02	 2.188085E-02	 1.382894E-02	 8.617693E-03	 5.322912E-03	 3.211331E-03	 1.787558E-03	 9.691282E-04	 4.255743E-04
0.92871	 4.162515E+00	 7.885135E-01	 2.560448E-01	 2.136494E-01	 1.195871E-01	 8.156796E-02	 5.294715E-02	 3.465003E-02	 2.271635E-02	 1.447222E-02	 9.108044E-03	 5.690321E-03	 3.474653E-03	 1.972742E-03	 1.094434E-03	 5.075591E-04
0.93140	 4.158208E+00	 7.847975E-01	 2.560687E-01	 2.154402E-01	 1.206899E-01	 8.295801E-02	 5.412546E-02	 3.567640E-02	 2.356091E-02	 1.512793E-02	 9.612660E-03	 6.071508E-03	 3.750673E-03	 2.169107E-03	 1.228850E-03	 5.969975E-04
0.93408	 4.153826E+00	 7.810150E-01	 2.561372E-01	 2.172211E-01	 1.217688E-01	 8.433648E-02	 5.529580E-02	 3.670768E-02	 2.441671E-02	 1.579784E-02	 1.013313E-02	 6.467771E-03	 4.040480E-03	 2.377552E-03	 1.373072E-03	 6.944274E-04
0.93675	 4.149338E+00	 7.770967E-01	 2.562268E-01	 2.190129E-01	 1.228406E-01	 8.572186E-02	 5.647086E-02	 3.775530E-02	 2.529304E-02	 1.648957E-02	 1.067568E-02	 6.884008E-03	 4.347945E-03	 2.601116E-03	 1.529375E-03	 8.015255E-04
0.93941	 4.144709E+00	 7.729608E-01	 2.563077E-01	 2.208351E-01	 1.239235E-01	 8.713622E-02	 5.766643E-02	 3.883372E-02	 2.620178E-02	 1.721313E-02	 1.124867E-02	 7.326861E-03	 4.678408E-03	 2.844049E-03	 1.701013E-03	 9.207354E-04
0.94207	 4.139942E+00	 7.685760E-01	 2.563525E-01	 2.226946E-01	 1.250218E-01	 8.858751E-02	 5.888688E-02	 3.994742E-02	 2.714657E-02	 1.797197E-02	 1.185546E-02	 7.799270E-03	 5.034465E-03	 3.108599E-03	 1.889846E-03	 1.053577E-03
0.94472	 4.135078E+00	 7.639639E-01	 2.563447E-01	 2.245877E-01	 1.261275E-01	 9.006864E-02	 6.012452E-02	 4.108993E-02	 2.812184E-02	 1.876197E-02	 1.249355E-02	 8.299638E-03	 5.415264E-03	 3.394405E-03	 2.095852E-03	 1.200259E-03
0.94736	 4.130140E+00	 7.591352E-01	 2.562720E-01	 2.265125E-01	 1.272375E-01	 9.157525E-02	 6.137466E-02	 4.225709E-02	 2.912382E-02	 1.958057E-02	 1.316166E-02	 8.827373E-03	 5.820837E-03	 3.701822E-03	 2.319594E-03	 1.361456E-03
0.95000	 4.125121E+00	 7.540477E-01	 2.561108E-01	 2.284798E-01	 1.283585E-01	 9.311804E-02	 6.264371E-02	 4.345449E-02	 3.015637E-02	 2.043139E-02	 1.386346E-02	 9.385729E-03	 6.254302E-03	 4.033651E-03	 2.563548E-03	 1.539311E-03
0.95263	 4.119982E+00	 7.485814E-01	 2.558065E-01	 2.305068E-01	 1.295040E-01	 9.472963E-02	 6.395558E-02	 4.470568E-02	 3.123815E-02	 2.133075E-02	 1.461305E-02	 9.986237E-03	 6.725338E-03	 4.397795E-03	 2.834082E-03	 1.738858E-03
0.95525	 4.114698E+00	 7.426450E-01	 2.553136E-01	 2.325998E-01	 1.306777E-01	 9.643370E-02	 6.532745E-02	 4.602882E-02	 3.238316E-02	 2.229173E-02	 1.542219E-02	 1.063895E-02	 7.242878E-03	 4.801828E-03	 3.137605E-03	 1.965384E-03
0.95786	 4.109294E+00	 7.362670E-01	 2.546343E-01	 2.347480E-01	 1.318675E-01	 9.822042E-02	 6.675032E-02	 4.741553E-02	 3.358286E-02	 2.330832E-02	 1.628701E-02	 1.134170E-02	 7.806555E-03	 5.246271E-03	 3.475491E-03	 2.220665E-03
0.96047	 4.103811E+00	 7.294984E-01	 2.537737E-01	 2.369341E-01	 1.330546E-01	 1.000747E-01	 6.821226E-02	 4.885493E-02	 3.482627E-02	 2.437225E-02	 1.720125E-02	 1.209015E-02	 8.414143E-03	 5.730041E-03	 3.847888E-03	 2.505530E-03
0.96307	 4.098270E+00	 7.223278E-01	 2.527064E-01	 2.391438E-01	 1.342207E-01	 1.019986E-01	 6.971520E-02	 5.035198E-02	 3.611545E-02	 2.548631E-02	 1.816742E-02	 1.288685E-02	 9.068731E-03	 6.256096E-03	 4.258054E-03	 2.823130E-03
0.96566	 4.092676E+00	 7.147199E-01	 2.514098E-01	 2.413677E-01	 1.353509E-01	 1.039995E-01	 7.126454E-02	 5.191531E-02	 3.745536E-02	 2.665608E-02	 1.919005E-02	 1.373605E-02	 9.775019E-03	 6.828834E-03	 4.710673E-03	 3.177883E-03
0.96825	 4.087015E+00	 7.066515E-01	 2.498826E-01	 2.435964E-01	 1.364332E-01	 1.060791E-01	 7.286168E-02	 5.354927E-02	 3.884770E-02	 2.788484E-02	 2.027133E-02	 1.464037E-02	 1.053656E-02	 7.451909E-03	 5.210166E-03	 3.574184E-03
0.97082	 4.081284E+00	 6.981225E-01	 2.481336E-01	 2.458181E-01	 1.374507E-01	 1.082316E-01	 7.450202E-02	 5.525290E-02	 4.029008E-02	 2.917274E-02	 2.141037E-02	 1.559991E-02	 1.135466E-02	 8.127058E-03	 5.759533E-03	 4.015323E-03
0.97340	 4.075499E+00	 6.891354E-01	 2.461669E-01	 2.480231E-01	 1.383799E-01	 1.104509E-01	 7.617870E-02	 5.702409E-02	 4.177931E-02	 3.051941E-02	 2.260537E-02	 1.661395E-02	 1.222954E-02	 8.854958E-03	 6.360928E-03	 4.503844E-03
0.97596	 4.069650E+00	 6.796312E-01	 2.439641E-01	 2.502056E-01	 1.391984E-01	 1.127455E-01	 7.789491E-02	 5.887267E-02	 4.332272E-02	 3.193426E-02	 2.386231E-02	 1.768855E-02	 1.316689E-02	 9.640798E-03	 7.020387E-03	 5.045427E-03
0.97852	 4.063694E+00	 6.694887E-01	 2.414919E-01	 2.523558E-01	 1.398816E-01	 1.151373E-01	 7.966151E-02	 6.082089E-02	 4.493851E-02	 3.343776E-02	 2.519608E-02	 1.883798E-02	 1.417915E-02	 1.049557E-02	 7.749052E-03	 5.650004E-03
0.98107	 4.057594E+00	 6.586446E-01	 2.387554E-01	 2.544537E-01	 1.403982E-01	 1.176305E-01	 8.147349E-02	 6.287723E-02	 4.663446E-02	 3.504226E-02	 2.661430E-02	 2.007150E-02	 1.527392E-02	 1.142654E-02	 8.555051E-03	 6.325083E-03
0.98362	 4.051348E+00	 6.471677E-01	 2.358323E-01	 2.564804E-01	 1.407181E-01	 1.201983E-01	 8.330024E-02	 6.502001E-02	 4.839401E-02	 3.673685E-02	 2.810446E-02	 2.138144E-02	 1.644315E-02	 1.242787E-02	 9.434861E-03	 7.068301E-03
0.98615	 4.044944E+00	 6.350968E-01	 2.327870E-01	 2.584114E-01	 1.408107E-01	 1.228204E-01	 8.511364E-02	 6.723481E-02	 5.020747E-02	 3.851726E-02	 2.966050E-02	 2.276615E-02	 1.768284E-02	 1.349737E-02	 1.038700E-02	 7.878676E-03
0.98869	 4.038346E+00	 6.223997E-01	 2.296541E-01	 2.602183E-01	 1.406425E-01	 1.254935E-01	 8.689183E-02	 6.952141E-02	 5.207589E-02	 4.039048E-02	 3.128703E-02	 2.423375E-02	 1.899688E-02	 1.464007E-02	 1.141515E-02	 8.759498E-03
0.99121	 4.031516E+00	 6.090681E-01	 2.264895E-01	 2.618770E-01	 1.401876E-01	 1.282085E-01	 8.860415E-02	 7.187073E-02	 5.399127E-02	 4.235602E-02	 3.298346E-02	 2.578856E-02	 2.038602E-02	 1.585911E-02	 1.252050E-02	 9.712169E-03
0.99373	 4.024416E+00	 5.951245E-01	 2.233756E-01	 2.633754E-01	 1.394379E-01	 1.309521E-01	 9.021185E-02	 7.426194E-02	 5.593337E-02	 4.440314E-02	 3.474188E-02	 2.742884E-02	 2.184679E-02	 1.715450E-02	 1.370059E-02	 1.073520E-02
0.99624	 4.016981E+00	 5.805106E-01	 2.203685E-01	 2.647121E-01	 1.383908E-01	 1.337149E-01	 9.166188E-02	 7.668359E-02	 5.789330E-02	 4.653361E-02	 3.656809E-02	 2.916459E-02	 2.338464E-02	 1.853593E-02	 1.495826E-02	 1.183267E-02
0.99875	 4.009107E+00	 5.651027E-01	 2.175322E-01	 2.659114E-01	 1.370546E-01	 1.364882E-01	 9.289148E-02	 7.913356E-02	 5.986524E-02	 4.875145E-02	 3.847244E-02	 3.100730E-02	 2.500581E-02	 2.001626E-02	 1.629539E-02	 1.301138E-02
