r	   0/   0	   1/   0	   2/   0	   3/   0	   4/   0	   5/   0	   6/   0	   7/   0	   8/   0	   9/   0	  10/   0	  11/   0	  12/   0	  13/   0	  14/   0	  15/   0
0.05000	 0.000000E+00	-7.705375E-06	-2.203464E-06	-2.443456E-07	 4.169372E-08	 5.104267E-08	 1.160979E-08	 1.015368E-08	 5.002531E-09	-1.639084E-09	-6.991745E-10	-4.483680E-10	-3.092519E-10	 6.515414E-11	-6.454286E-11	-6.897735E-12
0.08660	 0.000000E+00	-2.989571E-05	-4.422986E-06	-6.060965E-07	-3.170377E-07	-5.846616E-07	-5.950198E-08	 2.183980E-07	 5.757267E-08	 6.771433E-09	 3.512326E-09	-4.444239E-09	-1.085498E-09	 8.056224E-10	 2.763944E-10	 5.214952E-11
0.11180	 0.000000E+00	-3.532593E-05	-6.685972E-06	-8.240154E-07	-3.100839E-07	-7.314354E-07	-1.812536E-07	 2.105929E-07	 8.306144E-08	 1.508613E-08	 7.980235E-09	-2.374468E-09	-1.389969E-09	 7.474347E-10	 5.074364E-10	 1.048878E-10
0.13229	 0.000000E+00	-4.019405E-05	-8.965064E-06	-1.224870E-06	-3.617213E-07	-7.995590E-07	-2.068989E-07	 2.047194E-07	 7.512522E-08	 5.208091E-09	 6.615805E-09	-4.230822E-10	-4.611870E-10	 9.198656E-10	 4.803653E-10	-8.147692E-12
0.15000	 0.000000E+00	-4.447753E-05	-1.126919E-05	-1.792691E-06	-4.395119E-07	-8.155021E-07	-2.119383E-07	 1.924540E-07	 7.143945E-08	-3.175409E-09	 1.668673E-09	 5.254713E-10	 1.913588E-10	 1.017486E-09	 5.992134E-10	-1.515724E-11
0.16583	 0.000000E+00	-4.827647E-05	-1.357950E-05	-2.509519E-06	-5.461047E-07	-8.006853E-07	-2.116555E-07	 1.744183E-07	 7.007099E-08	-8.023015E-09	-2.295401E-09	 1.396960E-09	 4.339816E-10	 8.550151E-10	 6.571548E-10	 7.181456E-11
0.18028	 0.000000E+00	-5.171578E-05	-1.587276E-05	-3.340231E-06	-6.829636E-07	-7.770999E-07	-2.131191E-07	 1.541551E-07	 7.006243E-08	-9.641180E-09	-4.659285E-09	 2.215674E-09	 6.022435E-10	 5.941014E-10	 6.179745E-10	 1.967263E-10
0.19365	 0.000000E+00	-5.484547E-05	-1.812014E-05	-4.249281E-06	-8.505261E-07	-7.599617E-07	-2.179085E-07	 1.344545E-07	 7.034450E-08	-8.832484E-09	-5.477614E-09	 2.888924E-09	 7.721402E-10	 3.596709E-10	 5.241009E-10	 3.245649E-10
0.20616	 0.000000E+00	-5.776334E-05	-2.030680E-05	-5.207192E-06	-1.043188E-06	-7.563646E-07	-2.274303E-07	 1.164254E-07	 7.077479E-08	-6.439990E-09	-5.133548E-09	 3.415437E-09	 9.432166E-10	 2.000330E-10	 4.184550E-10	 4.412160E-10
0.21794	 0.000000E+00	-6.048070E-05	-2.241686E-05	-6.191330E-06	-1.255002E-06	-7.685121E-07	-2.410923E-07	 1.008662E-07	 7.105764E-08	-3.408086E-09	-4.062399E-09	 3.822420E-09	 1.104214E-09	 1.268601E-10	 3.265107E-10	 5.381205E-10
0.22913	 0.000000E+00	-6.303399E-05	-2.444589E-05	-7.186820E-06	-1.480663E-06	-7.957573E-07	-2.574882E-07	 8.826954E-08	 7.096776E-08	-5.133770E-10	-2.683173E-09	 4.128863E-09	 1.245850E-09	 1.295798E-10	 2.605106E-10	 6.126248E-10
0.23979	 0.000000E+00	-6.544712E-05	-2.639639E-05	-8.186627E-06	-1.716706E-06	-8.361270E-07	-2.754100E-07	 7.857516E-08	 7.046223E-08	 1.820260E-09	-1.310666E-09	 4.355805E-09	 1.368078E-09	 1.852637E-10	 2.224045E-10	 6.693623E-10
0.25000	 0.000000E+00	-6.776681E-05	-2.827992E-05	-9.190253E-06	-1.962987E-06	-8.880646E-07	-2.935586E-07	 7.164170E-08	 6.940215E-08	 3.359711E-09	-1.002209E-10	 4.522991E-09	 1.461032E-09	 2.737190E-10	 2.113589E-10	 7.120413E-10
0.25981	 0.000000E+00	-6.997770E-05	-3.010590E-05	-1.020200E-05	-2.220987E-06	-9.502543E-07	-3.117552E-07	 6.671781E-08	 6.791778E-08	 4.211029E-09	 8.846642E-10	 4.653528E-09	 1.530448E-09	 3.777559E-10	 2.231815E-10	 7.490257E-10
0.26926	 0.000000E+00	-7.209171E-05	-3.188593E-05	-1.122697E-05	-2.492035E-06	-1.021541E-06	-3.307707E-07	 6.278458E-08	 6.638473E-08	 4.623588E-09	 1.588453E-09	 4.766364E-09	 1.604270E-09	 4.850727E-10	 2.457061E-10	 7.882450E-10
0.27839	 0.000000E+00	-7.411229E-05	-3.362771E-05	-1.226936E-05	-2.778009E-06	-1.101402E-06	-3.510489E-07	 5.913250E-08	 6.490341E-08	 4.769444E-09	 2.055099E-09	 4.876502E-09	 1.684744E-09	 5.898534E-10	 2.737756E-10	 8.329799E-10
0.28723	 0.000000E+00	-7.603483E-05	-3.533525E-05	-1.333168E-05	-3.079839E-06	-1.189377E-06	-3.731887E-07	 5.514240E-08	 6.360317E-08	 4.816656E-09	 2.321965E-09	 4.990683E-09	 1.778752E-09	 6.899668E-10	 3.023682E-10	 8.856122E-10
0.29580	 0.000000E+00	-7.787639E-05	-3.701147E-05	-1.441363E-05	-3.396802E-06	-1.284699E-06	-3.977240E-07	 5.034724E-08	 6.263399E-08	 4.902367E-09	 2.398456E-09	 5.105605E-09	 1.902205E-09	 7.864042E-10	 3.233060E-10	 9.466596E-10
0.30414	 0.000000E+00	-7.964689E-05	-3.865641E-05	-1.551300E-05	-3.727462E-06	-1.386636E-06	-4.246748E-07	 4.463029E-08	 6.195515E-08	 5.051292E-09	 2.325262E-09	 5.220085E-09	 2.053412E-09	 8.795438E-10	 3.335794E-10	 1.014636E-09
0.31225	 0.000000E+00	-8.135040E-05	-4.026915E-05	-1.662742E-05	-4.070544E-06	-1.494713E-06	-4.537302E-07	 3.811158E-08	 6.139013E-08	 5.209978E-09	 2.168540E-09	 5.337951E-09	 2.213639E-09	 9.676929E-10	 3.368799E-10	 1.087790E-09
0.32016	 0.000000E+00	-8.299694E-05	-4.184966E-05	-1.775486E-05	-4.424863E-06	-1.608529E-06	-4.846889E-07	 3.086879E-08	 6.082876E-08	 5.354110E-09	 1.965948E-09	 5.455836E-09	 2.373477E-09	 1.051599E-09	 3.352314E-10	 1.164548E-09
0.32787	 0.000000E+00	-8.458740E-05	-4.339719E-05	-1.889349E-05	-4.789242E-06	-1.727740E-06	-5.174392E-07	 2.297609E-08	 6.022577E-08	 5.467070E-09	 1.726816E-09	 5.570281E-09	 2.533797E-09	 1.132365E-09	 3.275254E-10	 1.243753E-09
0.33541	 0.000000E+00	-8.612786E-05	-4.491171E-05	-2.004198E-05	-5.163247E-06	-1.852312E-06	-5.518187E-07	 1.453700E-08	 5.948076E-08	 5.510028E-09	 1.476425E-09	 5.682624E-09	 2.685700E-09	 1.209079E-09	 3.163203E-10	 1.324598E-09
0.34278	 0.000000E+00	-8.761940E-05	-4.639285E-05	-2.119970E-05	-5.546949E-06	-1.982536E-06	-5.880004E-07	 5.535680E-09	 5.856739E-08	 5.469187E-09	 1.213356E-09	 5.789278E-09	 2.826626E-09	 1.281796E-09	 3.028362E-10	 1.406410E-09
0.35000	 0.000000E+00	-8.879670E-05	-4.781124E-05	-2.236658E-05	-5.940248E-06	-2.119330E-06	-6.260613E-07	-3.701054E-09	 5.728373E-08	 5.185811E-09	 9.961008E-10	 5.924227E-09	 2.932894E-09	 1.342413E-09	 2.965498E-10	 1.492453E-09
0.35707	 0.000000E+00	-8.991911E-05	-4.919558E-05	-2.354258E-05	-6.344176E-06	-2.262561E-06	-6.665002E-07	-1.376040E-08	 5.585724E-08	 4.858954E-09	 7.289960E-10	 6.037357E-09	 3.042408E-09	 1.402720E-09	 2.831819E-10	 1.578927E-09
0.36401	 0.000000E+00	-9.099081E-05	-5.055093E-05	-2.472908E-05	-6.759996E-06	-2.412814E-06	-7.094292E-07	-2.471983E-08	 5.418241E-08	 4.487235E-09	 4.518969E-10	 6.133007E-09	 3.142576E-09	 1.462605E-09	 2.687798E-10	 1.667047E-09
0.37081	 0.000000E+00	-9.201358E-05	-5.188172E-05	-2.592692E-05	-7.188144E-06	-2.570435E-06	-7.551404E-07	-3.667954E-08	 5.228241E-08	 4.086772E-09	 1.533663E-10	 6.209112E-09	 3.239855E-09	 1.523437E-09	 2.515481E-10	 1.756756E-09
0.37749	 0.000000E+00	-9.289590E-05	-5.317910E-05	-2.713595E-05	-7.628278E-06	-2.735724E-06	-8.037672E-07	-4.956743E-08	 5.009965E-08	 3.608173E-09	-1.477779E-10	 6.277757E-09	 3.326807E-09	 1.582612E-09	 2.346949E-10	 1.849291E-09
0.38406	 0.000000E+00	-9.373146E-05	-5.445337E-05	-2.835556E-05	-8.080403E-06	-2.908490E-06	-8.554324E-07	-6.362819E-08	 4.768532E-08	 3.138135E-09	-4.728238E-10	 6.316788E-09	 3.414769E-09	 1.646616E-09	 2.136876E-10	 1.942431E-09
0.39051	 0.000000E+00	-9.452376E-05	-5.570488E-05	-2.958506E-05	-8.544098E-06	-3.088618E-06	-9.100790E-07	-7.887018E-08	 4.500678E-08	 2.678141E-09	-8.071531E-10	 6.327437E-09	 3.499623E-09	 1.715392E-09	 1.902021E-10	 2.036346E-09
0.39686	 0.000000E+00	-9.527477E-05	-5.693225E-05	-3.082260E-05	-9.018103E-06	-3.275690E-06	-9.676625E-07	-9.527651E-08	 4.210921E-08	 2.235626E-09	-1.165401E-09	 6.308864E-09	 3.588289E-09	 1.789186E-09	 1.611697E-10	 2.130337E-09
0.40311	 0.000000E+00	-9.578689E-05	-5.810996E-05	-3.206570E-05	-9.499943E-06	-3.469458E-06	-1.027944E-06	-1.123905E-07	 3.892244E-08	 1.644823E-09	-1.517425E-09	 6.304220E-09	 3.662585E-09	 1.853767E-09	 1.332406E-10	 2.228978E-09
0.40927	 0.000000E+00	-9.625798E-05	-5.926043E-05	-3.331278E-05	-9.989200E-06	-3.669020E-06	-1.090712E-06	-1.305258E-07	 3.556499E-08	 1.076269E-09	-1.897210E-09	 6.274658E-09	 3.745260E-09	 1.920156E-09	 9.651784E-11	 2.328179E-09
0.41533	 0.000000E+00	-9.669214E-05	-6.038885E-05	-3.456424E-05	-1.048560E-05	-3.874197E-06	-1.155678E-06	-1.495470E-07	 3.198022E-08	 5.064712E-10	-2.263460E-09	 6.234410E-09	 3.822013E-09	 1.983931E-09	 5.726327E-11	 2.429947E-09
0.42131	 0.000000E+00	-9.709245E-05	-6.150015E-05	-3.582038E-05	-1.098864E-05	-4.084750E-06	-1.222729E-06	-1.693681E-07	 2.821280E-08	-6.169445E-11	-2.616556E-09	 6.190872E-09	 3.897978E-09	 2.043747E-09	 1.369946E-11	 2.534543E-09
0.42720	 0.000000E+00	-9.735579E-05	-6.258483E-05	-3.708088E-05	-1.149728E-05	-4.300605E-06	-1.291732E-06	-1.897158E-07	 2.425053E-08	-7.098650E-10	-2.934757E-09	 6.172241E-09	 3.964336E-09	 2.091322E-09	-3.028568E-11	 2.644884E-09
0.43301	 0.000000E+00	-9.758867E-05	-6.365851E-05	-3.834634E-05	-1.201219E-05	-4.521584E-06	-1.362639E-06	-2.108188E-07	 2.013484E-08	-1.323125E-09	-3.220614E-09	 6.154527E-09	 4.032335E-09	 2.136109E-09	-7.910718E-11	 2.757612E-09
0.43875	 0.000000E+00	-9.779411E-05	-6.472656E-05	-3.961837E-05	-1.253416E-05	-4.747952E-06	-1.435436E-06	-2.326603E-07	 1.584294E-08	-1.900465E-09	-3.451033E-09	 6.145479E-09	 4.097105E-09	 2.176780E-09	-1.301782E-10	 2.873567E-09
0.44441	 0.000000E+00	-9.797405E-05	-6.579248E-05	-4.089810E-05	-1.306385E-05	-4.979988E-06	-1.510248E-06	-2.552880E-07	 1.139279E-08	-2.427028E-09	-3.627058E-09	 6.146156E-09	 4.164024E-09	 2.214929E-09	-1.852472E-10	 2.991817E-09
0.45000	 0.000000E+00	-9.801415E-05	-6.684359E-05	-4.218590E-05	-1.360115E-05	-5.218137E-06	-1.587200E-06	-2.784871E-07	 6.767939E-09	-3.008640E-09	-3.739578E-09	 6.190273E-09	 4.226594E-09	 2.239371E-09	-2.416310E-10	 3.116234E-09
0.45552	 0.000000E+00	-9.802954E-05	-6.789579E-05	-4.348318E-05	-1.414783E-05	-5.462654E-06	-1.666440E-06	-3.026226E-07	 1.980042E-09	-3.509731E-09	-3.789748E-09	 6.245424E-09	 4.297303E-09	 2.263461E-09	-3.043352E-10	 3.242042E-09
0.46098	 0.000000E+00	-9.802195E-05	-6.895323E-05	-4.479224E-05	-1.470542E-05	-5.714208E-06	-1.748145E-06	-3.277416E-07	-3.010234E-09	-3.939371E-09	-3.759179E-09	 6.319276E-09	 4.371659E-09	 2.285904E-09	-3.710396E-10	 3.369871E-09
0.46637	 0.000000E+00	-9.799232E-05	-7.001809E-05	-4.611460E-05	-1.527502E-05	-5.973323E-06	-1.832551E-06	-3.539220E-07	-8.196235E-09	-4.289647E-09	-3.650230E-09	 6.413491E-09	 4.455585E-09	 2.308626E-09	-4.438297E-10	 3.498454E-09
0.47170	 0.000000E+00	-9.785432E-05	-7.107944E-05	-4.745052E-05	-1.585661E-05	-6.240470E-06	-1.919849E-06	-3.810205E-07	-1.357678E-08	-4.642799E-09	-3.462733E-09	 6.554606E-09	 4.547626E-09	 2.323696E-09	-5.218714E-10	 3.630238E-09
0.47697	 0.000000E+00	-9.769487E-05	-7.214913E-05	-4.880121E-05	-1.645170E-05	-6.515902E-06	-2.010127E-06	-4.092953E-07	-1.914246E-08	-4.893192E-09	-3.188204E-09	 6.723572E-09	 4.658261E-09	 2.341277E-09	-6.088631E-10	 3.761565E-09
0.48218	 0.000000E+00	-9.751590E-05	-7.323064E-05	-5.016853E-05	-1.706140E-05	-6.800076E-06	-2.103457E-06	-4.387225E-07	-2.488495E-08	-5.034814E-09	-2.805951E-09	 6.932834E-09	 4.788051E-09	 2.360853E-09	-7.035604E-10	 3.892965E-09
0.48734	 0.000000E+00	-9.731842E-05	-7.432558E-05	-5.155359E-05	-1.768636E-05	-7.093298E-06	-2.199908E-06	-4.692799E-07	-3.076388E-08	-5.048179E-09	-2.304580E-09	 7.192018E-09	 4.943688E-09	 2.384295E-09	-8.068281E-10	 4.023688E-09
0.49244	 0.000000E+00	-9.704107E-05	-7.542517E-05	-5.295624E-05	-1.832620E-05	-7.395753E-06	-2.299515E-06	-5.007797E-07	-3.672141E-08	-4.968850E-09	-1.675989E-09	 7.524426E-09	 5.128543E-09	 2.408625E-09	-9.178773E-10	 4.154840E-09
0.49749	 0.000000E+00	-9.674576E-05	-7.653672E-05	-5.437717E-05	-1.898177E-05	-7.707561E-06	-2.402255E-06	-5.333434E-07	-4.272647E-08	-4.703349E-09	-8.979188E-10	 7.921069E-09	 5.350955E-09	 2.443396E-09	-1.037947E-09	 4.283253E-09
0.50249	 0.000000E+00	-9.643370E-05	-7.766158E-05	-5.581763E-05	-1.965376E-05	-8.029080E-06	-2.508138E-06	-5.668823E-07	-4.873394E-08	-4.233328E-09	 5.691933E-11	 8.398901E-09	 5.612969E-09	 2.488365E-09	-1.164999E-09	 4.409748E-09
0.50744	 0.000000E+00	-9.610514E-05	-7.879951E-05	-5.727823E-05	-2.034263E-05	-8.360622E-06	-2.617250E-06	-6.013554E-07	-5.467833E-08	-3.529750E-09	 1.201602E-09	 8.970320E-09	 5.924430E-09	 2.546380E-09	-1.300017E-09	 4.533526E-09
0.51235	 0.000000E+00	-9.569558E-05	-7.994033E-05	-5.875839E-05	-2.104792E-05	-8.702474E-06	-2.729664E-06	-6.365262E-07	-6.046749E-08	-2.629046E-09	 2.548694E-09	 9.669886E-09	 6.290769E-09	 2.611244E-09	-1.441967E-09	 4.657580E-09
0.51720	 0.000000E+00	-9.526890E-05	-8.109121E-05	-6.025893E-05	-2.177080E-05	-9.055014E-06	-2.845524E-06	-6.726034E-07	-6.608645E-08	-1.419441E-09	 4.128899E-09	 1.048474E-08	 6.720427E-09	 2.696535E-09	-1.590767E-09	 4.777686E-09
0.52202	 0.000000E+00	-9.482554E-05	-8.225302E-05	-6.178130E-05	-2.251227E-05	-9.418921E-06	-2.965051E-06	-7.095667E-07	-7.149836E-08	 1.179632E-10	 5.971354E-09	 1.143365E-08	 7.215998E-09	 2.802202E-09	-1.743895E-09	 4.894919E-09
0.52678	 0.000000E+00	-9.436481E-05	-8.342544E-05	-6.332653E-05	-2.327320E-05	-9.794920E-06	-3.088601E-06	-7.474869E-07	-7.667544E-08	 2.003216E-09	 8.089709E-09	 1.252842E-08	 7.785876E-09	 2.931466E-09	-1.901366E-09	 5.008509E-09
0.53151	 0.000000E+00	-9.386693E-05	-8.460502E-05	-6.489499E-05	-2.405421E-05	-1.018373E-05	-3.216520E-06	-7.863664E-07	-8.156897E-08	 4.243320E-09	 1.050306E-08	 1.379317E-08	 8.438401E-09	 3.083111E-09	-2.063106E-09	 5.119722E-09
0.53619	 0.000000E+00	-9.335089E-05	-8.579332E-05	-6.648751E-05	-2.485657E-05	-1.058623E-05	-3.349299E-06	-8.264437E-07	-8.620592E-08	 6.884192E-09	 1.323764E-08	 1.523184E-08	 9.179570E-09	 3.264298E-09	-2.227617E-09	 5.226724E-09
0.54083	 0.000000E+00	-9.281677E-05	-8.699000E-05	-6.810499E-05	-2.568152E-05	-1.100343E-05	-3.487472E-06	-8.678874E-07	-9.059123E-08	 9.949724E-09	 1.631849E-08	 1.686073E-08	 1.001719E-08	 3.477870E-09	-2.394303E-09	 5.329281E-09
0.54544	 0.000000E+00	-9.226363E-05	-8.819362E-05	-6.974789E-05	-2.653009E-05	-1.143634E-05	-3.631667E-06	-9.109507E-07	-9.476785E-08	 1.345590E-08	 1.976719E-08	 1.869211E-08	 1.095824E-08	 3.728349E-09	-2.561714E-09	 5.426428E-09
0.55000	 0.000000E+00	-9.166284E-05	-8.939846E-05	-7.141588E-05	-2.740277E-05	-1.188590E-05	-3.782502E-06	-9.557865E-07	-9.873704E-08	 1.739380E-08	 2.359674E-08	 2.075144E-08	 1.201533E-08	 4.016149E-09	-2.730972E-09	 5.518755E-09
0.55453	 0.000000E+00	-9.104177E-05	-9.060712E-05	-7.310960E-05	-2.830090E-05	-1.235309E-05	-3.940609E-06	-1.002769E-06	-1.025806E-07	 2.181757E-08	 2.784812E-08	 2.304565E-08	 1.319528E-08	 4.351147E-09	-2.898979E-09	 5.604041E-09
0.55902	 0.000000E+00	-9.040033E-05	-9.181934E-05	-7.482993E-05	-2.922565E-05	-1.283905E-05	-4.106709E-06	-1.052194E-06	-1.063609E-07	 2.673387E-08	 3.254663E-08	 2.559591E-08	 1.450979E-08	 4.737706E-09	-3.064997E-09	 5.682016E-09
0.56347	 0.000000E+00	-8.973771E-05	-9.303477E-05	-7.657762E-05	-3.017810E-05	-1.334485E-05	-4.281505E-06	-1.104349E-06	-1.101343E-07	 3.215893E-08	 3.772750E-08	 2.842747E-08	 1.597107E-08	 5.181044E-09	-3.227168E-09	 5.752541E-09
0.56789	 0.000000E+00	-8.906624E-05	-9.425397E-05	-7.835327E-05	-3.115931E-05	-1.387162E-05	-4.465808E-06	-1.159688E-06	-1.140447E-07	 3.809776E-08	 4.342110E-08	 3.155396E-08	 1.758812E-08	 5.690203E-09	-3.381854E-09	 5.813922E-09
0.57228	 0.000000E+00	-8.837264E-05	-9.547404E-05	-8.015687E-05	-3.216989E-05	-1.442034E-05	-4.660367E-06	-1.218512E-06	-1.181593E-07	 4.454125E-08	 4.965235E-08	 3.500924E-08	 1.938077E-08	 6.269915E-09	-3.529075E-09	 5.866538E-09
0.57663	 0.000000E+00	-8.765711E-05	-9.669375E-05	-8.198834E-05	-3.321046E-05	-1.499194E-05	-4.865891E-06	-1.281177E-06	-1.225656E-07	 5.150773E-08	 5.646468E-08	 3.882549E-08	 2.136814E-08	 6.929752E-09	-3.665808E-09	 5.910233E-09
0.58095	 0.000000E+00	-8.691861E-05	-9.791165E-05	-8.384772E-05	-3.428158E-05	-1.558736E-05	-5.083150E-06	-1.348099E-06	-1.274028E-07	 5.899146E-08	 6.389572E-08	 4.303095E-08	 2.356642E-08	 7.680258E-09	-3.787070E-09	 5.944860E-09
0.58523	 0.000000E+00	-8.618482E-05	-9.913094E-05	-8.573577E-05	-3.538424E-05	-1.620756E-05	-5.312889E-06	-1.419786E-06	-1.328461E-07	 6.701293E-08	 7.199447E-08	 4.764987E-08	 2.599421E-08	 8.536705E-09	-3.887318E-09	 5.969030E-09
0.58949	 0.000000E+00	-8.542758E-05	-1.003464E-04	-8.765185E-05	-3.651832E-05	-1.685334E-05	-5.555818E-06	-1.496503E-06	-1.389623E-07	 7.554511E-08	 8.079391E-08	 5.273577E-08	 2.868165E-08	 9.506633E-09	-3.963872E-09	 5.985343E-09
0.59372	 0.000000E+00	-8.464695E-05	-1.015556E-04	-8.959500E-05	-3.768368E-05	-1.752529E-05	-5.812598E-06	-1.578681E-06	-1.459030E-07	 8.458818E-08	 9.033928E-08	 5.832472E-08	 3.165493E-08	 1.060740E-08	-4.009624E-09	 5.993779E-09
0.59791	 0.000000E+00	-8.384199E-05	-1.027567E-04	-9.156459E-05	-3.888030E-05	-1.822411E-05	-6.083929E-06	-1.666761E-06	-1.538414E-07	 9.411647E-08	 1.006704E-07	 6.445981E-08	 3.494255E-08	 1.185388E-08	-4.017665E-09	 5.996214E-09
0.60208	 0.000000E+00	-8.303002E-05	-1.039514E-04	-9.356094E-05	-4.010883E-05	-1.895063E-05	-6.370528E-06	-1.761235E-06	-1.629579E-07	 1.041425E-07	 1.118520E-07	 7.118754E-08	 3.857660E-08	 1.326730E-08	-3.978259E-09	 5.993940E-09
0.60622	 0.000000E+00	-8.219301E-05	-1.051356E-04	-9.558319E-05	-4.136887E-05	-1.970552E-05	-6.673161E-06	-1.862545E-06	-1.734425E-07	 1.146018E-07	 1.239077E-07	 7.855575E-08	 4.259190E-08	 1.486534E-08	-3.882766E-09	 5.989933E-09
0.61033	 0.000000E+00	-8.133098E-05	-1.063074E-04	-9.763061E-05	-4.266028E-05	-2.048940E-05	-6.992544E-06	-1.971170E-06	-1.854924E-07	 1.254594E-07	 1.368807E-07	 8.661848E-08	 4.702952E-08	 1.667013E-08	-3.721612E-09	 5.987198E-09
0.61441	 0.000000E+00	-8.044275E-05	-1.074660E-04	-9.970324E-05	-4.398318E-05	-2.130307E-05	-7.329475E-06	-2.087652E-06	-1.993641E-07	 1.366479E-07	 1.508049E-07	 9.542330E-08	 5.192456E-08	 1.870460E-08	-3.480905E-09	 5.990339E-09
0.61847	 0.000000E+00	-7.958633E-05	-1.086205E-04	-1.018034E-04	-4.533935E-05	-2.214760E-05	-7.684811E-06	-2.212766E-06	-2.154240E-07	 1.481519E-07	 1.657490E-07	 1.050075E-07	 5.731170E-08	 2.100315E-08	-3.142553E-09	 6.001192E-09
0.62249	 0.000000E+00	-7.870302E-05	-1.097603E-04	-1.039289E-04	-4.672749E-05	-2.302364E-05	-8.059402E-06	-2.346859E-06	-2.338331E-07	 1.598348E-07	 1.817077E-07	 1.154443E-07	 6.324592E-08	 2.358467E-08	-2.696756E-09	 6.028178E-09
0.62650	 0.000000E+00	-7.779240E-05	-1.108811E-04	-1.060775E-04	-4.814641E-05	-2.393138E-05	-8.453944E-06	-2.490590E-06	-2.549475E-07	 1.715805E-07	 1.986854E-07	 1.267694E-07	 6.976987E-08	 2.648200E-08	-2.126760E-09	 6.075659E-09
0.63048	 0.000000E+00	-7.685340E-05	-1.119794E-04	-1.082471E-04	-4.959538E-05	-2.487124E-05	-8.869176E-06	-2.644576E-06	-2.791014E-07	 1.832791E-07	 2.167022E-07	 1.390354E-07	 7.693216E-08	 2.972708E-08	-1.414283E-09	 6.151265E-09
0.63443	 0.000000E+00	-7.590132E-05	-1.130554E-04	-1.104374E-04	-5.107436E-05	-2.584384E-05	-9.305943E-06	-2.809588E-06	-3.067370E-07	 1.947904E-07	 2.357673E-07	 1.522781E-07	 8.477342E-08	 3.335640E-08	-5.358896E-10	 6.262650E-09
0.63836	 0.000000E+00	-7.491920E-05	-1.141044E-04	-1.126468E-04	-5.258239E-05	-2.684965E-05	-9.765067E-06	-2.986257E-06	-3.382235E-07	 2.059283E-07	 2.558529E-07	 1.665441E-07	 9.334865E-08	 3.740408E-08	 5.273320E-10	 6.419515E-09
0.64226	 0.000000E+00	-7.390662E-05	-1.151243E-04	-1.148740E-04	-5.411885E-05	-2.788908E-05	-1.024734E-05	-3.175277E-06	-3.739713E-07	 2.165247E-07	 2.769483E-07	 1.818779E-07	 1.027134E-07	 4.191227E-08	 1.800387E-09	 6.632323E-09
0.64614	 0.000000E+00	-7.286213E-05	-1.161146E-04	-1.171194E-04	-5.568377E-05	-2.896293E-05	-1.075368E-05	-3.377407E-06	-4.144670E-07	 2.263409E-07	 2.990122E-07	 1.983157E-07	 1.129149E-07	 4.691738E-08	 3.311015E-09	 6.916173E-09
0.65000	 0.000000E+00	-7.188112E-05	-1.170922E-04	-1.193880E-04	-5.728052E-05	-3.007271E-05	-1.128520E-05	-3.593823E-06	-4.604079E-07	 2.352494E-07	 3.220913E-07	 2.158767E-07	 1.239923E-07	 5.248022E-08	 5.100509E-09	 7.281134E-09
0.65383	 0.000000E+00	-7.086715E-05	-1.180395E-04	-1.216754E-04	-5.890603E-05	-3.121866E-05	-1.184277E-05	-3.824915E-06	-5.120735E-07	 2.429084E-07	 3.460548E-07	 2.346189E-07	 1.360231E-07	 5.863106E-08	 7.186482E-09	 7.746737E-09
0.65765	 0.000000E+00	-6.981956E-05	-1.189500E-04	-1.239771E-04	-6.055779E-05	-3.240027E-05	-1.242692E-05	-4.071502E-06	-5.700588E-07	 2.490263E-07	 3.708144E-07	 2.545429E-07	 1.490554E-07	 6.542204E-08	 9.602737E-09	 8.327198E-09
0.66144	 0.000000E+00	-6.873738E-05	-1.198185E-04	-1.262896E-04	-6.223381E-05	-3.361726E-05	-1.303821E-05	-4.334381E-06	-6.349567E-07	 2.533035E-07	 3.962878E-07	 2.756583E-07	 1.631375E-07	 7.290336E-08	 1.238733E-08	 9.042131E-09
0.66521	 0.000000E+00	-6.762511E-05	-1.206428E-04	-1.286110E-04	-6.393289E-05	-3.486970E-05	-1.367728E-05	-4.614348E-06	-7.073691E-07	 2.554252E-07	 4.223815E-07	 2.979689E-07	 1.783178E-07	 8.112826E-08	 1.558147E-08	 9.913290E-09
0.66895	 0.000000E+00	-6.647651E-05	-1.214201E-04	-1.309396E-04	-6.565368E-05	-3.615757E-05	-1.434468E-05	-4.912096E-06	-7.878285E-07	 2.550791E-07	 4.489947E-07	 3.214873E-07	 1.946572E-07	 9.015459E-08	 1.922826E-08	 1.096579E-08
0.67268	 0.000000E+00	-6.529089E-05	-1.221490E-04	-1.332744E-04	-6.739500E-05	-3.748084E-05	-1.504094E-05	-5.228297E-06	-8.768678E-07	 2.519499E-07	 4.760243E-07	 3.462226E-07	 2.122176E-07	 1.000451E-07	 2.337601E-08	 1.222784E-08
0.67639	 0.000000E+00	-6.406694E-05	-1.228301E-04	-1.356161E-04	-6.915655E-05	-3.883998E-05	-1.576674E-05	-5.563664E-06	-9.750710E-07	 2.456677E-07	 5.033393E-07	 3.721734E-07	 2.310489E-07	 1.108539E-07	 2.807599E-08	 1.373386E-08
0.68007	 0.000000E+00	-6.291692E-05	-1.234844E-04	-1.379716E-04	-7.094251E-05	-4.023661E-05	-1.652316E-05	-5.919567E-06	-1.083453E-06	 2.358913E-07	 5.308814E-07	 3.992973E-07	 2.511663E-07	 1.226536E-07	 3.339665E-08	 1.551356E-08
0.68374	 0.000000E+00	-6.172693E-05	-1.240904E-04	-1.403347E-04	-7.274794E-05	-4.167012E-05	-1.731069E-05	-6.296261E-06	-1.202316E-06	 2.221170E-07	 5.583643E-07	 4.275834E-07	 2.726496E-07	 1.354886E-07	 3.936898E-08	 1.760231E-08
0.68739	 0.000000E+00	-6.049618E-05	-1.246411E-04	-1.426995E-04	-7.456903E-05	-4.313902E-05	-1.812927E-05	-6.694385E-06	-1.332325E-06	 2.039147E-07	 5.855870E-07	 4.569663E-07	 2.955331E-07	 1.494248E-07	 4.605037E-08	 2.003422E-08
0.69101	 0.000000E+00	-5.922413E-05	-1.251308E-04	-1.450613E-04	-7.640266E-05	-4.464221E-05	-1.897895E-05	-7.114619E-06	-1.474177E-06	 1.808242E-07	 6.123407E-07	 4.873810E-07	 3.198453E-07	 1.645224E-07	 5.350283E-08	 2.285070E-08
0.69462	 0.000000E+00	-5.790258E-05	-1.255542E-04	-1.474166E-04	-7.824636E-05	-4.617906E-05	-1.985998E-05	-7.557632E-06	-1.628548E-06	 1.523624E-07	 6.383926E-07	 5.187550E-07	 3.456133E-07	 1.808398E-07	 6.178848E-08	 2.609614E-08
0.69821	 0.000000E+00	-5.653740E-05	-1.259093E-04	-1.497631E-04	-8.009812E-05	-4.774894E-05	-2.077255E-05	-8.024108E-06	-1.796164E-06	 1.180224E-07	 6.634865E-07	 5.509871E-07	 3.728474E-07	 1.984321E-07	 7.097130E-08	 2.981616E-08
0.70178	 0.000000E+00	-5.512707E-05	-1.261933E-04	-1.520986E-04	-8.195578E-05	-4.935119E-05	-2.171678E-05	-8.514668E-06	-1.977719E-06	 7.727682E-08	 6.873406E-07	 5.839662E-07	 4.015557E-07	 2.173515E-07	 8.111416E-08	 3.405880E-08
0.70534	 0.000000E+00	-5.367077E-05	-1.264036E-04	-1.544207E-04	-8.381712E-05	-5.098511E-05	-2.269279E-05	-9.029919E-06	-2.173908E-06	 2.958800E-08	 7.096610E-07	 6.175716E-07	 4.317432E-07	 2.376511E-07	 9.228288E-08	 3.887523E-08
0.70887	 0.000000E+00	-5.216243E-05	-1.265363E-04	-1.567266E-04	-8.567941E-05	-5.264967E-05	-2.370050E-05	-9.570376E-06	-2.385408E-06	-2.560839E-08	 7.301151E-07	 6.516528E-07	 4.633983E-07	 2.593756E-07	 1.045415E-07	 4.431818E-08
0.71239	 0.000000E+00	-5.060578E-05	-1.265895E-04	-1.590141E-04	-8.754038E-05	-5.434400E-05	-2.473986E-05	-1.013659E-05	-2.612926E-06	-8.888061E-08	 7.483695E-07	 6.860505E-07	 4.965017E-07	 2.825691E-07	 1.179577E-07	 5.044364E-08
0.71589	 0.000000E+00	-4.899920E-05	-1.265607E-04	-1.612808E-04	-8.939772E-05	-5.606725E-05	-2.581080E-05	-1.072907E-05	-2.857152E-06	-1.608041E-07	 7.640794E-07	 7.206002E-07	 5.310353E-07	 3.072763E-07	 1.326007E-07	 5.731109E-08
0.71937	 0.000000E+00	-4.734195E-05	-1.264469E-04	-1.635239E-04	-9.124861E-05	-5.781822E-05	-2.691304E-05	-1.134828E-05	-3.118777E-06	-2.419916E-07	 7.768492E-07	 7.550882E-07	 5.669471E-07	 3.335258E-07	 1.485345E-07	 6.497863E-08
0.72284	 0.000000E+00	-4.562262E-05	-1.262432E-04	-1.657398E-04	-9.308976E-05	-5.959555E-05	-2.804623E-05	-1.199453E-05	-3.398425E-06	-3.330526E-07	 7.862705E-07	 7.893014E-07	 6.041907E-07	 3.613447E-07	 1.658225E-07	 7.350809E-08
0.72629	 0.000000E+00	-4.385019E-05	-1.259481E-04	-1.679259E-04	-9.491885E-05	-6.139823E-05	-2.921010E-05	-1.266831E-05	-3.696821E-06	-4.345900E-07	 7.919585E-07	 8.230185E-07	 6.427063E-07	 3.907615E-07	 1.845358E-07	 8.296531E-08
0.72973	 0.000000E+00	-4.202279E-05	-1.255567E-04	-1.700779E-04	-9.673234E-05	-6.322468E-05	-3.040408E-05	-1.336994E-05	-4.014658E-06	-5.472526E-07	 7.934667E-07	 8.559677E-07	 6.823999E-07	 4.217808E-07	 2.047312E-07	 9.341161E-08
0.73314	 0.000000E+00	-4.014085E-05	-1.250603E-04	-1.721865E-04	-9.852372E-05	-6.507128E-05	-3.162669E-05	-1.409948E-05	-4.352552E-06	-6.716615E-07	 7.903217E-07	 8.878316E-07	 7.231750E-07	 4.544250E-07	 2.264622E-07	 1.048938E-07
0.73655	 0.000000E+00	-3.796563E-05	-1.244031E-04	-1.742239E-04	-1.002731E-04	-6.692983E-05	-3.287444E-05	-1.485496E-05	-4.709733E-06	-8.083494E-07	 7.818403E-07	 9.183201E-07	 7.650021E-07	 4.886602E-07	 2.497411E-07	 1.174786E-07
0.73993	 0.000000E+00	-3.573336E-05	-1.236243E-04	-1.762006E-04	-1.019864E-04	-6.880019E-05	-3.414674E-05	-1.563766E-05	-5.087859E-06	-9.579834E-07	 7.677112E-07	 9.470245E-07	 8.075772E-07	 5.244426E-07	 2.746666E-07	 1.312392E-07
0.74330	 0.000000E+00	-3.344058E-05	-1.227303E-04	-1.781227E-04	-1.036663E-04	-7.068470E-05	-3.544479E-05	-1.644839E-05	-5.487682E-06	-1.121260E-06	 7.474573E-07	 9.736839E-07	 8.508028E-07	 5.617499E-07	 3.012924E-07	 1.462553E-07
0.74666	 0.000000E+00	-3.108614E-05	-1.217246E-04	-1.799931E-04	-1.053129E-04	-7.258373E-05	-3.676877E-05	-1.728752E-05	-5.909795E-06	-1.298821E-06	 7.205647E-07	 9.979642E-07	 8.945625E-07	 6.005723E-07	 3.296593E-07	 1.625832E-07
0.75000	 0.000000E+00	-2.863343E-05	-1.205983E-04	-1.818062E-04	-1.069206E-04	-7.449442E-05	-3.811712E-05	-1.815459E-05	-6.354433E-06	-1.491302E-06	 6.864064E-07	 1.019432E-06	 9.386588E-07	 6.408308E-07	 3.597763E-07	 1.802723E-07
0.75333	 0.000000E+00	-2.611666E-05	-1.193554E-04	-1.835611E-04	-1.084875E-04	-7.641540E-05	-3.948905E-05	-1.904980E-05	-6.822302E-06	-1.699355E-06	 6.444670E-07	 1.037693E-06	 9.828920E-07	 6.824704E-07	 3.916856E-07	 1.993874E-07
0.75664	 0.000000E+00	-2.353336E-05	-1.179916E-04	-1.852535E-04	-1.100104E-04	-7.834509E-05	-4.088373E-05	-1.997329E-05	-7.313999E-06	-1.923642E-06	 5.941992E-07	 1.052351E-06	 1.027075E-06	 7.254307E-07	 4.254161E-07	 2.199896E-07
0.75993	 0.000000E+00	-2.088483E-05	-1.164968E-04	-1.868717E-04	-1.114798E-04	-8.027759E-05	-4.229793E-05	-2.092414E-05	-7.829761E-06	-2.164743E-06	 5.349472E-07	 1.062822E-06	 1.070911E-06	 7.696092E-07	 4.609445E-07	 2.420832E-07
0.76322	 0.000000E+00	-1.785732E-05	-1.147973E-04	-1.883754E-04	-1.128670E-04	-8.219972E-05	-4.372509E-05	-2.189836E-05	-8.367521E-06	-2.422838E-06	 4.659155E-07	 1.068654E-06	 1.114274E-06	 8.148540E-07	 4.982092E-07	 2.657135E-07
0.76649	 0.000000E+00	-1.476282E-05	-1.129482E-04	-1.897828E-04	-1.141827E-04	-8.411267E-05	-4.516485E-05	-2.289755E-05	-8.929371E-06	-2.698670E-06	 3.867836E-07	 1.069318E-06	 1.156658E-06	 8.610002E-07	 5.372859E-07	 2.909617E-07
0.76974	 0.000000E+00	-1.159650E-05	-1.109584E-04	-1.911030E-04	-1.154312E-04	-8.601993E-05	-4.661862E-05	-2.392248E-05	-9.516018E-06	-2.992997E-06	 2.969036E-07	 1.064354E-06	 1.197785E-06	 9.078780E-07	 5.781446E-07	 3.178748E-07
0.77298	 0.000000E+00	-8.357493E-06	-1.088333E-04	-1.923400E-04	-1.166133E-04	-8.792215E-05	-4.808637E-05	-2.497331E-05	-1.012786E-05	-3.306408E-06	 1.956536E-07	 1.053263E-06	 1.237423E-06	 9.553919E-07	 6.207595E-07	 3.464696E-07
0.77621	 0.000000E+00	-4.963400E-06	-1.065557E-04	-1.934834E-04	-1.177195E-04	-8.981473E-05	-4.956544E-05	-2.604864E-05	-1.076447E-05	-3.639328E-06	 8.235835E-08	 1.035532E-06	 1.275326E-06	 1.003392E-06	 6.650910E-07	 3.767817E-07
0.77942	 0.000000E+00	-1.494597E-06	-1.041396E-04	-1.945365E-04	-1.187499E-04	-9.169591E-05	-5.105408E-05	-2.714824E-05	-1.142644E-05	-3.992355E-06	-4.361392E-08	 1.010513E-06	 1.311011E-06	 1.051615E-06	 7.110703E-07	 4.088173E-07
0.78262	 0.000000E+00	 2.052202E-06	-1.015864E-04	-1.954999E-04	-1.197028E-04	-9.356496E-05	-5.255143E-05	-2.827191E-05	-1.211404E-05	-4.366059E-06	-1.829195E-07	 9.776504E-07	 1.344130E-06	 1.099853E-06	 7.586348E-07	 4.425943E-07
0.78581	 0.000000E+00	 5.677134E-06	-9.889662E-05	-1.963727E-04	-1.205759E-04	-9.542057E-05	-5.405633E-05	-2.941933E-05	-1.282752E-05	-4.760962E-06	-3.361874E-07	 9.363939E-07	 1.374354E-06	 1.147922E-06	 8.077325E-07	 4.781304E-07
0.78899	 0.000000E+00	 9.391792E-06	-9.606646E-05	-1.971506E-04	-1.213635E-04	-9.725914E-05	-5.556601E-05	-3.058921E-05	-1.356661E-05	-5.177443E-06	-5.041100E-07	 8.860526E-07	 1.401195E-06	 1.195495E-06	 8.582103E-07	 5.153801E-07
0.79215	 0.000000E+00	 1.318718E-05	-9.309587E-05	-1.978308E-04	-1.220619E-04	-9.907795E-05	-5.707825E-05	-3.178070E-05	-1.433131E-05	-5.615912E-06	-6.873342E-07	 8.259879E-07	 1.424203E-06	 1.242280E-06	 9.099429E-07	 5.543143E-07
0.79530	 0.000000E+00	 1.706641E-05	-8.998269E-05	-1.984100E-04	-1.226667E-04	-1.008745E-04	-5.859117E-05	-3.299312E-05	-1.512166E-05	-6.076774E-06	-8.864630E-07	 7.556382E-07	 1.443011E-06	 1.288044E-06	 9.628477E-07	 5.949348E-07
0.79844	 0.000000E+00	 2.102894E-05	-8.672409E-05	-1.988835E-04	-1.231717E-04	-1.026441E-04	-6.010088E-05	-3.422449E-05	-1.593698E-05	-6.560186E-06	-1.102160E-06	 6.742208E-07	 1.456989E-06	 1.332329E-06	 1.016658E-06	 6.371071E-07
0.80156	 0.000000E+00	 2.510529E-05	-8.331232E-05	-1.992443E-04	-1.235693E-04	-1.043822E-04	-6.160383E-05	-3.547299E-05	-1.677658E-05	-7.066328E-06	-1.335114E-06	 5.810057E-07	 1.465595E-06	 1.374716E-06	 1.071133E-06	 6.807219E-07
0.80467	 0.000000E+00	 2.926725E-05	-7.975461E-05	-1.994935E-04	-1.238595E-04	-1.060889E-04	-6.309989E-05	-3.673933E-05	-1.764133E-05	-7.595979E-06	-1.586062E-06	 4.754131E-07	 1.468498E-06	 1.415038E-06	 1.126267E-06	 7.258417E-07
0.80777	 0.000000E+00	 3.351881E-05	-7.605470E-05	-1.996327E-04	-1.240406E-04	-1.077629E-04	-6.458739E-05	-3.802284E-05	-1.853121E-05	-8.149668E-06	-1.855874E-06	 3.565971E-07	 1.465046E-06	 1.452814E-06	 1.181814E-06	 7.723650E-07
0.81086	 0.000000E+00	 3.786191E-05	-7.222327E-05	-1.996721E-04	-1.241169E-04	-1.094081E-04	-6.606733E-05	-3.932420E-05	-1.944674E-05	-8.728190E-06	-2.145507E-06	 2.237490E-07	 1.454562E-06	 1.487476E-06	 1.237471E-06	 8.201827E-07
0.81394	 0.000000E+00	 4.194976E-05	-6.834396E-05	-1.996613E-04	-1.241229E-04	-1.110430E-04	-6.755016E-05	-4.065150E-05	-2.039382E-05	-9.334217E-06	-2.456262E-06	 7.591572E-08	 1.436395E-06	 1.518871E-06	 1.293287E-06	 8.693759E-07
0.81701	 0.000000E+00	 4.613499E-05	-6.434911E-05	-1.995652E-04	-1.240333E-04	-1.126592E-04	-6.903112E-05	-4.200149E-05	-2.137002E-05	-9.967911E-06	-2.789396E-06	-8.782623E-08	 1.410306E-06	 1.546696E-06	 1.348989E-06	 9.198108E-07
0.82006	 0.000000E+00	 5.041881E-05	-6.022312E-05	-1.993633E-04	-1.238287E-04	-1.142420E-04	-7.049970E-05	-4.336863E-05	-2.237280E-05	-1.062864E-05	-3.145598E-06	-2.686325E-07	 1.375254E-06	 1.570128E-06	 1.404017E-06	 9.711219E-07
0.82310	 0.000000E+00	 5.479951E-05	-5.595843E-05	-1.990444E-04	-1.234992E-04	-1.157849E-04	-7.195124E-05	-4.475120E-05	-2.340177E-05	-1.131683E-05	-3.525799E-06	-4.674261E-07	 1.330414E-06	 1.588487E-06	 1.458027E-06	 1.023180E-06
0.82614	 0.000000E+00	 5.914349E-05	-5.158347E-05	-1.986227E-04	-1.230537E-04	-1.172929E-04	-7.338817E-05	-4.615230E-05	-2.445960E-05	-1.203419E-05	-3.931369E-06	-6.853450E-07	 1.274912E-06	 1.601254E-06	 1.510794E-06	 1.075909E-06
0.82916	 0.000000E+00	 6.359018E-05	-4.707120E-05	-1.980817E-04	-1.224775E-04	-1.187594E-04	-7.480543E-05	-4.756913E-05	-2.554459E-05	-1.278085E-05	-4.363465E-06	-9.235276E-07	 1.207947E-06	 1.607705E-06	 1.561814E-06	 1.129014E-06
0.83217	 0.000000E+00	 6.814442E-05	-4.242079E-05	-1.974173E-04	-1.217617E-04	-1.201774E-04	-7.619699E-05	-4.899832E-05	-2.665494E-05	-1.355657E-05	-4.822954E-06	-1.183082E-06	 1.128430E-06	 1.606918E-06	 1.610494E-06	 1.182136E-06
0.83516	 0.000000E+00	 7.281104E-05	-3.764997E-05	-1.966505E-04	-1.209186E-04	-1.215580E-04	-7.756822E-05	-5.044334E-05	-2.779259E-05	-1.436307E-05	-5.311314E-06	-1.464882E-06	 1.035441E-06	 1.597964E-06	 1.656340E-06	 1.235121E-06
0.83815	 0.000000E+00	 7.674389E-05	-3.295742E-05	-1.959148E-04	-1.200390E-04	-1.229504E-04	-7.894791E-05	-5.192522E-05	-2.897267E-05	-1.520721E-05	-5.831706E-06	-1.771252E-06	 9.268913E-07	 1.580076E-06	 1.698994E-06	 1.287775E-06
0.84113	 0.000000E+00	 8.080261E-05	-2.817367E-05	-1.951156E-04	-1.190567E-04	-1.243305E-04	-8.032140E-05	-5.343317E-05	-3.018611E-05	-1.608692E-05	-6.385517E-06	-2.103288E-06	 8.029788E-07	 1.552848E-06	 1.737841E-06	 1.339633E-06
0.84410	 0.000000E+00	 8.498521E-05	-2.326453E-05	-1.942066E-04	-1.179298E-04	-1.256641E-04	-8.166439E-05	-5.495289E-05	-3.142493E-05	-1.699867E-05	-6.972382E-06	-2.462069E-06	 6.622340E-07	 1.514931E-06	 1.771815E-06	 1.389892E-06
0.84705	 0.000000E+00	 8.928853E-05	-1.821618E-05	-1.931704E-04	-1.166416E-04	-1.269392E-04	-8.296745E-05	-5.647970E-05	-3.268672E-05	-1.794202E-05	-7.592958E-06	-2.848429E-06	 5.032249E-07	 1.464791E-06	 1.799912E-06	 1.437992E-06
0.85000	 0.000000E+00	 9.315937E-05	-1.314890E-05	-1.920882E-04	-1.152464E-04	-1.281857E-04	-8.424797E-05	-5.802760E-05	-3.398189E-05	-1.892225E-05	-8.250167E-06	-3.264630E-06	 3.237187E-07	 1.401234E-06	 1.821423E-06	 1.483522E-06
0.85294	 0.000000E+00	 9.716433E-05	-7.947646E-06	-1.908891E-04	-1.136931E-04	-1.293833E-04	-8.549194E-05	-5.958741E-05	-3.530288E-05	-1.993755E-05	-8.945174E-06	-3.711834E-06	 1.232899E-07	 1.323385E-06	 1.835478E-06	 1.525839E-06
0.85586	 0.000000E+00	 1.013077E-04	-2.592099E-06	-1.895433E-04	-1.119507E-04	-1.305063E-04	-8.667921E-05	-6.114666E-05	-3.664195E-05	-2.098441E-05	-9.677532E-06	-4.190948E-06	-9.964173E-08	 1.229648E-06	 1.840769E-06	 1.563948E-06
0.85878	 0.000000E+00	 1.055901E-04	 2.912476E-06	-1.880582E-04	-1.100194E-04	-1.315570E-04	-8.780840E-05	-6.270504E-05	-3.799846E-05	-2.206354E-05	-1.044840E-05	-4.702811E-06	-3.465941E-07	 1.118287E-06	 1.836002E-06	 1.597048E-06
0.86168	 0.000000E+00	 1.090540E-04	 8.347929E-06	-1.865967E-04	-1.080085E-04	-1.325979E-04	-8.891833E-05	-6.429128E-05	-3.939328E-05	-2.318554E-05	-1.126316E-05	-5.251274E-06	-6.212492E-07	 9.875961E-07	 1.820090E-06	 1.624529E-06
0.86458	 0.000000E+00	 1.126765E-04	 1.391046E-05	-1.850322E-04	-1.058302E-04	-1.335942E-04	-8.998443E-05	-6.588836E-05	-4.081169E-05	-2.434571E-05	-1.212225E-05	-5.836986E-06	-9.232487E-07	 8.367591E-07	 1.791961E-06	 1.645472E-06
0.86747	 0.000000E+00	 1.164585E-04	 1.963750E-05	-1.833101E-04	-1.034309E-04	-1.344987E-04	-9.097027E-05	-6.747200E-05	-4.223774E-05	-2.553539E-05	-1.302229E-05	-6.459544E-06	-1.253961E-06	 6.639278E-07	 1.749779E-06	 1.658303E-06
0.87034	 0.000000E+00	 1.203938E-04	 2.553734E-05	-1.814199E-04	-1.007953E-04	-1.353008E-04	-9.186432E-05	-6.903508E-05	-4.366604E-05	-2.675247E-05	-1.396265E-05	-7.118834E-06	-1.614811E-06	 4.671054E-07	 1.691770E-06	 1.661708E-06
0.87321	 0.000000E+00	 1.235651E-04	 3.140779E-05	-1.795204E-04	-9.802777E-05	-1.360616E-04	-9.270526E-05	-7.060651E-05	-4.511772E-05	-2.800819E-05	-1.494895E-05	-7.818980E-06	-2.010084E-06	 2.440830E-07	 1.616354E-06	 1.654747E-06
0.87607	 0.000000E+00	 1.269097E-04	 3.743910E-05	-1.774776E-04	-9.503575E-05	-1.367418E-04	-9.346318E-05	-7.216568E-05	-4.657476E-05	-2.929574E-05	-1.598004E-05	-8.559555E-06	-2.439100E-06	-6.090484E-09	 1.522206E-06	 1.636182E-06
0.87892	 0.000000E+00	 1.304313E-04	 4.366689E-05	-1.752362E-04	-9.176304E-05	-1.372904E-04	-9.409644E-05	-7.368290E-05	-4.801617E-05	-3.060277E-05	-1.704958E-05	-9.338224E-06	-2.902374E-06	-2.850097E-07	 1.407304E-06	 1.604086E-06
0.88176	 0.000000E+00	 1.341178E-04	 5.009429E-05	-1.727907E-04	-8.819590E-05	-1.376968E-04	-9.459133E-05	-7.514787E-05	-4.943314E-05	-3.192448E-05	-1.815452E-05	-1.015316E-05	-3.400335E-06	-5.941492E-07	 1.269824E-06	 1.556841E-06
0.88459	 0.000000E+00	 1.369827E-04	 5.650268E-05	-1.703261E-04	-8.445324E-05	-1.380322E-04	-9.499329E-05	-7.659312E-05	-5.084909E-05	-3.327312E-05	-1.930016E-05	-1.100836E-05	-3.937597E-06	-9.359247E-07	 1.107743E-06	 1.493131E-06
0.88741	 0.000000E+00	 1.400315E-04	 6.309388E-05	-1.676874E-04	-8.043128E-05	-1.382509E-04	-9.526613E-05	-7.799375E-05	-5.224188E-05	-3.463973E-05	-2.048353E-05	-1.190191E-05	-4.512559E-06	-1.310986E-06	 9.198246E-07	 1.411604E-06
0.89022	 0.000000E+00	 1.432702E-04	 6.990430E-05	-1.648150E-04	-7.606876E-05	-1.382942E-04	-9.536093E-05	-7.931275E-05	-5.358445E-05	-3.600741E-05	-2.169442E-05	-1.282899E-05	-5.124399E-06	-1.720240E-06	 7.041644E-07	 1.310143E-06
0.89303	 0.000000E+00	 1.466792E-04	 7.693015E-05	-1.617171E-04	-7.136172E-05	-1.381574E-04	-9.526643E-05	-8.053821E-05	-5.486519E-05	-3.736840E-05	-2.292660E-05	-1.378536E-05	-5.771728E-06	-2.164024E-06	 4.591513E-07	 1.186856E-06
0.89582	 0.000000E+00	 1.488362E-04	 8.385996E-05	-1.586844E-04	-6.649743E-05	-1.379565E-04	-9.506213E-05	-8.172558E-05	-5.612529E-05	-3.874411E-05	-2.418881E-05	-1.477744E-05	-6.461070E-06	-2.645155E-06	 1.824252E-07	 1.040369E-06
0.89861	 0.000000E+00	 1.511894E-04	 9.099102E-05	-1.554711E-04	-6.131989E-05	-1.376208E-04	-9.469188E-05	-8.283645E-05	-5.733053E-05	-4.011982E-05	-2.547430E-05	-1.579994E-05	-7.187690E-06	-3.162625E-06	-1.260638E-07	 8.698852E-07
0.90139	 0.000000E+00	 1.537420E-04	 9.840628E-05	-1.519662E-04	-5.572372E-05	-1.370452E-04	-9.407552E-05	-8.380852E-05	-5.843696E-05	-4.146663E-05	-2.676466E-05	-1.684406E-05	-7.949097E-06	-3.716795E-06	-4.686763E-07	 6.722124E-07
0.90416	 0.000000E+00	 1.564559E-04	 1.061483E-04	-1.481368E-04	-4.966903E-05	-1.361880E-04	-9.318171E-05	-8.461377E-05	-5.942414E-05	-4.277077E-05	-2.805054E-05	-1.790552E-05	-8.744375E-06	-4.308798E-06	-8.484960E-07	 4.435698E-07
0.90692	 0.000000E+00	 1.578551E-04	 1.139021E-04	-1.443047E-04	-4.335291E-05	-1.351741E-04	-9.210047E-05	-8.531579E-05	-6.034115E-05	-4.405755E-05	-2.934229E-05	-1.899262E-05	-9.580937E-06	-4.941576E-06	-1.267929E-06	 1.825856E-07
0.90967	 0.000000E+00	 1.594455E-04	 1.219377E-04	-1.402248E-04	-3.662495E-05	-1.339393E-04	-9.077146E-05	-8.587183E-05	-6.114586E-05	-4.530523E-05	-3.062603E-05	-2.009333E-05	-1.044827E-05	-5.609826E-06	-1.723716E-06	-1.093742E-07
0.91241	 0.000000E+00	 1.612383E-04	 1.302851E-04	-1.358342E-04	-2.940935E-05	-1.323956E-04	-8.911869E-05	-8.621354E-05	-6.178395E-05	-4.647191E-05	-3.187182E-05	-2.118945E-05	-1.133556E-05	-6.307798E-06	-2.214136E-06	-4.329831E-07
0.91515	 0.000000E+00	 1.631991E-04	 1.389104E-04	-1.312005E-04	-2.174662E-05	-1.305784E-04	-8.716438E-05	-8.634711E-05	-6.225401E-05	-4.755332E-05	-3.307633E-05	-2.227801E-05	-1.223809E-05	-7.032539E-06	-2.738445E-06	-7.887756E-07
0.91788	 0.000000E+00	 1.621545E-04	 1.471137E-04	-1.271081E-04	-1.412724E-05	-1.288281E-04	-8.516954E-05	-8.646131E-05	-6.270885E-05	-4.863613E-05	-3.428584E-05	-2.339345E-05	-1.318157E-05	-7.795996E-06	-3.303911E-06	-1.179375E-06
0.92060	 0.000000E+00	 1.613484E-04	 1.555283E-04	-1.229317E-04	-6.197760E-06	-1.269814E-04	-8.299833E-05	-8.646319E-05	-6.306241E-05	-4.967932E-05	-3.547593E-05	-2.451294E-05	-1.414609E-05	-8.588370E-06	-3.904050E-06	-1.602152E-06
0.92331	 0.000000E+00	 1.607653E-04	 1.642940E-04	-1.184361E-04	 2.261055E-06	-1.248080E-04	-8.046774E-05	-8.620126E-05	-6.320374E-05	-5.059619E-05	-3.658185E-05	-2.559524E-05	-1.510678E-05	-9.394765E-06	-4.531685E-06	-2.055047E-06
0.92601	 0.000000E+00	 1.602798E-04	 1.735092E-04	-1.134536E-04	 1.141008E-05	-1.221337E-04	-7.744231E-05	-8.556371E-05	-6.305055E-05	-5.131945E-05	-3.755308E-05	-2.660675E-05	-1.604032E-05	-1.020010E-05	-5.178230E-06	-2.534222E-06
0.92871	 0.000000E+00	 1.606066E-04	 1.833647E-04	-1.077424E-04	 2.141432E-05	-1.188291E-04	-7.381452E-05	-8.446236E-05	-6.252565E-05	-5.179007E-05	-3.834628E-05	-2.751326E-05	-1.691826E-05	-1.098484E-05	-5.830272E-06	-3.031794E-06
0.93140	 0.000000E+00	 1.610000E-04	 1.937278E-04	-1.014336E-04	 3.222437E-05	-1.149092E-04	-6.958357E-05	-8.288440E-05	-6.161408E-05	-5.198198E-05	-3.893578E-05	-2.829379E-05	-1.772260E-05	-1.173417E-05	-6.476769E-06	-3.540038E-06
0.93408	 0.000000E+00	 1.615750E-04	 2.046328E-04	-9.449571E-05	 4.387809E-05	-1.103727E-04	-6.472989E-05	-8.082106E-05	-6.030040E-05	-5.188266E-05	-3.930882E-05	-2.893581E-05	-1.844109E-05	-1.243826E-05	-7.109434E-06	-4.052947E-06
0.93675	 0.000000E+00	 1.622576E-04	 2.161500E-04	-8.683601E-05	 5.650535E-05	-1.051201E-04	-5.915272E-05	-7.820575E-05	-5.853058E-05	-5.145179E-05	-3.943201E-05	-2.941769E-05	-1.906055E-05	-1.308852E-05	-7.722924E-06	-4.568001E-06
0.93941	 0.000000E+00	 1.646434E-04	 2.286866E-04	-7.792219E-05	 7.049873E-05	-9.886174E-05	-5.258860E-05	-7.484921E-05	-5.613627E-05	-5.057785E-05	-3.922898E-05	-2.968394E-05	-1.953959E-05	-1.365888E-05	-8.299782E-06	-5.076206E-06
0.94207	 0.000000E+00	 1.671209E-04	 2.419018E-04	-6.811832E-05	 8.572528E-05	-9.167123E-05	-4.505097E-05	-7.075590E-05	-5.311211E-05	-4.923533E-05	-3.867021E-05	-2.971099E-05	-1.985816E-05	-1.413204E-05	-8.825555E-06	-5.566583E-06
0.94472	 0.000000E+00	 1.698267E-04	 2.556707E-04	-5.754031E-05	 1.020804E-04	-8.369266E-05	-3.660257E-05	-6.598054E-05	-4.947426E-05	-4.743057E-05	-3.774823E-05	-2.948103E-05	-1.999397E-05	-1.448719E-05	-9.280123E-06	-6.022163E-06
0.94736	 0.000000E+00	 1.726528E-04	 2.698707E-04	-4.627908E-05	 1.195020E-04	-7.499979E-05	-2.725754E-05	-6.053073E-05	-4.521093E-05	-4.514322E-05	-3.643115E-05	-2.896109E-05	-1.991789E-05	-1.469888E-05	-9.641868E-06	-6.425487E-06
0.95000	 0.000000E+00	 1.762596E-04	 2.846282E-04	-3.409733E-05	 1.381729E-04	-6.547111E-05	-1.686223E-05	-5.429654E-05	-4.020996E-05	-4.228953E-05	-3.464730E-05	-2.809157E-05	-1.958106E-05	-1.472963E-05	-9.881280E-06	-6.755550E-06
0.95263	 0.000000E+00	 1.799767E-04	 2.998477E-04	-2.105642E-05	 1.581970E-04	-5.504802E-05	-5.273553E-06	-4.719822E-05	-3.438599E-05	-3.880304E-05	-3.233433E-05	-2.682578E-05	-1.894642E-05	-1.455058E-05	-9.974545E-06	-6.994958E-06
0.95525	 0.000000E+00	 1.839156E-04	 3.155306E-04	-7.054131E-06	 1.797144E-04	-4.367354E-05	 7.665088E-06	-3.915627E-05	-2.764221E-05	-3.461723E-05	-2.942190E-05	-2.510498E-05	-1.796322E-05	-1.412018E-05	-9.886659E-06	-7.116739E-06
0.95786	 0.000000E+00	 1.878448E-04	 3.315198E-04	 7.941979E-06	 2.027524E-04	-3.127968E-05	 2.208081E-05	-3.006941E-05	-1.987887E-05	-2.962852E-05	-2.579011E-05	-2.282576E-05	-1.654447E-05	-1.336426E-05	-9.558403E-06	-7.072865E-06
0.96047	 0.000000E+00	 1.950305E-04	 3.482190E-04	 2.497478E-05	 2.277344E-04	-1.746133E-05	 3.836851E-05	-1.962080E-05	-1.076404E-05	-2.359356E-05	-2.122980E-05	-1.980468E-05	-1.452842E-05	-1.214999E-05	-8.880908E-06	-6.778093E-06
0.96307	 0.000000E+00	 2.018067E-04	 3.644670E-04	 4.282229E-05	 2.539575E-04	-2.704435E-06	 5.623661E-05	-8.037222E-06	-4.539634E-07	-1.658803E-05	-1.577377E-05	-1.605105E-05	-1.190195E-05	-1.045034E-05	-7.816658E-06	-6.192646E-06
0.96566	 0.000000E+00	 2.081712E-04	 3.796728E-04	 6.104079E-05	 2.809025E-04	 1.246432E-05	 7.535952E-05	 4.347501E-06	 1.085244E-05	-8.793607E-06	-9.545055E-06	-1.165086E-05	-8.712536E-06	-8.286608E-06	-6.365401E-06	-5.303391E-06
0.96825	 0.000000E+00	 2.139250E-04	 3.931526E-04	 7.913411E-05	 3.079703E-04	 2.750811E-05	 9.537526E-05	 1.719399E-05	 2.293711E-05	-4.009098E-07	-2.666199E-06	-6.694410E-06	-5.013930E-06	-5.685121E-06	-4.534159E-06	-4.101556E-06
0.97082	 0.000000E+00	 2.169582E-04	 4.037406E-04	 9.596649E-05	 3.341935E-04	 4.162980E-05	 1.156849E-04	 2.996741E-05	 3.538083E-05	 8.261494E-06	 4.630568E-06	-1.367782E-06	-9.373955E-07	-2.735252E-06	-2.379887E-06	-2.614731E-06
0.97340	 0.000000E+00	 2.188433E-04	 4.108853E-04	 1.116913E-04	 3.590041E-04	 5.438386E-05	 1.359629E-04	 4.229477E-05	 4.793686E-05	 1.693522E-05	 1.217074E-05	 4.172367E-06	 3.409338E-06	 4.817484E-07	 4.177406E-08	-8.716968E-07
0.97596	 0.000000E+00	 2.188401E-04	 4.134109E-04	 1.257788E-04	 3.814924E-04	 6.518438E-05	 1.557764E-04	 5.371505E-05	 6.027489E-05	 2.531895E-05	 1.973742E-05	 9.722593E-06	 7.880299E-06	 3.846135E-06	 2.645310E-06	 1.073412E-06
0.97852	 0.000000E+00	 2.165539E-04	 4.098506E-04	 1.376733E-04	 4.004580E-04	 7.329017E-05	 1.745249E-04	 6.357701E-05	 7.193630E-05	 3.296596E-05	 2.698802E-05	 1.495111E-05	 1.222481E-05	 7.137045E-06	 5.263575E-06	 3.096756E-06
0.98107	 0.000000E+00	 2.127166E-04	 3.982008E-04	 1.468140E-04	 4.139721E-04	 7.754776E-05	 1.910450E-04	 7.080003E-05	 8.210063E-05	 3.908990E-05	 3.328554E-05	 1.926372E-05	 1.597356E-05	 9.934173E-06	 7.566814E-06	 4.934304E-06
0.98362	 0.000000E+00	 2.044018E-04	 3.743672E-04	 1.502292E-04	 4.179872E-04	 7.509745E-05	 2.023630E-04	 7.287303E-05	 8.859505E-05	 4.180750E-05	 3.700600E-05	 2.123704E-05	 1.794256E-05	 1.120400E-05	 8.718851E-06	 5.891388E-06
0.98615	 0.000000E+00	 1.888170E-04	 3.322835E-04	 1.436923E-04	 4.062644E-04	 6.132620E-05	 2.036257E-04	 6.562778E-05	 8.768998E-05	 3.783556E-05	 3.529318E-05	 1.834082E-05	 1.598429E-05	 9.043975E-06	 7.135102E-06	 4.611567E-06
0.98869	 0.000000E+00	 1.641842E-04	 2.625316E-04	 1.215776E-04	 3.690505E-04	 2.926022E-05	 1.872661E-04	 4.256412E-05	 7.339633E-05	 2.184021E-05	 2.344849E-05	 6.367206E-06	 6.481080E-06	 2.074237E-07	 6.792856E-08	-1.310104E-06
0.99121	 0.000000E+00	 1.233890E-04	 1.469110E-04	 7.184113E-05	 2.882510E-04	-3.410510E-05	 1.388464E-04	-8.562567E-06	 3.410543E-05	-1.635477E-05	-7.678401E-06	-2.282002E-05	-1.766185E-05	-2.165077E-05	-1.790927E-05	-1.666280E-05
0.99373	 0.000000E+00	 5.836097E-05	-4.844106E-05	-2.554276E-05	 1.308860E-04	-1.517337E-04	 3.135418E-05	-1.106237E-04	-5.222132E-05	-9.615728E-05	-7.572061E-05	-8.490527E-05	-7.028993E-05	-6.891114E-05	-5.750243E-05	-5.097868E-05
0.99624	 0.000000E+00	-5.039600E-05	-3.856685E-04	-2.071453E-04	-1.614583E-04	-3.634533E-04	-1.851740E-04	-3.059194E-04	-2.268512E-04	-2.538526E-04	-2.139465E-04	-2.092581E-04	-1.777201E-04	-1.649890E-04	-1.392369E-04	-1.227245E-04
0.99875	 0.000000E+00	-2.222652E-04	-9.152109E-04	-4.972734E-04	-6.375608E-04	-6.987294E-04	-5.564039E-04	-6.320085E-04	-5.295370E-04	-5.251048E-04	-4.564173E-04	-4.263189E-04	-3.683140E-04	-3.353347E-04	-2.863169E-04	-2.532828E-04
