           1 -0.42225822024220167     
           2 -0.43090131025896039     
           3 -0.43712667881796202     
           4 -0.44214317140343057     
           5 -0.44638891433525307     
           6 -0.45012777237570079     
           7 -0.45352882649851817     
           8 -0.45667379287083493     
           9 -0.45961773050223059     
          10 -0.46241884051663718     
          11 -0.46509999149100001     
          12 -0.46768917565139151     
          13 -0.47019440166016785     
          14 -0.47261212583964196     
          15 -0.47495383368581762     
          16 -0.47722259493335872     
          17 -0.47942062043581229     
          18 -0.48155767024158536     
          19 -0.48364345979817586     
          20 -0.48568399696228487     
          21 -0.48768179391368621     
          22 -0.48964383907771536     
          23 -0.49157343670236919     
          24 -0.49347058473687061     
          25 -0.49533509681927129     
          26 -0.49716821037368747     
          27 -0.49896915425285410     
          28 -0.50073843299649023     
          29 -0.50247664289253857     
          30 -0.50418537362460014     
          31 -0.50586594348976544     
          32 -0.50752122464580574     
          33 -0.50915274267241950     
          34 -0.51076328577073171     
          35 -0.51235293177960561     
          36 -0.51392288376198270     
          37 -0.51547309907543848     
          38 -0.51700432003595964     
          39 -0.51851560107436878     
          40 -0.52000728991367196     
          41 -0.52147813550614253     
          42 -0.52292794676746113     
          43 -0.52435598707683506     
          44 -0.52576199129972423     
          45 -0.52714590269074424     
          46 -0.52850778184150915     
          47 -0.52984728462000352     
          48 -0.53116518354279441     
          49 -0.53246161887540411     
          50 -0.53373888551901771     
          51 -0.53499630906636964     
          52 -0.53623612446617142     
          53 -0.53745769179687208     
          54 -0.53866301447863474     
          55 -0.53985191269533395     
          56 -0.54102554192149332     
          57 -0.54218392052961828     
          58 -0.54332719231445781     
          59 -0.54445562317562746     
          60 -0.54556911891026538     
          61 -0.54666789062855670     
          62 -0.54775202237031195     
          63 -0.54882157187681901     
          64 -0.54987673517949465     
          65 -0.55091759703148724     
          66 -0.55194453127996346     
          67 -0.55295740776205837     
          68 -0.55395665032522856     
          69 -0.55494286235293944     
          70 -0.55591614365770881     
          71 -0.55687702815497364     
          72 -0.55782620820459650     
          73 -0.55876352334742019     
          74 -0.55968990260763340     
          75 -0.56060529463621589     
          76 -0.56151020928031437     
          77 -0.56240504989035711     
          78 -0.56328984339837462     
          79 -0.56416517639935437     
          80 -0.56503116446093915     
          81 -0.56588804063421805     
          82 -0.56673605147141015     
          83 -0.56757532034982183     
          84 -0.56840590811865654     
          85 -0.56922805563565293     
          86 -0.57004186513702126     
          87 -0.57084738607664132     
          88 -0.57164479378870858     
          89 -0.57243424788694597     
          90 -0.57321593554695616     
          91 -0.57399006815433751     
          92 -0.57475687251539198     
          93 -0.57551650739290350     
          94 -0.57626908085469020     
          95 -0.57701472414146726     
          96 -0.57775360534205589     
          97 -0.57848571936342141     
          98 -0.57921122416845949     
          99 -0.57993030923970890     
         100 -0.58064293842443648     
         101 -0.58134930565947363     
         102 -0.58204954810702958     
         103 -0.58274359806398013     
         104 -0.58343168695306069     
         105 -0.58411388315592672     
         106 -0.58479009540981686     
         107 -0.58546058479391516     
         108 -0.58612534297319729     
         109 -0.58678427408061751     
         110 -0.58743766110257878     
         111 -0.58808543203961017     
         112 -0.58872749156882431     
         113 -0.58936413141044641     
         114 -0.58999524452757790     
         115 -0.59062071689274298     
         116 -0.59124082757611518     
         117 -0.59185548007904898     
         118 -0.59246453308090918     
         119 -0.59306824060255692     
         120 -0.59366656469887724     
         121 -0.59425934248144230     
         122 -0.59484678771082622     
         123 -0.59542891713516177     
         124 -0.59600557127561593     
         125 -0.59657696543470240     
         126 -0.59714315033134457     
         127 -0.59770387455006424     
         128 -0.59825943392495451     
         129 -0.59881000742655166     
         130 -0.59935502491682635     
         131 -0.59989459740785445     
         132 -0.60042892580920992     
         133 -0.60095749159431422     
         134 -0.60148027157068251     
         135 -0.60199752795094630     
         136 -0.60250908763949373     
         137 -0.60301469856118683     
         138 -0.60351445542389637     
         139 -0.60400837166859866     
         140 -0.60449629463177257     
         141 -0.60497825381872028     
         142 -0.60545428937233969     
         143 -0.60592437637066343     
         144 -0.60638847952953812     
         145 -0.60684656962787853     
         146 -0.60729858258445335     
         147 -0.60774446865426934     
         148 -0.60818421381192611     
         149 -0.60861779729893783     
         150 -0.60904520971572296     
         151 -0.60946653050158128     
         152 -0.60988184121166011     
         153 -0.61029108013781330     
         154 -0.61069419964061988     
         155 -0.61109123195624648     
         156 -0.61148234438684002     
         157 -0.61186780147966102     
         158 -0.61224713641010464     
         159 -0.61261984933039570     
         160 -0.61298577288041523     
         161 -0.61334499162335465     
         162 -0.61369747218808923     
         163 -0.61404168919220348     
         164 -0.61436981796676493     
         165 -0.61468360616375839     
         166 -0.61498654947162101     
         167 -0.61527793325432045     
         168 -0.61555343175478805     
         169 -0.61581451633854734     
         170 -0.61606263442134346     
         171 -0.61629509922948211     
         172 -0.61651045096098456     
         173 -0.61670892381236742     
         174 -0.61689154808530555     
         175 -0.61706089670495712     
         176 -0.61721269807362977     
         177 -0.61734159075788198     
         178 -0.61744866065414983     
         179 -0.61754534578027320     
         180 -0.61763248133098869     
         181 -0.61770987159456847     
         182 -0.61777436542017894     
         183 -0.61782475451795626     
         184 -0.61786408065571718     
         185 -0.61789562005666954     
         186 -0.61792782714462258     
         187 -0.61796209545527159     
         188 -0.61799575114405403     
         189 -0.61802696929737844     
         190 -0.61806217927564167     
         191 -0.61810263802100462     
         192 -0.61814654801060176     
         193 -0.61819279201213728     
         194 -0.61824062602006968     
         195 -0.61829122279553184     
         196 -0.61834543055389479     
         197 -0.61840365786290563     
         198 -0.61846200814995278     
         199 -0.61851042130362677     
         200 -0.61853596887867102     
