r	   0/   0	   1/   0	   2/   0	   3/   0	   4/   0	   5/   0	   6/   0	   7/   0	   8/   0	   9/   0	  10/   0	  11/   0	  12/   0	  13/   0	  14/   0	  15/   0
0.05000	-2.431513E-04	-1.136334E-05	-9.128466E-07	-2.268447E-07	 1.148925E-07	 8.764910E-08	-5.495072E-09	-2.369790E-08	-1.344022E-08	-1.021708E-09	 1.172237E-11	 9.142069E-10	-1.016018E-10	-1.285301E-10	 8.477829E-11	 1.163892E-11
0.08660	-2.391447E-04	-4.435733E-05	-1.181630E-06	-3.953864E-07	 3.893863E-07	 9.130692E-07	 8.414641E-08	-3.458407E-07	-7.635943E-08	-7.510891E-09	-5.311613E-09	 6.430443E-09	 1.055980E-09	-1.047028E-09	-3.017741E-10	 2.483122E-11
0.11180	-2.353690E-04	-5.269491E-05	-1.313348E-06	-3.341538E-07	 3.920552E-07	 9.209404E-07	 1.426243E-07	-3.799449E-07	-1.124747E-07	-8.576387E-09	-8.558500E-09	 3.531286E-09	 9.970076E-10	-1.310790E-09	-5.766420E-10	 3.988072E-11
0.13229	-2.315773E-04	-6.024528E-05	-1.504524E-06	-3.360274E-07	 3.626151E-07	 8.236218E-07	 1.373293E-07	-3.838916E-07	-1.101483E-07	 8.800477E-09	-6.863893E-09	-1.087366E-10	-3.909220E-11	-1.440718E-09	-5.196988E-10	 2.068597E-10
0.15000	-2.277598E-04	-6.693279E-05	-1.736393E-06	-4.078874E-07	 3.027740E-07	 6.947597E-07	 1.337230E-07	-3.550980E-07	-1.078345E-07	 2.117249E-08	-1.768027E-09	-2.814548E-09	-7.375792E-10	-1.177404E-09	-6.774250E-10	 1.980905E-10
0.16583	-2.239167E-04	-7.291571E-05	-1.987452E-06	-5.277540E-07	 2.360798E-07	 5.703801E-07	 1.333812E-07	-3.093205E-07	-1.050046E-07	 2.628200E-08	 2.426075E-09	-4.901478E-09	-1.100985E-09	-5.727185E-10	-7.660734E-10	 4.928869E-11
0.18028	-2.200698E-04	-7.829276E-05	-2.239856E-06	-6.804656E-07	 1.747364E-07	 4.671570E-07	 1.343815E-07	-2.608761E-07	-1.021688E-07	 2.549413E-08	 5.071105E-09	-6.183746E-09	-1.466125E-09	 2.177592E-11	-7.171921E-10	-1.303954E-10
0.19365	-2.162498E-04	-8.320419E-05	-2.487406E-06	-8.577169E-07	 1.217195E-07	 3.891855E-07	 1.349889E-07	-2.182317E-07	-9.935398E-08	 2.097898E-08	 6.053939E-09	-6.701119E-09	-1.835405E-09	 4.200467E-10	-5.942900E-10	-2.770454E-10
0.20616	-2.124920E-04	-8.768743E-05	-2.728678E-06	-1.057228E-06	 7.431095E-08	 3.338136E-07	 1.352172E-07	-1.845011E-07	-9.710211E-08	 1.458828E-08	 5.681500E-09	-6.705653E-09	-2.163158E-09	 5.853339E-10	-4.654173E-10	-3.705897E-10
0.21794	-2.088238E-04	-9.185418E-05	-2.970438E-06	-1.279652E-06	 2.828826E-08	 2.959239E-07	 1.350835E-07	-1.600352E-07	-9.538234E-08	 7.891000E-09	 4.385955E-09	-6.463636E-09	-2.418056E-09	 5.570162E-10	-3.679561E-10	-4.088320E-10
0.22913	-2.052636E-04	-9.575547E-05	-3.218488E-06	-1.526951E-06	-2.068772E-08	 2.699587E-07	 1.347308E-07	-1.436350E-07	-9.393527E-08	 1.978053E-09	 2.648056E-09	-6.153968E-09	-2.593407E-09	 4.068055E-10	-3.132876E-10	-4.006058E-10
0.23979	-2.018169E-04	-9.943234E-05	-3.477318E-06	-1.799972E-06	-7.540145E-08	 2.511449E-07	 1.343764E-07	-1.334134E-07	-9.257023E-08	-2.661973E-09	 8.529433E-10	-5.872277E-09	-2.705141E-09	 2.024621E-10	-2.983604E-10	-3.615208E-10
0.25000	-1.984784E-04	-1.028758E-04	-3.746264E-06	-2.098115E-06	-1.371267E-07	 2.360345E-07	 1.341237E-07	-1.275953E-07	-9.103509E-08	-5.839194E-09	-7.558025E-10	-5.657060E-09	-2.764283E-09	-1.475016E-12	-3.108227E-10	-3.035970E-10
0.25981	-1.952283E-04	-1.061374E-04	-4.023935E-06	-2.417738E-06	-2.054269E-07	 2.224293E-07	 1.342215E-07	-1.245108E-07	-8.942306E-08	-7.806506E-09	-2.059536E-09	-5.518478E-09	-2.801396E-09	-1.767185E-10	-3.392154E-10	-2.406830E-10
0.26926	-1.920489E-04	-1.092265E-04	-4.305931E-06	-2.755289E-06	-2.792252E-07	 2.089738E-07	 1.348964E-07	-1.227595E-07	-8.801927E-08	-8.994319E-09	-3.007645E-09	-5.445804E-09	-2.855052E-09	-3.173986E-10	-3.718759E-10	-1.824418E-10
0.27839	-1.889247E-04	-1.121581E-04	-4.587838E-06	-3.107206E-06	-3.572613E-07	 1.950386E-07	 1.361130E-07	-1.215094E-07	-8.689698E-08	-9.709840E-09	-3.646588E-09	-5.428590E-09	-2.934171E-09	-4.251178E-10	-4.028801E-10	-1.320492E-10
0.28723	-1.858439E-04	-1.149557E-04	-4.866551E-06	-3.470722E-06	-4.386420E-07	 1.802445E-07	 1.377777E-07	-1.202196E-07	-8.614768E-08	-1.023148E-08	-4.032804E-09	-5.453581E-09	-3.048423E-09	-5.085733E-10	-4.286655E-10	-9.098461E-11
0.29580	-1.828038E-04	-1.176175E-04	-5.139832E-06	-3.845428E-06	-5.232591E-07	 1.641533E-07	 1.396793E-07	-1.185731E-07	-8.582900E-08	-1.077318E-08	-4.220187E-09	-5.502571E-09	-3.205866E-09	-5.802700E-10	-4.465789E-10	-5.822172E-11
0.30414	-1.798056E-04	-1.201518E-04	-5.407228E-06	-4.231990E-06	-6.115500E-07	 1.463451E-07	 1.415143E-07	-1.165297E-07	-8.583515E-08	-1.139118E-08	-4.279307E-09	-5.565342E-09	-3.395516E-09	-6.471059E-10	-4.577935E-10	-3.085016E-11
0.31225	-1.768508E-04	-1.225719E-04	-5.669427E-06	-4.631190E-06	-7.041626E-07	 1.264724E-07	 1.430178E-07	-1.142008E-07	-8.598515E-08	-1.203448E-08	-4.274044E-09	-5.640570E-09	-3.597026E-09	-7.089877E-10	-4.654960E-10	-6.236419E-12
0.32016	-1.739417E-04	-1.248815E-04	-5.927379E-06	-5.043763E-06	-8.016444E-07	 1.042544E-07	 1.440290E-07	-1.116677E-07	-8.616677E-08	-1.267186E-08	-4.239926E-09	-5.723815E-09	-3.800619E-09	-7.671328E-10	-4.711489E-10	 1.741551E-11
0.32787	-1.710792E-04	-1.270941E-04	-6.182525E-06	-5.470309E-06	-9.044092E-07	 7.945336E-08	 1.444575E-07	-1.089959E-07	-8.631901E-08	-1.328064E-08	-4.192264E-09	-5.811355E-09	-4.004043E-09	-8.233041E-10	-4.748341E-10	 4.141207E-11
0.33541	-1.682641E-04	-1.292138E-04	-6.436178E-06	-5.911362E-06	-1.012625E-06	 5.198572E-08	 1.442643E-07	-1.062579E-07	-8.636170E-08	-1.381104E-08	-4.145269E-09	-5.904183E-09	-4.199940E-09	-8.752769E-10	-4.777056E-10	 6.667571E-11
0.34278	-1.654953E-04	-1.312485E-04	-6.690441E-06	-6.366991E-06	-1.126170E-06	 2.196671E-08	 1.435796E-07	-1.034316E-07	-8.627194E-08	-1.424097E-08	-4.090031E-09	-5.997793E-09	-4.387591E-09	-9.216097E-10	-4.793438E-10	 9.379047E-11
0.35000	-1.627296E-04	-1.335376E-04	-6.957648E-06	-6.829942E-06	-1.244558E-06	-1.040068E-08	 1.428334E-07	-1.007154E-07	-8.598336E-08	-1.443504E-08	-4.044404E-09	-6.126226E-09	-4.559511E-09	-9.554982E-10	-4.833302E-10	 1.196760E-10
0.35707	-1.600008E-04	-1.357627E-04	-7.228019E-06	-7.306920E-06	-1.367866E-06	-4.520891E-08	 1.418193E-07	-9.768081E-08	-8.559366E-08	-1.458413E-08	-3.948809E-09	-6.234789E-09	-4.739774E-09	-9.900208E-10	-4.801153E-10	 1.488667E-10
0.36401	-1.573005E-04	-1.379245E-04	-7.495821E-06	-7.797030E-06	-1.495807E-06	-8.241258E-08	 1.404956E-07	-9.434968E-08	-8.504821E-08	-1.468824E-08	-3.834933E-09	-6.332233E-09	-4.921559E-09	-1.026322E-09	-4.746923E-10	 1.805769E-10
0.37081	-1.546212E-04	-1.400272E-04	-7.756521E-06	-8.299950E-06	-1.628624E-06	-1.222413E-07	 1.388350E-07	-9.071785E-08	-8.436623E-08	-1.476641E-08	-3.701030E-09	-6.418492E-09	-5.110225E-09	-1.067182E-09	-4.669415E-10	 2.150214E-10
0.37749	-1.519436E-04	-1.421925E-04	-8.012232E-06	-8.813137E-06	-1.766580E-06	-1.649645E-07	 1.368814E-07	-8.688747E-08	-8.353555E-08	-1.477598E-08	-3.557216E-09	-6.508597E-09	-5.303586E-09	-1.111424E-09	-4.592773E-10	 2.511964E-10
0.38406	-1.492812E-04	-1.443091E-04	-8.259376E-06	-9.339324E-06	-1.909997E-06	-2.108484E-07	 1.343894E-07	-8.275914E-08	-8.256898E-08	-1.479059E-08	-3.399185E-09	-6.584725E-09	-5.507691E-09	-1.165759E-09	-4.502048E-10	 2.912955E-10
0.39051	-1.466338E-04	-1.463788E-04	-8.497296E-06	-9.878509E-06	-2.059064E-06	-2.601324E-07	 1.311806E-07	-7.840640E-08	-8.144639E-08	-1.480327E-08	-3.241583E-09	-6.653702E-09	-5.719819E-09	-1.230472E-09	-4.423473E-10	 3.350673E-10
0.39686	-1.440038E-04	-1.484066E-04	-8.728036E-06	-1.043193E-05	-2.214424E-06	-3.132342E-07	 1.270587E-07	-7.389570E-08	-8.018450E-08	-1.481305E-08	-3.079810E-09	-6.716919E-09	-5.942985E-09	-1.305695E-09	-4.352565E-10	 3.830193E-10
0.40311	-1.413594E-04	-1.506491E-04	-8.963154E-06	-1.099535E-05	-2.376811E-06	-3.707454E-07	 1.220727E-07	-6.952003E-08	-7.877814E-08	-1.467304E-08	-2.910629E-09	-6.812293E-09	-6.170135E-09	-1.379801E-09	-4.316294E-10	 4.316920E-10
0.40927	-1.387350E-04	-1.528657E-04	-9.196643E-06	-1.157698E-05	-2.547518E-06	-4.333992E-07	 1.155679E-07	-6.513014E-08	-7.725085E-08	-1.452810E-08	-2.726861E-09	-6.900568E-09	-6.411371E-09	-1.464498E-09	-4.271990E-10	 4.857186E-10
0.41533	-1.361253E-04	-1.550583E-04	-9.423521E-06	-1.217769E-05	-2.727405E-06	-5.018908E-07	 1.071787E-07	-6.090969E-08	-7.558244E-08	-1.434466E-08	-2.550295E-09	-6.996956E-09	-6.658932E-09	-1.556553E-09	-4.265799E-10	 5.438184E-10
0.42131	-1.335246E-04	-1.572304E-04	-9.639946E-06	-1.279909E-05	-2.917700E-06	-5.771530E-07	 9.652637E-08	-5.700656E-08	-7.381174E-08	-1.412007E-08	-2.379104E-09	-7.106350E-09	-6.917079E-09	-1.656309E-09	-4.296747E-10	 6.060119E-10
0.42720	-1.309089E-04	-1.595190E-04	-9.848424E-06	-1.343982E-05	-3.119513E-06	-6.601725E-07	 8.338996E-08	-5.366870E-08	-7.197495E-08	-1.378013E-08	-2.209235E-09	-7.251327E-09	-7.184817E-09	-1.758447E-09	-4.382848E-10	 6.702227E-10
0.43301	-1.282927E-04	-1.617958E-04	-1.004253E-05	-1.410462E-05	-3.333736E-06	-7.516971E-07	 6.722091E-08	-5.087523E-08	-7.009091E-08	-1.341731E-08	-2.047479E-09	-7.409781E-09	-7.467849E-09	-1.872926E-09	-4.518185E-10	 7.395405E-10
0.43875	-1.256684E-04	-1.640612E-04	-1.021678E-05	-1.479389E-05	-3.560842E-06	-8.524623E-07	 4.763303E-08	-4.878803E-08	-6.817628E-08	-1.302291E-08	-1.902610E-09	-7.589080E-09	-7.765272E-09	-2.000287E-09	-4.733650E-10	 8.131442E-10
0.44441	-1.230302E-04	-1.663168E-04	-1.036779E-05	-1.550824E-05	-3.801243E-06	-9.631599E-07	 2.428451E-08	-4.752852E-08	-6.626813E-08	-1.260314E-08	-1.770947E-09	-7.789380E-09	-8.081694E-09	-2.143128E-09	-5.037432E-10	 8.912434E-10
0.45000	-1.203509E-04	-1.687105E-04	-1.049895E-05	-1.624475E-05	-4.055242E-06	-1.084604E-06	-2.995927E-09	-4.735151E-08	-6.442015E-08	-1.207032E-08	-1.632268E-09	-8.033359E-09	-8.418632E-09	-2.295063E-09	-5.442091E-10	 9.707708E-10
0.45552	-1.176479E-04	-1.710996E-04	-1.060345E-05	-1.700763E-05	-4.323075E-06	-1.217374E-06	-3.480409E-08	-4.823644E-08	-6.264503E-08	-1.153372E-08	-1.497211E-09	-8.291714E-09	-8.781207E-09	-2.469881E-09	-5.957300E-10	 1.055212E-09
0.46098	-1.149138E-04	-1.734830E-04	-1.067553E-05	-1.779574E-05	-4.604425E-06	-1.361969E-06	-7.149997E-08	-5.037198E-08	-6.096937E-08	-1.097774E-08	-1.367373E-09	-8.569911E-09	-9.168278E-09	-2.668481E-09	-6.622532E-10	 1.143215E-09
0.46637	-1.121436E-04	-1.758609E-04	-1.071191E-05	-1.860850E-05	-4.899092E-06	-1.518918E-06	-1.134423E-07	-5.393165E-08	-5.944616E-08	-1.040468E-08	-1.234921E-09	-8.866537E-09	-9.583756E-09	-2.893975E-09	-7.456020E-10	 1.234426E-09
0.47170	-1.093168E-04	-1.783443E-04	-1.071540E-05	-1.944294E-05	-5.206875E-06	-1.688838E-06	-1.608507E-07	-5.919202E-08	-5.815418E-08	-9.748117E-09	-1.075264E-09	-9.196470E-09	-1.002998E-08	-3.142249E-09	-8.474448E-10	 1.325923E-09
0.47697	-1.064477E-04	-1.808253E-04	-1.068063E-05	-2.030232E-05	-5.527923E-06	-1.872404E-06	-2.144054E-07	-6.627554E-08	-5.713988E-08	-9.095358E-09	-8.989230E-10	-9.538093E-09	-1.051005E-08	-3.424381E-09	-9.704665E-10	 1.419414E-09
0.48218	-1.035304E-04	-1.833031E-04	-1.060261E-05	-2.118617E-05	-5.862204E-06	-2.070453E-06	-2.746996E-07	-7.551335E-08	-5.649409E-08	-8.447598E-09	-7.065043E-10	-9.895891E-09	-1.102417E-08	-3.742021E-09	-1.119133E-09	 1.512717E-09
0.48734	-1.005618E-04	-1.857784E-04	-1.047868E-05	-2.209441E-05	-6.209713E-06	-2.283778E-06	-3.423090E-07	-8.723846E-08	-5.633318E-08	-7.821552E-09	-4.948478E-10	-1.027021E-08	-1.157550E-08	-4.098190E-09	-1.296798E-09	 1.604208E-09
0.49244	-9.752790E-05	-1.883308E-04	-1.031158E-05	-2.302507E-05	-6.570242E-06	-2.513079E-06	-4.176398E-07	-1.018475E-07	-5.680505E-08	-7.192034E-09	-2.465879E-10	-1.067044E-08	-1.216630E-08	-4.491563E-09	-1.506292E-09	 1.690883E-09
0.49749	-9.444198E-05	-1.908830E-04	-1.009850E-05	-2.398009E-05	-6.943509E-06	-2.758791E-06	-5.013118E-07	-1.195932E-07	-5.801292E-08	-6.640079E-09	 2.421471E-11	-1.108064E-08	-1.279651E-08	-4.930867E-09	-1.751990E-09	 1.772816E-09
0.50249	-9.130182E-05	-1.934343E-04	-9.836784E-06	-2.495870E-05	-7.329071E-06	-3.021495E-06	-5.938810E-07	-1.408895E-07	-6.011089E-08	-6.186163E-09	 3.171999E-10	-1.150312E-08	-1.346507E-08	-5.416442E-09	-2.038586E-09	 1.846673E-09
0.50744	-8.810693E-05	-1.959852E-04	-9.525635E-06	-2.596052E-05	-7.726453E-06	-3.301651E-06	-6.958249E-07	-1.661096E-07	-6.326629E-08	-5.868260E-09	 6.357068E-10	-1.193476E-08	-1.417399E-08	-5.950644E-09	-2.369414E-09	 1.909909E-09
0.51235	-8.484317E-05	-1.986184E-04	-9.168838E-06	-2.698367E-05	-8.135269E-06	-3.599894E-06	-8.075367E-07	-1.957356E-07	-6.769995E-08	-5.679993E-09	 1.001341E-09	-1.238362E-08	-1.492472E-08	-6.529237E-09	-2.746570E-09	 1.957754E-09
0.51720	-8.152593E-05	-2.012528E-04	-8.763862E-06	-2.802972E-05	-8.554773E-06	-3.916297E-06	-9.294944E-07	-2.300162E-07	-7.354446E-08	-5.732731E-09	 1.390333E-09	-1.282765E-08	-1.571291E-08	-7.162088E-09	-3.175776E-09	 1.989871E-09
0.52202	-7.815319E-05	-2.038867E-04	-8.308030E-06	-2.909702E-05	-8.983933E-06	-4.251022E-06	-1.062053E-06	-2.693564E-07	-8.099342E-08	-6.068781E-09	 1.801688E-09	-1.326428E-08	-1.653388E-08	-7.847835E-09	-3.661541E-09	 2.001979E-09
0.52678	-7.472397E-05	-2.065193E-04	-7.799899E-06	-3.018387E-05	-9.421537E-06	-4.603986E-06	-1.205413E-06	-3.140754E-07	-9.023115E-08	-6.742336E-09	 2.236919E-09	-1.368526E-08	-1.738469E-08	-8.586743E-09	-4.207149E-09	 1.990654E-09
0.53151	-7.123291E-05	-2.091753E-04	-7.239670E-06	-3.128900E-05	-9.866735E-06	-4.975444E-06	-1.359880E-06	-3.645845E-07	-1.014879E-07	-7.807341E-09	 2.701194E-09	-1.408541E-08	-1.826170E-08	-9.376042E-09	-4.815094E-09	 1.951194E-09
0.53619	-6.768422E-05	-2.118286E-04	-6.625647E-06	-3.241180E-05	-1.031831E-05	-5.365219E-06	-1.525659E-06	-4.211567E-07	-1.149385E-07	-9.353922E-09	 3.179603E-09	-1.444957E-08	-1.915675E-08	-1.021752E-08	-5.489979E-09	 1.880344E-09
0.54083	-6.407656E-05	-2.144777E-04	-5.956014E-06	-3.355099E-05	-1.077505E-05	-5.773287E-06	-1.702978E-06	-4.841509E-07	-1.308030E-07	-1.146491E-08	 3.663017E-09	-1.476750E-08	-2.006180E-08	-1.110917E-08	-6.235217E-09	 1.773430E-09
0.54544	-6.040952E-05	-2.171219E-04	-5.229983E-06	-3.470522E-05	-1.123559E-05	-6.199360E-06	-1.891910E-06	-5.538509E-07	-1.492820E-07	-1.422725E-08	 4.138727E-09	-1.502803E-08	-2.096764E-08	-1.204828E-08	-7.054059E-09	 1.625878E-09
0.55000	-5.667602E-05	-2.197963E-04	-4.448654E-06	-3.587283E-05	-1.169873E-05	-6.643380E-06	-2.092551E-06	-6.306157E-07	-1.706285E-07	-1.772379E-08	 4.603063E-09	-1.522388E-08	-2.186678E-08	-1.302914E-08	-7.947254E-09	 1.432355E-09
0.55453	-5.288272E-05	-2.224645E-04	-3.609856E-06	-3.705374E-05	-1.216327E-05	-7.105122E-06	-2.305083E-06	-7.147254E-07	-1.950461E-07	-2.208980E-08	 5.016956E-09	-1.534037E-08	-2.274517E-08	-1.405046E-08	-8.919156E-09	 1.188779E-09
0.55902	-4.902807E-05	-2.251244E-04	-2.711290E-06	-3.824621E-05	-1.262773E-05	-7.584315E-06	-2.529575E-06	-8.065019E-07	-2.227748E-07	-2.743992E-08	 5.354285E-09	-1.537030E-08	-2.359129E-08	-1.510620E-08	-9.971320E-09	 8.897662E-10
0.56347	-4.511045E-05	-2.277754E-04	-1.750874E-06	-3.944877E-05	-1.309080E-05	-8.080849E-06	-2.766169E-06	-9.063238E-07	-2.540881E-07	-3.390738E-08	 5.579977E-09	-1.530863E-08	-2.439233E-08	-1.618886E-08	-1.110487E-08	 5.297847E-10
0.56789	-4.113311E-05	-2.303991E-04	-7.268144E-07	-4.065991E-05	-1.355083E-05	-8.594084E-06	-3.014749E-06	-1.014397E-06	-2.891877E-07	-4.162773E-08	 5.647870E-09	-1.514956E-08	-2.513336E-08	-1.729125E-08	-1.232125E-08	 1.040746E-10
0.57228	-3.709225E-05	-2.330111E-04	 3.614621E-07	-4.187818E-05	-1.400655E-05	-9.123862E-06	-3.275366E-06	-1.131085E-06	-3.283680E-07	-5.074679E-08	 5.517718E-09	-1.489432E-08	-2.580408E-08	-1.840269E-08	-1.361828E-08	-3.929724E-10
0.57663	-3.298802E-05	-2.356101E-04	 1.514742E-06	-4.310312E-05	-1.445687E-05	-9.670159E-06	-3.548179E-06	-1.256779E-06	-3.719351E-07	-6.144363E-08	 5.127273E-09	-1.454626E-08	-2.639188E-08	-1.951365E-08	-1.499485E-08	-9.664928E-10
0.58095	-2.882061E-05	-2.381956E-04	 2.733715E-06	-4.433335E-05	-1.490034E-05	-1.023252E-05	-3.833103E-06	-1.391761E-06	-4.201543E-07	-7.388936E-08	 4.408939E-09	-1.411265E-08	-2.688314E-08	-2.061304E-08	-1.644909E-08	-1.621086E-09
0.58523	-2.459802E-05	-2.407304E-04	 4.020913E-06	-4.556824E-05	-1.533552E-05	-1.081043E-05	-4.130099E-06	-1.536280E-06	-4.732698E-07	-8.828645E-08	 3.271956E-09	-1.360239E-08	-2.726394E-08	-2.169137E-08	-1.797958E-08	-2.360535E-09
0.58949	-2.031302E-05	-2.432494E-04	 5.375658E-06	-4.680628E-05	-1.576123E-05	-1.140381E-05	-4.439171E-06	-1.690765E-06	-5.316509E-07	-1.048273E-07	 1.645241E-09	-1.303813E-08	-2.752824E-08	-2.273219E-08	-1.957875E-08	-3.189588E-09
0.59372	-1.596803E-05	-2.457518E-04	 6.796861E-06	-4.804737E-05	-1.617643E-05	-1.201236E-05	-4.760246E-06	-1.855500E-06	-5.955891E-07	-1.237310E-07	-5.723004E-10	-1.244222E-08	-2.766703E-08	-2.372357E-08	-2.124145E-08	-4.110908E-09
0.59791	-1.156459E-05	-2.482377E-04	 8.284079E-06	-4.929091E-05	-1.657987E-05	-1.263568E-05	-5.093177E-06	-2.030746E-06	-6.653723E-07	-1.452157E-07	-3.484822E-09	-1.184367E-08	-2.767370E-08	-2.465129E-08	-2.296034E-08	-5.127016E-09
0.60208	-7.108207E-06	-2.506838E-04	 9.839070E-06	-5.053689E-05	-1.697046E-05	-1.327361E-05	-5.438050E-06	-2.216880E-06	-7.413368E-07	-1.695475E-07	-7.225852E-09	-1.127771E-08	-2.754120E-08	-2.550244E-08	-2.472893E-08	-6.239898E-09
0.60622	-2.595226E-06	-2.531116E-04	 1.146085E-05	-5.178389E-05	-1.734684E-05	-1.392566E-05	-5.794562E-06	-2.414138E-06	-8.237836E-07	-1.969472E-07	-1.190681E-08	-1.078757E-08	-2.726953E-08	-2.626100E-08	-2.653603E-08	-7.450412E-09
0.61033	 1.972605E-06	-2.555202E-04	 1.314891E-05	-5.303182E-05	-1.770798E-05	-1.459165E-05	-6.162627E-06	-2.622833E-06	-9.130475E-07	-2.276831E-07	-1.766640E-08	-1.042202E-08	-2.685970E-08	-2.691253E-08	-2.837017E-08	-8.758346E-09
0.61441	 6.594896E-06	-2.579090E-04	 1.490383E-05	-5.427928E-05	-1.805245E-05	-1.527105E-05	-6.541964E-06	-2.843184E-06	-1.009417E-06	-2.620074E-07	-2.464709E-08	-1.023629E-08	-2.631382E-08	-2.744191E-08	-3.021945E-08	-1.016247E-08
0.61847	 1.125440E-05	-2.602009E-04	 1.673064E-05	-5.552617E-05	-1.837875E-05	-1.596322E-05	-6.932484E-06	-3.075397E-06	-1.113134E-06	-3.002260E-07	-3.304224E-08	-1.029150E-08	-2.563155E-08	-2.783994E-08	-3.207684E-08	-1.166073E-08
0.62249	 1.596714E-05	-2.624696E-04	 1.862619E-05	-5.676999E-05	-1.868547E-05	-1.666784E-05	-7.333749E-06	-3.319792E-06	-1.224604E-06	-3.425898E-07	-4.297754E-08	-1.066491E-08	-2.483210E-08	-2.808591E-08	-3.391992E-08	-1.324987E-08
0.62650	 2.072767E-05	-2.647151E-04	 2.058636E-05	-5.801157E-05	-1.897174E-05	-1.738427E-05	-7.745240E-06	-3.576366E-06	-1.344018E-06	-3.893564E-07	-5.462131E-08	-1.143078E-08	-2.392997E-08	-2.817009E-08	-3.573373E-08	-1.492375E-08
0.63048	 2.553239E-05	-2.669380E-04	 2.260862E-05	-5.925137E-05	-1.923662E-05	-1.811207E-05	-8.166601E-06	-3.845272E-06	-1.471645E-06	-4.408185E-07	-6.815902E-08	-1.267573E-08	-2.294339E-08	-2.808035E-08	-3.750100E-08	-1.667576E-08
0.63443	 3.037374E-05	-2.691167E-04	 2.469265E-05	-6.048910E-05	-1.947879E-05	-1.885043E-05	-8.597324E-06	-4.126531E-06	-1.607668E-06	-4.972507E-07	-8.378681E-08	-1.449305E-08	-2.189249E-08	-2.780786E-08	-3.920672E-08	-1.849832E-08
0.63836	 3.525438E-05	-2.712713E-04	 2.683633E-05	-6.172381E-05	-1.969703E-05	-1.959876E-05	-9.036829E-06	-4.420194E-06	-1.752323E-06	-5.589194E-07	-1.016827E-07	-1.698532E-08	-2.081024E-08	-2.734358E-08	-4.082968E-08	-2.038179E-08
0.64226	 4.017207E-05	-2.734011E-04	 2.903850E-05	-6.295547E-05	-1.989038E-05	-2.035673E-05	-9.484730E-06	-4.726380E-06	-1.905858E-06	-6.261277E-07	-1.220560E-07	-2.026521E-08	-1.973163E-08	-2.668263E-08	-4.235124E-08	-2.231545E-08
0.64614	 4.512692E-05	-2.755043E-04	 3.129999E-05	-6.418189E-05	-2.005718E-05	-2.112350E-05	-9.940391E-06	-5.045076E-06	-2.068453E-06	-6.991369E-07	-1.451042E-07	-2.445206E-08	-1.869840E-08	-2.582040E-08	-4.375183E-08	-2.428790E-08
0.65000	 5.008924E-05	-2.774537E-04	 3.362935E-05	-6.540281E-05	-2.019568E-05	-2.189818E-05	-1.040364E-05	-5.376371E-06	-2.240239E-06	-7.783097E-07	-1.711291E-07	-2.968182E-08	-1.774218E-08	-2.476400E-08	-4.502657E-08	-2.628905E-08
0.65383	 5.508778E-05	-2.793716E-04	 3.602046E-05	-6.661472E-05	-2.030438E-05	-2.268022E-05	-1.087349E-05	-5.720312E-06	-2.421547E-06	-8.638816E-07	-2.002756E-07	-3.609864E-08	-1.693755E-08	-2.350779E-08	-4.613974E-08	-2.830260E-08
0.65765	 6.011435E-05	-2.812599E-04	 3.846607E-05	-6.782027E-05	-2.038320E-05	-2.346911E-05	-1.134921E-05	-6.076647E-06	-2.612399E-06	-9.560971E-07	-2.327643E-07	-4.384323E-08	-1.634435E-08	-2.206420E-08	-4.707508E-08	-3.031209E-08
0.66144	 6.516260E-05	-2.831197E-04	 4.096096E-05	-6.902133E-05	-2.043171E-05	-2.426429E-05	-1.183012E-05	-6.445204E-06	-2.812856E-06	-1.055214E-06	-2.688272E-07	-5.307110E-08	-1.603022E-08	-2.044585E-08	-4.781613E-08	-3.230083E-08
0.66521	 7.022682E-05	-2.849440E-04	 4.350269E-05	-7.021830E-05	-2.044908E-05	-2.506513E-05	-1.231552E-05	-6.825832E-06	-3.022978E-06	-1.161488E-06	-3.087022E-07	-6.394899E-08	-1.607207E-08	-1.867180E-08	-4.834888E-08	-3.425212E-08
0.66895	 7.530608E-05	-2.867394E-04	 4.608929E-05	-7.141134E-05	-2.043457E-05	-2.587135E-05	-1.280489E-05	-7.218516E-06	-3.242915E-06	-1.275209E-06	-3.526364E-07	-7.665856E-08	-1.656099E-08	-1.676753E-08	-4.865933E-08	-3.614851E-08
0.67268	 8.039832E-05	-2.885055E-04	 4.871959E-05	-7.260058E-05	-2.038749E-05	-2.668286E-05	-1.329776E-05	-7.623283E-06	-3.472823E-06	-1.396678E-06	-4.008909E-07	-9.139375E-08	-1.759701E-08	-1.476561E-08	-4.873688E-08	-3.797248E-08
0.67639	 8.550389E-05	-2.902397E-04	 5.139458E-05	-7.378365E-05	-2.030645E-05	-2.749902E-05	-1.379348E-05	-8.040068E-06	-3.712811E-06	-1.526160E-06	-4.537129E-07	-1.083524E-07	-1.928811E-08	-1.270062E-08	-4.857167E-08	-3.970614E-08
0.68007	 9.058443E-05	-2.917905E-04	 5.412346E-05	-7.495948E-05	-2.018960E-05	-2.831846E-05	-1.429161E-05	-8.468706E-06	-3.962776E-06	-1.663947E-06	-5.114477E-07	-1.277512E-07	-2.172285E-08	-1.061964E-08	-4.817700E-08	-4.133922E-08
0.68374	 9.567606E-05	-2.933036E-04	 5.689784E-05	-7.612461E-05	-2.003588E-05	-2.914081E-05	-1.479087E-05	-8.909004E-06	-4.222915E-06	-1.810224E-06	-5.742360E-07	-1.497959E-07	-2.505159E-08	-8.567708E-09	-4.752557E-08	-4.284705E-08
0.68739	 1.007690E-04	-2.947825E-04	 5.970861E-05	-7.728366E-05	-1.984622E-05	-2.996619E-05	-1.529065E-05	-9.360645E-06	-4.493114E-06	-1.965187E-06	-6.423175E-07	-1.746958E-07	-2.940037E-08	-6.608181E-09	-4.662168E-08	-4.421265E-08
0.69101	 1.058551E-04	-2.962291E-04	 6.254892E-05	-7.844009E-05	-1.962098E-05	-3.079450E-05	-1.579028E-05	-9.823357E-06	-4.773280E-06	-2.129034E-06	-7.159367E-07	-2.026731E-07	-3.490582E-08	-4.806556E-09	-4.547208E-08	-4.542080E-08
0.69462	 1.109319E-04	-2.976533E-04	 6.541399E-05	-7.959514E-05	-1.935992E-05	-3.162545E-05	-1.628903E-05	-1.029690E-05	-5.063362E-06	-2.301968E-06	-7.953336E-07	-2.339580E-07	-4.171585E-08	-3.235336E-09	-4.408523E-08	-4.645706E-08
0.69821	 1.159919E-04	-2.990459E-04	 6.830024E-05	-8.074976E-05	-1.906281E-05	-3.245864E-05	-1.678613E-05	-1.078096E-05	-5.363215E-06	-2.484146E-06	-8.807352E-07	-2.687782E-07	-4.998027E-08	-1.975683E-09	-4.247729E-08	-4.730981E-08
0.70178	 1.210311E-04	-3.004072E-04	 7.120412E-05	-8.190438E-05	-1.872935E-05	-3.329370E-05	-1.728079E-05	-1.127521E-05	-5.672695E-06	-2.675713E-06	-9.723551E-07	-3.073653E-07	-5.985931E-08	-1.116446E-09	-4.066715E-08	-4.796869E-08
0.70534	 1.260451E-04	-3.017367E-04	 7.412205E-05	-8.305969E-05	-1.835941E-05	-3.413040E-05	-1.777231E-05	-1.177938E-05	-5.991683E-06	-2.876826E-06	-1.070416E-06	-3.499617E-07	-7.152274E-08	-7.555176E-10	-3.867908E-08	-4.842584E-08
0.70887	 1.310311E-04	-3.030411E-04	 7.704957E-05	-8.421647E-05	-1.795299E-05	-3.496853E-05	-1.825987E-05	-1.229309E-05	-6.319974E-06	-3.087581E-06	-1.175104E-06	-3.967996E-07	-8.514487E-08	-9.990946E-10	-3.654336E-08	-4.867628E-08
0.71239	 1.359827E-04	-3.043139E-04	 7.998311E-05	-8.537568E-05	-1.751011E-05	-3.580796E-05	-1.874279E-05	-1.281605E-05	-6.657377E-06	-3.308091E-06	-1.286622E-06	-4.481211E-07	-1.009062E-07	-1.961634E-09	-3.429793E-08	-4.871929E-08
0.71589	 1.408961E-04	-3.055558E-04	 8.291922E-05	-8.653807E-05	-1.703072E-05	-3.664864E-05	-1.922045E-05	-1.334801E-05	-7.003755E-06	-3.538497E-06	-1.405182E-06	-5.041831E-07	-1.190001E-07	-3.767482E-09	-3.198530E-08	-4.855673E-08
0.71937	 1.457661E-04	-3.067663E-04	 8.585341E-05	-8.770468E-05	-1.651503E-05	-3.749041E-05	-1.969204E-05	-1.388856E-05	-7.358806E-06	-3.778826E-06	-1.530936E-06	-5.652161E-07	-1.396140E-07	-6.547856E-09	-2.965660E-08	-4.819606E-08
0.72284	 1.505915E-04	-3.079595E-04	 8.878048E-05	-8.887676E-05	-1.596337E-05	-3.833340E-05	-2.015691E-05	-1.443739E-05	-7.722316E-06	-4.029145E-06	-1.664044E-06	-6.314621E-07	-1.629508E-07	-1.044320E-08	-2.736637E-08	-4.764715E-08
0.72629	 1.553633E-04	-3.091222E-04	 9.169655E-05	-9.005606E-05	-1.537603E-05	-3.917768E-05	-2.061451E-05	-1.499431E-05	-8.094094E-06	-4.289564E-06	-1.804713E-06	-7.031843E-07	-1.892162E-07	-1.560286E-08	-2.518069E-08	-4.692690E-08
0.72973	 1.600746E-04	-3.102564E-04	 9.459541E-05	-9.124466E-05	-1.475355E-05	-4.002303E-05	-2.106404E-05	-1.555884E-05	-8.473750E-06	-4.560043E-06	-1.953060E-06	-7.806116E-07	-2.186076E-07	-2.218224E-08	-2.317061E-08	-4.605789E-08
0.73314	 1.647118E-04	-3.113676E-04	 9.746499E-05	-9.245107E-05	-1.409867E-05	-4.087062E-05	-2.150507E-05	-1.613055E-05	-8.860841E-06	-4.840524E-06	-2.109197E-06	-8.639745E-07	-2.513126E-07	-3.035495E-08	-2.141659E-08	-4.506845E-08
0.73655	 1.693535E-04	-3.127840E-04	 1.002746E-04	-9.368311E-05	-1.341608E-05	-4.172427E-05	-2.193681E-05	-1.670909E-05	-9.255296E-06	-5.130875E-06	-2.272931E-06	-9.534102E-07	-2.876088E-07	-4.030274E-08	-1.995975E-08	-4.396023E-08
0.73993	 1.738981E-04	-3.141913E-04	 1.030296E-04	-9.494874E-05	-1.270743E-05	-4.258324E-05	-2.235960E-05	-1.729399E-05	-9.656098E-06	-5.430919E-06	-2.444499E-06	-1.049116E-06	-3.275949E-07	-5.216209E-08	-1.895276E-08	-4.280866E-08
0.74330	 1.783546E-04	-3.155819E-04	 1.057395E-04	-9.623811E-05	-1.196890E-05	-4.344585E-05	-2.277237E-05	-1.788520E-05	-1.006328E-05	-5.740840E-06	-2.624102E-06	-1.151390E-06	-3.715357E-07	-6.611633E-08	-1.848738E-08	-4.165568E-08
0.74666	 1.827258E-04	-3.169497E-04	 1.084073E-04	-9.754617E-05	-1.119904E-05	-4.431174E-05	-2.317451E-05	-1.848268E-05	-1.047679E-05	-6.060751E-06	-2.811901E-06	-1.260504E-06	-4.196660E-07	-8.237457E-08	-1.866654E-08	-4.055078E-08
0.75000	 1.870211E-04	-3.183433E-04	 1.110256E-04	-9.887377E-05	-1.039914E-05	-4.518167E-05	-2.356531E-05	-1.908593E-05	-1.089612E-05	-6.390411E-06	-3.007800E-06	-1.376590E-06	-4.721838E-07	-1.011298E-07	-1.959627E-08	-3.954918E-08
0.75333	 1.912211E-04	-3.197158E-04	 1.135916E-04	-1.002234E-04	-9.569982E-06	-4.605612E-05	-2.394454E-05	-1.969488E-05	-1.132097E-05	-6.729833E-06	-3.211937E-06	-1.499894E-06	-5.293074E-07	-1.225854E-07	-2.140805E-08	-3.872236E-08
0.75664	 1.953203E-04	-3.210692E-04	 1.161004E-04	-1.015968E-04	-8.712089E-06	-4.693530E-05	-2.431166E-05	-2.030940E-05	-1.175110E-05	-7.079039E-06	-3.424442E-06	-1.630676E-06	-5.912760E-07	-1.469657E-07	-2.423220E-08	-3.814482E-08
0.75993	 1.993014E-04	-3.224110E-04	 1.185361E-04	-1.030054E-04	-7.830080E-06	-4.782115E-05	-2.466642E-05	-2.092885E-05	-1.218563E-05	-7.437561E-06	-3.645137E-06	-1.769018E-06	-6.582033E-07	-1.744796E-07	-2.820011E-08	-3.790178E-08
0.76322	 2.032768E-04	-3.241817E-04	 1.208600E-04	-1.044619E-04	-6.931494E-06	-4.872073E-05	-2.500870E-05	-2.155318E-05	-1.262459E-05	-7.805148E-06	-3.873536E-06	-1.914912E-06	-7.303836E-07	-2.053690E-07	-3.340077E-08	-3.803550E-08
0.76649	 2.071072E-04	-3.259603E-04	 1.230810E-04	-1.059764E-04	-6.018287E-06	-4.963353E-05	-2.533969E-05	-2.218266E-05	-1.306703E-05	-8.181733E-06	-4.110009E-06	-2.068614E-06	-8.079027E-07	-2.397737E-07	-4.006519E-08	-3.870150E-08
0.76974	 2.108052E-04	-3.277357E-04	 1.252114E-04	-1.075337E-04	-5.085216E-06	-5.055635E-05	-2.565770E-05	-2.281682E-05	-1.351272E-05	-8.567255E-06	-4.354569E-06	-2.230328E-06	-8.910150E-07	-2.779131E-07	-4.834418E-08	-4.000535E-08
0.77298	 2.143752E-04	-3.294999E-04	 1.272560E-04	-1.091274E-04	-4.130421E-06	-5.148897E-05	-2.596222E-05	-2.345587E-05	-1.396170E-05	-8.961851E-06	-4.607353E-06	-2.400329E-06	-9.799608E-07	-3.200645E-07	-5.839842E-08	-4.205965E-08
0.77621	 2.178481E-04	-3.313667E-04	 1.292055E-04	-1.107598E-04	-3.155905E-06	-5.243449E-05	-2.625326E-05	-2.410022E-05	-1.441402E-05	-9.365599E-06	-4.868331E-06	-2.578815E-06	-1.075018E-06	-3.665071E-07	-7.039516E-08	-4.497803E-08
0.77942	 2.211833E-04	-3.332254E-04	 1.310580E-04	-1.124337E-04	-2.163290E-06	-5.339318E-05	-2.653072E-05	-2.474957E-05	-1.486888E-05	-9.778115E-06	-5.137381E-06	-2.765850E-06	-1.176293E-06	-4.174251E-07	-8.452754E-08	-4.891102E-08
0.78262	 2.243814E-04	-3.350742E-04	 1.328136E-04	-1.141456E-04	-1.151878E-06	-5.436508E-05	-2.679401E-05	-2.540395E-05	-1.532608E-05	-1.019939E-05	-5.414527E-06	-2.961640E-06	-1.284029E-06	-4.730734E-07	-1.009885E-07	-5.400374E-08
0.78581	 2.274403E-04	-3.369089E-04	 1.344706E-04	-1.158945E-04	-1.217463E-07	-5.535114E-05	-2.704293E-05	-2.606377E-05	-1.578563E-05	-1.062962E-05	-5.699925E-06	-3.166474E-06	-1.398500E-06	-5.337470E-07	-1.199884E-07	-6.041447E-08
0.78899	 2.303583E-04	-3.387442E-04	 1.360214E-04	-1.176815E-04	 9.249887E-07	-5.635235E-05	-2.727711E-05	-2.672869E-05	-1.624683E-05	-1.106831E-05	-5.993251E-06	-3.380322E-06	-1.519805E-06	-5.996462E-07	-1.417106E-07	-6.830271E-08
0.79215	 2.331251E-04	-3.405663E-04	 1.374603E-04	-1.195083E-04	 1.986742E-06	-5.736994E-05	-2.749642E-05	-2.739883E-05	-1.670932E-05	-1.151536E-05	-6.294433E-06	-3.603305E-06	-1.648120E-06	-6.710101E-07	-1.663651E-07	-7.784367E-08
0.79530	 2.357368E-04	-3.423773E-04	 1.387826E-04	-1.213763E-04	 3.062329E-06	-5.840560E-05	-2.770092E-05	-2.807489E-05	-1.717317E-05	-1.197103E-05	-6.603675E-06	-3.835751E-06	-1.783749E-06	-7.481547E-07	-1.941955E-07	-8.922915E-08
0.79844	 2.381833E-04	-3.441764E-04	 1.399771E-04	-1.232876E-04	 4.148068E-06	-5.946002E-05	-2.789026E-05	-2.875604E-05	-1.763723E-05	-1.243441E-05	-6.920339E-06	-4.077391E-06	-1.926623E-06	-8.311956E-07	-2.253631E-07	-1.026320E-07
0.80156	 2.404717E-04	-3.460059E-04	 1.410352E-04	-1.252444E-04	 5.241465E-06	-6.053521E-05	-2.806439E-05	-2.944226E-05	-1.810097E-05	-1.290511E-05	-7.244060E-06	-4.328146E-06	-2.076817E-06	-9.203214E-07	-2.600598E-07	-1.182372E-07
0.80467	 2.425892E-04	-3.478222E-04	 1.419610E-04	-1.272481E-04	 6.344196E-06	-6.163391E-05	-2.822381E-05	-3.013567E-05	-1.856538E-05	-1.338438E-05	-7.575741E-06	-4.588847E-06	-2.234930E-06	-1.016031E-06	-2.986502E-07	-1.363126E-07
0.80777	 2.445388E-04	-3.496230E-04	 1.427553E-04	-1.292947E-04	 7.457059E-06	-6.275687E-05	-2.836801E-05	-3.083648E-05	-1.903013E-05	-1.387209E-05	-7.915221E-06	-4.859582E-06	-2.401145E-06	-1.118571E-06	-3.413940E-07	-1.570942E-07
0.81086	 2.463302E-04	-3.513892E-04	 1.434277E-04	-1.313676E-04	 8.585069E-06	-6.390129E-05	-2.849537E-05	-3.154439E-05	-1.949486E-05	-1.436814E-05	-8.262351E-06	-5.140424E-06	-2.575699E-06	-1.228170E-06	-3.885666E-07	-1.808326E-07
0.81394	 2.478168E-04	-3.526022E-04	 1.440176E-04	-1.334481E-04	 9.741060E-06	-6.505871E-05	-2.860394E-05	-3.226088E-05	-1.996011E-05	-1.487423E-05	-8.619110E-06	-5.432898E-06	-2.759407E-06	-1.345517E-06	-4.407109E-07	-2.079504E-07
0.81701	 2.491632E-04	-3.537484E-04	 1.445104E-04	-1.355283E-04	 1.092621E-05	-6.623376E-05	-2.869182E-05	-3.298651E-05	-2.042675E-05	-1.539089E-05	-8.985394E-06	-5.737390E-06	-2.952872E-06	-1.471310E-06	-4.981629E-07	-2.387310E-07
0.82006	 2.503408E-04	-3.548497E-04	 1.448729E-04	-1.376321E-04	 1.212731E-05	-6.743422E-05	-2.876094E-05	-3.372137E-05	-2.089317E-05	-1.591675E-05	-9.360071E-06	-6.053232E-06	-3.155705E-06	-1.605547E-06	-5.610860E-07	-2.734181E-07
0.82310	 2.513334E-04	-3.559068E-04	 1.450908E-04	-1.397698E-04	 1.334045E-05	-6.866440E-05	-2.881164E-05	-3.446675E-05	-2.135923E-05	-1.645220E-05	-9.743318E-06	-6.380792E-06	-3.368308E-06	-1.748585E-06	-6.299114E-07	-3.123868E-07
0.82614	 2.520746E-04	-3.567145E-04	 1.451723E-04	-1.419368E-04	 1.457010E-05	-6.992227E-05	-2.884249E-05	-3.522391E-05	-2.182504E-05	-1.699834E-05	-1.013627E-05	-6.721151E-06	-3.591405E-06	-1.901073E-06	-7.052185E-07	-3.561207E-07
0.82916	 2.526258E-04	-3.574626E-04	 1.451056E-04	-1.441293E-04	 1.581514E-05	-7.121093E-05	-2.885234E-05	-3.599314E-05	-2.229031E-05	-1.755513E-05	-1.053859E-05	-7.074433E-06	-3.825285E-06	-2.063457E-06	-7.873955E-07	-4.050020E-07
0.83217	 2.529802E-04	-3.581564E-04	 1.448777E-04	-1.463511E-04	 1.707066E-05	-7.253546E-05	-2.884189E-05	-3.677555E-05	-2.275445E-05	-1.812235E-05	-1.094984E-05	-7.440568E-06	-4.070011E-06	-2.235931E-06	-8.768105E-07	-4.593986E-07
0.83516	 2.531575E-04	-3.587564E-04	 1.445059E-04	-1.485671E-04	 1.834800E-05	-7.388900E-05	-2.880750E-05	-3.757128E-05	-2.321774E-05	-1.870119E-05	-1.137070E-05	-7.820416E-06	-4.326530E-06	-2.419035E-06	-9.741536E-07	-5.198511E-07
0.83815	 2.527664E-04	-3.579722E-04	 1.440609E-04	-1.507205E-04	 1.967283E-05	-7.523891E-05	-2.874108E-05	-3.837682E-05	-2.367704E-05	-1.929180E-05	-1.180364E-05	-8.215820E-06	-4.595624E-06	-2.613503E-06	-1.080229E-06	-5.870898E-07
0.84113	 2.522295E-04	-3.570214E-04	 1.435073E-04	-1.527925E-04	 2.104400E-05	-7.659570E-05	-2.863906E-05	-3.919182E-05	-2.413390E-05	-1.989451E-05	-1.224746E-05	-8.626739E-06	-4.878023E-06	-2.820507E-06	-1.195504E-06	-6.615681E-07
0.84410	 2.514861E-04	-3.559609E-04	 1.427748E-04	-1.548464E-04	 2.242926E-05	-7.798332E-05	-2.850965E-05	-4.002043E-05	-2.458698E-05	-2.050809E-05	-1.270054E-05	-9.052034E-06	-5.172780E-06	-3.039745E-06	-1.320079E-06	-7.435783E-07
0.84705	 2.505061E-04	-3.547899E-04	 1.418321E-04	-1.568967E-04	 2.381858E-05	-7.940766E-05	-2.835391E-05	-4.086388E-05	-2.503519E-05	-2.113243E-05	-1.316233E-05	-9.491624E-06	-5.480099E-06	-3.271202E-06	-1.454509E-06	-8.336370E-07
0.85000	 2.490099E-04	-3.526530E-04	 1.407070E-04	-1.589092E-04	 2.522546E-05	-8.084661E-05	-2.816581E-05	-4.171960E-05	-2.547572E-05	-2.176764E-05	-1.363451E-05	-9.947035E-06	-5.800794E-06	-3.515593E-06	-1.599686E-06	-9.325429E-07
0.85294	 2.472753E-04	-3.503573E-04	 1.393704E-04	-1.608734E-04	 2.664676E-05	-8.230959E-05	-2.794340E-05	-4.258856E-05	-2.590952E-05	-2.241437E-05	-1.411642E-05	-1.041853E-05	-6.135523E-06	-3.773945E-06	-1.756265E-06	-1.040947E-06
0.85586	 2.452634E-04	-3.479424E-04	 1.377709E-04	-1.628290E-04	 2.805855E-05	-8.381615E-05	-2.769336E-05	-4.347549E-05	-2.633588E-05	-2.307229E-05	-1.460684E-05	-1.090540E-05	-6.483593E-06	-4.046043E-06	-1.924492E-06	-1.159239E-06
0.85878	 2.429689E-04	-3.453715E-04	 1.358990E-04	-1.647526E-04	 2.946191E-05	-8.536227E-05	-2.741362E-05	-4.438042E-05	-2.675383E-05	-2.374187E-05	-1.510562E-05	-1.140806E-05	-6.845564E-06	-4.332077E-06	-2.105134E-06	-1.288079E-06
0.86168	 2.399110E-04	-3.411413E-04	 1.338108E-04	-1.665672E-04	 3.088423E-05	-8.690212E-05	-2.709228E-05	-4.529611E-05	-2.715775E-05	-2.442226E-05	-1.561522E-05	-1.192868E-05	-7.222628E-06	-4.633110E-06	-2.299423E-06	-1.428554E-06
0.86458	 2.365896E-04	-3.366676E-04	 1.314668E-04	-1.682549E-04	 3.231916E-05	-8.845085E-05	-2.672730E-05	-4.622320E-05	-2.754949E-05	-2.511408E-05	-1.613409E-05	-1.246710E-05	-7.615404E-06	-4.950443E-06	-2.508089E-06	-1.581453E-06
0.86747	 2.329345E-04	-3.320303E-04	 1.287773E-04	-1.698952E-04	 3.372012E-05	-9.004397E-05	-2.633356E-05	-4.717034E-05	-2.792856E-05	-2.581649E-05	-1.665978E-05	-1.302140E-05	-8.021862E-06	-5.282961E-06	-2.730789E-06	-1.746823E-06
0.87034	 2.289135E-04	-3.272091E-04	 1.257046E-04	-1.714883E-04	 3.507315E-05	-9.168495E-05	-2.591360E-05	-4.813886E-05	-2.829362E-05	-2.652936E-05	-1.719123E-05	-1.359124E-05	-8.441735E-06	-5.630201E-06	-2.967965E-06	-1.925111E-06
0.87321	 2.240432E-04	-3.207454E-04	 1.222835E-04	-1.729550E-04	 3.640020E-05	-9.332547E-05	-2.545570E-05	-4.912010E-05	-2.863830E-05	-2.725129E-05	-1.773043E-05	-1.417865E-05	-8.876218E-06	-5.993249E-06	-3.220956E-06	-2.117488E-06
0.87607	 2.188102E-04	-3.140173E-04	 1.184738E-04	-1.742822E-04	 3.768955E-05	-9.498245E-05	-2.496045E-05	-5.011578E-05	-2.896467E-05	-2.798310E-05	-1.827571E-05	-1.478341E-05	-9.325560E-06	-6.373096E-06	-3.490435E-06	-2.324751E-06
0.87892	 2.131475E-04	-3.071178E-04	 1.141821E-04	-1.755513E-04	 3.888794E-05	-9.669538E-05	-2.444717E-05	-5.113715E-05	-2.927352E-05	-2.872461E-05	-1.882448E-05	-1.540326E-05	-9.787039E-06	-6.768054E-06	-3.775567E-06	-2.546577E-06
0.88176	 2.070208E-04	-3.000185E-04	 1.093657E-04	-1.767557E-04	 3.997540E-05	-9.846607E-05	-2.392179E-05	-5.218541E-05	-2.956386E-05	-2.947526E-05	-1.937520E-05	-1.603733E-05	-1.025954E-05	-7.177100E-06	-4.076216E-06	-2.782989E-06
0.88459	 1.998977E-04	-2.911311E-04	 1.040499E-04	-1.777976E-04	 4.097113E-05	-1.002349E-04	-2.337268E-05	-5.324760E-05	-2.982786E-05	-3.023160E-05	-1.992862E-05	-1.668648E-05	-1.074348E-05	-7.600725E-06	-4.393247E-06	-3.034795E-06
0.88741	 1.923192E-04	-2.819586E-04	 9.820301E-05	-1.786655E-04	 4.186180E-05	-1.020226E-04	-2.280293E-05	-5.432721E-05	-3.006909E-05	-3.099561E-05	-2.048358E-05	-1.735111E-05	-1.123925E-05	-8.040022E-06	-4.727442E-06	-3.302859E-06
0.89022	 1.842219E-04	-2.726188E-04	 9.172813E-05	-1.794534E-04	 4.258650E-05	-1.038776E-04	-2.223868E-05	-5.544067E-05	-3.029108E-05	-3.176906E-05	-2.103802E-05	-1.802921E-05	-1.174368E-05	-8.492990E-06	-5.077432E-06	-3.586395E-06
0.89303	 1.755739E-04	-2.630614E-04	 8.458081E-05	-1.801340E-04	 4.312136E-05	-1.057913E-04	-2.168976E-05	-5.658468E-05	-3.049274E-05	-3.254860E-05	-2.158874E-05	-1.871756E-05	-1.225358E-05	-8.956956E-06	-5.441362E-06	-3.884132E-06
0.89582	 1.655924E-04	-2.509605E-04	 7.678989E-05	-1.805509E-04	 4.349717E-05	-1.076640E-04	-2.113814E-05	-5.773386E-05	-3.066273E-05	-3.332670E-05	-2.213569E-05	-1.941603E-05	-1.276927E-05	-9.432165E-06	-5.819785E-06	-4.196558E-06
0.89861	 1.550730E-04	-2.385212E-04	 6.832325E-05	-1.807051E-04	 4.369664E-05	-1.095310E-04	-2.059105E-05	-5.889581E-05	-3.080914E-05	-3.410810E-05	-2.267887E-05	-2.012651E-05	-1.329212E-05	-9.920449E-06	-6.213964E-06	-4.524791E-06
0.90139	 1.438996E-04	-2.259399E-04	 5.902234E-05	-1.807716E-04	 4.362307E-05	-1.114724E-04	-2.009372E-05	-6.009647E-05	-3.093999E-05	-3.489483E-05	-2.321437E-05	-2.084429E-05	-1.381602E-05	-1.041725E-05	-6.619959E-06	-4.866006E-06
0.90416	 1.319828E-04	-2.131856E-04	 4.878997E-05	-1.807746E-04	 4.322769E-05	-1.134889E-04	-1.966907E-05	-6.133043E-05	-3.105527E-05	-3.567872E-05	-2.373567E-05	-2.156129E-05	-1.433429E-05	-1.091675E-05	-7.032624E-06	-5.216534E-06
0.90692	 1.184767E-04	-1.977892E-04	 3.763448E-05	-1.805413E-04	 4.254203E-05	-1.154691E-04	-1.929796E-05	-6.256902E-05	-3.114550E-05	-3.645261E-05	-2.424374E-05	-2.227832E-05	-1.484897E-05	-1.142022E-05	-7.453044E-06	-5.577243E-06
0.90967	 1.042565E-04	-1.820646E-04	 2.556409E-05	-1.800580E-04	 4.155433E-05	-1.174547E-04	-1.899286E-05	-6.382625E-05	-3.122476E-05	-3.722615E-05	-2.474252E-05	-2.300063E-05	-1.536314E-05	-1.193036E-05	-7.883349E-06	-5.949573E-06
0.91241	 8.926049E-05	-1.662193E-04	 1.246415E-05	-1.794826E-04	 4.017269E-05	-1.195366E-04	-1.881030E-05	-6.513829E-05	-3.131023E-05	-3.800684E-05	-2.523182E-05	-2.372434E-05	-1.587046E-05	-1.244169E-05	-8.317987E-06	-6.329239E-06
0.91515	 7.348635E-05	-1.500794E-04	-1.670552E-06	-1.786973E-04	 3.840061E-05	-1.216634E-04	-1.875763E-05	-6.648695E-05	-3.140258E-05	-3.878731E-05	-2.571070E-05	-2.444366E-05	-1.636828E-05	-1.295181E-05	-8.752714E-06	-6.714061E-06
0.91788	 5.511212E-05	-1.281684E-04	-1.676970E-05	-1.772543E-04	 3.634948E-05	-1.235373E-04	-1.875708E-05	-6.778244E-05	-3.147036E-05	-3.954031E-05	-2.617604E-05	-2.515694E-05	-1.686245E-05	-1.346424E-05	-9.191641E-06	-7.107503E-06
0.92060	 3.605504E-05	-1.056193E-04	-3.278948E-05	-1.751799E-04	 3.399899E-05	-1.252405E-04	-1.883089E-05	-6.903762E-05	-3.153693E-05	-4.027253E-05	-2.662970E-05	-2.586881E-05	-1.735387E-05	-1.397872E-05	-9.636140E-06	-7.509132E-06
0.92331	 1.608292E-05	-8.292500E-05	-5.000979E-05	-1.729432E-04	 3.113474E-05	-1.269921E-04	-1.909689E-05	-7.033917E-05	-3.164456E-05	-4.100538E-05	-2.707609E-05	-2.657762E-05	-1.783317E-05	-1.448543E-05	-1.007634E-05	-7.910061E-06
0.92601	-5.064835E-06	-6.026953E-05	-6.864609E-05	-1.708924E-04	 2.759468E-05	-1.289342E-04	-1.964482E-05	-7.174282E-05	-3.182495E-05	-4.175268E-05	-2.752041E-05	-2.728108E-05	-1.829558E-05	-1.497782E-05	-1.050412E-05	-8.303666E-06
0.92871	-2.703924E-05	-3.900264E-05	-8.879593E-05	-1.692077E-04	 2.328687E-05	-1.311622E-04	-2.054249E-05	-7.328756E-05	-3.211010E-05	-4.253111E-05	-2.797380E-05	-2.798187E-05	-1.874227E-05	-1.545395E-05	-1.091531E-05	-8.686021E-06
0.93140	-5.037191E-05	-1.794477E-05	-1.105638E-04	-1.679230E-04	 1.815000E-05	-1.336825E-04	-2.182942E-05	-7.499487E-05	-3.252384E-05	-4.335454E-05	-2.844825E-05	-2.868396E-05	-1.917742E-05	-1.591427E-05	-1.130776E-05	-9.054806E-06
0.93408	-7.507131E-05	 2.854647E-06	-1.340339E-04	-1.669701E-04	 1.215582E-05	-1.364816E-04	-2.351973E-05	-7.687412E-05	-3.308596E-05	-4.423726E-05	-2.895778E-05	-2.939815E-05	-1.961149E-05	-1.636593E-05	-1.168625E-05	-9.413044E-06
0.93675	-1.013761E-04	 2.352487E-05	-1.594300E-04	-1.664403E-04	 5.195945E-06	-1.396355E-04	-2.566113E-05	-7.897904E-05	-3.383234E-05	-4.520951E-05	-2.952006E-05	-3.014198E-05	-2.005539E-05	-1.681719E-05	-1.205670E-05	-9.763656E-06
0.93941	-1.284616E-04	 4.122429E-05	-1.870000E-04	-1.666052E-04	-2.892521E-06	-1.433850E-04	-2.836567E-05	-8.142633E-05	-3.482655E-05	-4.633126E-05	-3.016777E-05	-3.094191E-05	-2.052408E-05	-1.728045E-05	-1.242514E-05	-1.011060E-05
0.94207	-1.574473E-04	 5.870758E-05	-2.169415E-04	-1.674045E-04	-1.221834E-05	-1.477121E-04	-3.167686E-05	-8.425445E-05	-3.610066E-05	-4.763682E-05	-3.092787E-05	-3.181560E-05	-2.103546E-05	-1.776927E-05	-1.279923E-05	-1.046025E-05
0.94472	-1.881264E-04	 7.601387E-05	-2.491673E-04	-1.685179E-04	-2.275212E-05	-1.524976E-04	-3.558569E-05	-8.743208E-05	-3.766690E-05	-4.913577E-05	-3.182160E-05	-3.277694E-05	-2.160576E-05	-1.829616E-05	-1.319038E-05	-1.082005E-05
0.94736	-2.204979E-04	 9.337852E-05	-2.836546E-04	-1.698051E-04	-3.452504E-05	-1.577051E-04	-4.011984E-05	-9.096420E-05	-3.955763E-05	-5.084812E-05	-3.287297E-05	-3.384408E-05	-2.224773E-05	-1.887057E-05	-1.360774E-05	-1.119386E-05
0.95000	-2.541956E-04	 1.095668E-04	-3.205744E-04	-1.713311E-04	-4.767637E-05	-1.634545E-04	-4.536899E-05	-9.492410E-05	-4.183172E-05	-5.282264E-05	-3.411976E-05	-3.504474E-05	-2.297991E-05	-1.950694E-05	-1.406143E-05	-1.158696E-05
0.95263	-2.898878E-04	 1.258413E-04	-3.603276E-04	-1.730201E-04	-6.245174E-05	-1.697923E-04	-5.142202E-05	-9.939763E-05	-4.455393E-05	-5.512840E-05	-3.561471E-05	-3.642613E-05	-2.384144E-05	-2.023999E-05	-1.457725E-05	-1.201921E-05
0.95525	-3.276109E-04	 1.421054E-04	-4.031883E-04	-1.747073E-04	-7.907770E-05	-1.767139E-04	-5.836996E-05	-1.044375E-04	-4.779254E-05	-5.782322E-05	-3.741467E-05	-3.803985E-05	-2.487472E-05	-2.110712E-05	-1.518534E-05	-1.251216E-05
0.95786	-3.673938E-04	 1.581768E-04	-4.491239E-04	-1.766057E-04	-9.774488E-05	-1.843367E-04	-6.633978E-05	-1.101262E-04	-5.163761E-05	-6.095803E-05	-3.957376E-05	-3.992859E-05	-2.609976E-05	-2.212558E-05	-1.589848E-05	-1.306878E-05
0.96047	-4.064421E-04	 1.669969E-04	-4.976997E-04	-1.793712E-04	-1.185261E-04	-1.931677E-04	-7.555279E-05	-1.166914E-04	-5.621793E-05	-6.466658E-05	-4.218491E-05	-4.216720E-05	-2.755692E-05	-2.333140E-05	-1.673815E-05	-1.370053E-05
0.96307	-4.467491E-04	 1.748574E-04	-5.485335E-04	-1.826252E-04	-1.414128E-04	-2.029641E-04	-8.597303E-05	-1.241083E-04	-6.153069E-05	-6.898843E-05	-4.528540E-05	-4.478695E-05	-2.929847E-05	-2.477074E-05	-1.774345E-05	-1.444141E-05
0.96566	-4.873965E-04	 1.821968E-04	-6.007517E-04	-1.853103E-04	-1.660429E-04	-2.132003E-04	-9.739767E-05	-1.321529E-04	-6.748369E-05	-7.386265E-05	-4.886719E-05	-4.779089E-05	-3.135707E-05	-2.648267E-05	-1.896162E-05	-1.533152E-05
0.96825	-5.274384E-04	 1.894840E-04	-6.532919E-04	-1.865240E-04	-1.919936E-04	-2.234013E-04	-1.096068E-04	-1.406191E-04	-7.398522E-05	-7.921738E-05	-5.290836E-05	-5.117731E-05	-3.374888E-05	-2.849781E-05	-2.042869E-05	-1.640373E-05
0.97082	-5.671204E-04	 2.005542E-04	-7.048169E-04	-1.852825E-04	-2.187215E-04	-2.328866E-04	-1.222426E-04	-1.491906E-04	-8.086247E-05	-8.489887E-05	-5.733245E-05	-5.489555E-05	-3.645721E-05	-3.082509E-05	-2.216267E-05	-1.768376E-05
0.97340	-6.035070E-04	 2.116605E-04	-7.533451E-04	-1.810293E-04	-2.454652E-04	-2.412682E-04	-1.349169E-04	-1.576247E-04	-8.791366E-05	-9.076638E-05	-6.205692E-05	-5.889922E-05	-3.944198E-05	-3.347352E-05	-2.416909E-05	-1.919608E-05
0.97596	-6.350611E-04	 2.227867E-04	-7.966784E-04	-1.733901E-04	-2.714550E-04	-2.481655E-04	-1.471735E-04	-1.657273E-04	-9.489058E-05	-9.669776E-05	-6.697191E-05	-6.312933E-05	-4.265426E-05	-3.645495E-05	-2.644196E-05	-2.097177E-05
0.97852	-6.591786E-04	 2.329739E-04	-8.316844E-04	-1.617670E-04	-2.954889E-04	-2.529724E-04	-1.582970E-04	-1.731633E-04	-1.013735E-04	-1.024803E-04	-7.187002E-05	-6.746422E-05	-4.599741E-05	-3.976044E-05	-2.895096E-05	-2.304635E-05
0.98107	-6.705448E-04	 2.382592E-04	-8.529046E-04	-1.453853E-04	-3.151419E-04	-2.548357E-04	-1.669566E-04	-1.793412E-04	-1.065622E-04	-1.077241E-04	-7.631143E-05	-7.164616E-05	-4.924169E-05	-4.329983E-05	-3.158460E-05	-2.542625E-05
0.98362	-6.637428E-04	 2.419397E-04	-8.513213E-04	-1.218443E-04	-3.257389E-04	-2.514669E-04	-1.703283E-04	-1.826895E-04	-1.087191E-04	-1.113957E-04	-7.923875E-05	-7.497321E-05	-5.180171E-05	-4.670601E-05	-3.401649E-05	-2.798582E-05
0.98615	-6.287809E-04	 2.469389E-04	-8.123843E-04	-8.659290E-05	-3.194330E-04	-2.388148E-04	-1.634302E-04	-1.803699E-04	-1.047293E-04	-1.115500E-04	-7.872292E-05	-7.614823E-05	-5.253017E-05	-4.923710E-05	-3.557399E-05	-3.039934E-05
0.98869	-5.467077E-04	 2.517296E-04	-7.115826E-04	-3.293912E-05	-2.830613E-04	-2.108561E-04	-1.377724E-04	-1.679189E-04	-8.918563E-05	-1.049608E-04	-7.137774E-05	-7.296048E-05	-4.932552E-05	-4.954793E-05	-3.496598E-05	-3.198433E-05
0.99121	-3.856784E-04	 2.614742E-04	-5.038975E-04	 5.119598E-05	-1.918638E-04	-1.565298E-04	-7.701907E-05	-1.368359E-04	-5.153096E-05	-8.540872E-05	-5.045627E-05	-6.104440E-05	-3.792257E-05	-4.485510E-05	-2.951549E-05	-3.118874E-05
0.99373	-7.921286E-05	 2.723534E-04	-1.022692E-04	 1.871349E-04	 2.464021E-06	-5.609423E-05	 5.072844E-05	-7.074096E-05	 2.919197E-05	-4.098337E-05	-2.321702E-06	-3.182168E-05	-9.579804E-06	-2.942103E-05	-1.365539E-05	-2.455759E-05
0.99624	 4.910684E-04	 2.839509E-04	 6.504790E-04	 4.110933E-04	 3.902371E-04	 1.257404E-04	 3.056147E-04	 6.123145E-05	 1.933089E-04	 5.015088E-05	 9.990952E-05	 3.091863E-05	 5.303986E-05	 8.337287E-06	 2.387582E-05	-4.563386E-06
0.99875	 1.434098E-03	 2.868116E-04	 1.892341E-03	 7.469996E-04	 1.059546E-03	 4.195032E-04	 7.499814E-04	 2.896489E-04	 4.851793E-04	 2.112902E-04	 2.884488E-04	 1.452769E-04	 1.719423E-04	 8.318635E-05	 9.815211E-05	 3.990497E-05
