r	   0/   0	   1/   0	   2/   0	   3/   0	   4/   0	   5/   0	   6/   0	   7/   0	   8/   0	   9/   0	  10/   0	  11/   0	  12/   0	  13/   0	  14/   0	  15/   0
0.05000	 0.000000E+00	 8.591045E-02	 9.869585E-04	 3.170390E-05	-8.880335E-06	-5.691865E-06	 3.626992E-06	 1.258432E-06	-5.799758E-07	-3.090432E-08	-1.372640E-08	-1.135220E-08	 3.223103E-08	 5.818003E-09	-1.896277E-09	-1.364443E-10
0.08660	 0.000000E+00	 1.491657E-01	 2.954487E-03	 2.609624E-04	-1.088360E-05	-5.726140E-05	 6.827000E-06	 8.420344E-06	-8.645585E-07	-1.322566E-07	 1.764704E-08	-4.060679E-08	 7.320027E-08	 2.846701E-08	-3.529307E-09	-2.025916E-09
0.11180	 0.000000E+00	 1.929239E-01	 4.854586E-03	 5.193133E-04	 7.890387E-06	-1.112703E-04	-8.453772E-07	 1.502419E-05	-6.961668E-07	-8.406797E-07	-4.117267E-09	-3.721101E-08	 5.282342E-08	 4.315864E-08	-2.045153E-09	-6.618411E-09
0.13229	 0.000000E+00	 2.284479E-01	 6.772449E-03	 5.887336E-04	 2.647445E-05	-1.017636E-04	-6.021109E-06	 1.513421E-05	-5.177035E-07	-1.785654E-06	 1.150143E-07	 8.396634E-08	 3.903756E-08	 3.868178E-08	-6.740354E-09	-1.028031E-08
0.15000	 0.000000E+00	 2.591057E-01	 8.798538E-03	 6.502717E-04	 3.486092E-05	-8.237709E-05	-5.034716E-06	 1.517608E-05	-7.492010E-07	-2.650609E-06	 2.621403E-07	 3.327877E-07	 7.082248E-08	 2.351911E-08	-1.038707E-08	-1.175285E-08
0.16583	 0.000000E+00	 2.864466E-01	 1.091383E-02	 7.260485E-04	 4.450500E-05	-6.019788E-05	-4.719746E-06	 1.384063E-05	-1.300006E-08	-3.000210E-06	 1.813743E-07	 5.075574E-07	 9.746760E-08	 6.282697E-09	-3.190233E-09	-8.822609E-09
0.18028	 0.000000E+00	 3.113466E-01	 1.307904E-02	 8.241153E-04	 5.523368E-05	-3.935379E-05	-4.566348E-06	 1.161370E-05	 8.753095E-07	-2.909101E-06	 6.263686E-08	 5.868977E-07	 9.895127E-08	-1.703068E-08	 5.439608E-09	-5.073974E-10
0.19365	 0.000000E+00	 3.343605E-01	 1.524450E-02	 9.443381E-04	 6.697819E-05	-2.181209E-05	-4.262339E-06	 9.148961E-06	 1.576518E-06	-2.554213E-06	-5.347411E-08	 5.842936E-07	 9.324909E-08	-3.883536E-08	 8.992197E-09	 8.861067E-09
0.20616	 0.000000E+00	 3.558649E-01	 1.736209E-02	 1.081596E-03	 7.998343E-05	-7.993460E-06	-3.747751E-06	 6.860716E-06	 1.988427E-06	-2.083968E-06	-1.432549E-07	 5.221485E-07	 8.434693E-08	-5.324829E-08	 8.517748E-09	 1.638508E-08
0.21794	 0.000000E+00	 3.761297E-01	 1.939165E-02	 1.228640E-03	 9.445497E-05	 2.475380E-06	-3.091324E-06	 4.957649E-06	 2.139438E-06	-1.607487E-06	-1.993351E-07	 4.279621E-07	 7.301720E-08	-5.933178E-08	 5.970825E-09	 2.107422E-08
0.22913	 0.000000E+00	 3.953544E-01	 2.131100E-02	 1.379073E-03	 1.102800E-04	 1.026541E-05	-2.319009E-06	 3.512567E-06	 2.084817E-06	-1.187133E-06	-2.186311E-07	 3.265068E-07	 6.009786E-08	-5.857799E-08	 2.933556E-09	 2.304578E-08
0.23979	 0.000000E+00	 4.136902E-01	 2.311875E-02	 1.528870E-03	 1.271476E-04	 1.608576E-05	-1.440874E-06	 2.509063E-06	 1.889462E-06	-8.478645E-07	-2.053474E-07	 2.346822E-07	 4.715614E-08	-5.336935E-08	 3.459789E-10	 2.299508E-08
0.25000	 0.000000E+00	 4.312530E-01	 2.483394E-02	 1.677303E-03	 1.447199E-04	 2.055530E-05	-4.509361E-07	 1.887141E-06	 1.608976E-06	-5.912202E-07	-1.660889E-07	 1.614257E-07	 3.535206E-08	-4.597085E-08	-1.297889E-09	 2.177759E-08
0.25981	 0.000000E+00	 4.481336E-01	 2.648695E-02	 1.825902E-03	 1.627218E-04	 2.416716E-05	 6.471847E-07	 1.568636E-06	 1.292150E-06	-4.069779E-07	-1.104266E-07	 1.090673E-07	 2.542697E-08	-3.820261E-08	-1.917434E-09	 2.015072E-08
0.26926	 0.000000E+00	 4.644047E-01	 2.810526E-02	 1.976573E-03	 1.809617E-04	 2.728921E-05	 1.800760E-06	 1.467443E-06	 9.933763E-07	-2.805832E-07	-5.402811E-08	 7.478061E-08	 1.848235E-08	-3.134918E-08	-1.918999E-09	 1.864454E-08
0.27839	 0.000000E+00	 4.801263E-01	 2.970974E-02	 2.130826E-03	 1.992935E-04	 3.018047E-05	 2.973223E-06	 1.511689E-06	 7.455832E-07	-1.968323E-07	-6.771958E-09	 5.395841E-08	 1.450974E-08	-2.594363E-08	-1.602321E-09	 1.753790E-08
0.28723	 0.000000E+00	 4.953492E-01	 3.131271E-02	 2.289480E-03	 2.176424E-04	 3.300798E-05	 4.147262E-06	 1.648344E-06	 5.614875E-07	-1.423823E-07	 2.743792E-08	 4.209711E-08	 1.282772E-08	-2.205790E-08	-1.157900E-09	 1.693637E-08
0.29580	 0.000000E+00	 5.101177E-01	 3.291472E-02	 2.452138E-03	 2.359739E-04	 3.585528E-05	 5.293651E-06	 1.837074E-06	 4.480645E-07	-1.067260E-07	 4.553706E-08	 3.517995E-08	 1.322293E-08	-1.958561E-08	-9.094837E-10	 1.683656E-08
0.30414	 0.000000E+00	 5.244710E-01	 3.450914E-02	 2.617519E-03	 2.542512E-04	 3.875153E-05	 6.394603E-06	 2.051341E-06	 4.000155E-07	-8.144890E-08	 4.879794E-08	 3.020790E-08	 1.512180E-08	-1.819373E-08	-9.741486E-10	 1.715992E-08
0.31225	 0.000000E+00	 5.384432E-01	 3.608974E-02	 2.784456E-03	 2.724677E-04	 4.170095E-05	 7.457459E-06	 2.279630E-06	 3.997075E-07	-6.084455E-08	 4.337385E-08	 2.574383E-08	 1.729063E-08	-1.751041E-08	-1.147355E-09	 1.783196E-08
0.32016	 0.000000E+00	 5.520643E-01	 3.765217E-02	 2.952031E-03	 2.906224E-04	 4.469618E-05	 8.495501E-06	 2.518582E-06	 4.298001E-07	-4.168748E-08	 3.507506E-08	 2.131168E-08	 1.881067E-08	-1.730085E-08	-1.251504E-09	 1.880473E-08
0.32787	 0.000000E+00	 5.653607E-01	 3.919297E-02	 3.119479E-03	 3.086787E-04	 4.771705E-05	 9.513754E-06	 2.767430E-06	 4.802119E-07	-2.241219E-08	 2.659826E-08	 1.677815E-08	 1.958677E-08	-1.745231E-08	-1.315023E-09	 2.004295E-08
0.33541	 0.000000E+00	 5.783554E-01	 4.071238E-02	 3.286653E-03	 3.265914E-04	 5.074451E-05	 1.052558E-05	 3.030707E-06	 5.429910E-07	-2.580906E-09	 2.024509E-08	 1.243528E-08	 1.956861E-08	-1.789044E-08	-1.306059E-09	 2.152972E-08
0.34278	 0.000000E+00	 5.910680E-01	 4.221575E-02	 3.454194E-03	 3.443404E-04	 5.377496E-05	 1.155951E-05	 3.318347E-06	 6.117958E-07	 1.794503E-08	 1.835768E-08	 8.725129E-09	 1.855289E-08	-1.854966E-08	-1.105964E-09	 2.325659E-08
0.35000	 0.000000E+00	 6.035159E-01	 4.371058E-02	 3.623396E-03	 3.619481E-04	 5.679882E-05	 1.263784E-05	 3.640666E-06	 6.867485E-07	 3.914095E-08	 2.090661E-08	 5.936316E-09	 1.681844E-08	-1.943702E-08	-7.725313E-10	 2.522088E-08
0.35707	 0.000000E+00	 6.157151E-01	 4.520404E-02	 3.795996E-03	 3.794900E-04	 5.978695E-05	 1.376916E-05	 4.006153E-06	 7.723461E-07	 6.106466E-08	 2.627736E-08	 4.146323E-09	 1.492723E-08	-2.058330E-08	-4.758340E-10	 2.741417E-08
0.36401	 0.000000E+00	 6.276803E-01	 4.670257E-02	 3.973943E-03	 3.971038E-04	 6.270024E-05	 1.495328E-05	 4.421216E-06	 8.733556E-07	 8.425359E-08	 3.307016E-08	 3.220041E-09	 1.323889E-08	-2.197820E-08	-3.268613E-10	 2.981350E-08
0.37081	 0.000000E+00	 6.394250E-01	 4.821089E-02	 4.159028E-03	 4.149713E-04	 6.549955E-05	 1.617953E-05	 4.888324E-06	 9.943826E-07	 1.097373E-07	 4.001443E-08	 2.795639E-09	 1.198074E-08	-2.358262E-08	-4.166455E-10	 3.238448E-08
0.37749	 0.000000E+00	 6.509616E-01	 4.973106E-02	 4.352304E-03	 4.332605E-04	 6.816085E-05	 1.743106E-05	 5.405773E-06	 1.139453E-06	 1.391517E-07	 4.606964E-08	 2.268754E-09	 1.126117E-08	-2.530269E-08	-8.209676E-10	 3.507046E-08
0.38406	 0.000000E+00	 6.623017E-01	 5.126267E-02	 4.554018E-03	 4.521102E-04	 7.067787E-05	 1.868899E-05	 5.969026E-06	 1.310941E-06	 1.742468E-07	 5.090016E-08	 1.079268E-09	 1.098332E-08	-2.704243E-08	-1.549983E-09	 3.781701E-08
0.39051	 0.000000E+00	 6.734557E-01	 5.280315E-02	 4.763833E-03	 4.716309E-04	 7.304731E-05	 1.992966E-05	 6.571518E-06	 1.509862E-06	 2.162406E-07	 5.458135E-08	-1.048108E-09	 1.098605E-08	-2.878524E-08	-2.588823E-09	 4.060551E-08
0.39686	 0.000000E+00	 6.844338E-01	 5.434845E-02	 4.981146E-03	 4.919137E-04	 7.525376E-05	 2.112365E-05	 7.205378E-06	 1.735935E-06	 2.657847E-07	 5.747804E-08	-4.163439E-09	 1.108171E-08	-3.056679E-08	-3.906681E-09	 4.344342E-08
0.40311	 0.000000E+00	 6.952458E-01	 5.589419E-02	 5.205481E-03	 5.130466E-04	 7.725732E-05	 2.223638E-05	 7.862826E-06	 1.987859E-06	 3.230123E-07	 6.019753E-08	-8.147913E-09	 1.105766E-08	-3.245061E-08	-5.455629E-09	 4.635248E-08
0.40927	 0.000000E+00	 7.059012E-01	 5.743708E-02	 5.437063E-03	 5.351676E-04	 7.898401E-05	 2.322506E-05	 8.536100E-06	 2.263659E-06	 3.874564E-07	 6.337411E-08	-1.272192E-08	 1.071879E-08	-3.454860E-08	-7.190327E-09	 4.937577E-08
0.41533	 0.000000E+00	 7.164093E-01	 5.897570E-02	 5.676863E-03	 5.584699E-04	 8.033862E-05	 2.404441E-05	 9.218262E-06	 2.561055E-06	 4.585427E-07	 6.771389E-08	-1.762519E-08	 9.829446E-09	-3.697512E-08	-9.055224E-09	 5.255424E-08
0.42131	 0.000000E+00	 7.267788E-01	 6.051005E-02	 5.926400E-03	 5.831873E-04	 8.121546E-05	 2.464591E-05	 9.901146E-06	 2.878006E-06	 5.358653E-07	 7.355862E-08	-2.277291E-08	 8.244881E-09	-3.981802E-08	-1.105024E-08	 5.590621E-08
0.42720	 0.000000E+00	 7.370181E-01	 6.204091E-02	 6.187345E-03	 6.095580E-04	 8.151667E-05	 2.498262E-05	 1.057491E-05	 3.212699E-06	 6.194964E-07	 8.094874E-08	-2.832800E-08	 5.903548E-09	-4.310420E-08	-1.322350E-08	 5.941541E-08
0.43301	 0.000000E+00	 7.471347E-01	 6.356989E-02	 6.461313E-03	 6.378105E-04	 8.116917E-05	 2.501671E-05	 1.122997E-05	 3.563397E-06	 7.099779E-07	 9.007801E-08	-3.451620E-08	 2.710164E-09	-4.683829E-08	-1.560975E-08	 6.305230E-08
0.43875	 0.000000E+00	 7.571356E-01	 6.509954E-02	 6.750182E-03	 6.682141E-04	 8.011680E-05	 2.471058E-05	 1.185436E-05	 3.928014E-06	 8.078079E-07	 1.011164E-07	-4.144686E-08	-1.392315E-09	-5.107631E-08	-1.826266E-08	 6.680236E-08
0.44441	 0.000000E+00	 7.670272E-01	 6.663278E-02	 7.055703E-03	 7.010359E-04	 7.833060E-05	 2.403359E-05	 1.243564E-05	 4.304780E-06	 9.139254E-07	 1.142770E-07	-4.925926E-08	-6.440210E-09	-5.586287E-08	-2.125193E-08	 7.064020E-08
0.45000	 0.000000E+00	 7.768154E-01	 6.817299E-02	 7.379733E-03	 7.365827E-04	 7.580375E-05	 2.295544E-05	 1.295861E-05	 4.691331E-06	 1.029365E-06	 1.298788E-07	-5.803252E-08	-1.247676E-08	-6.126623E-08	-2.465109E-08	 7.454435E-08
0.45552	 0.000000E+00	 7.865056E-01	 6.972337E-02	 7.723902E-03	 7.751640E-04	 7.255620E-05	 2.144958E-05	 1.340644E-05	 5.085125E-06	 1.155351E-06	 1.482897E-07	-6.781851E-08	-1.952531E-08	-6.735994E-08	-2.855209E-08	 7.848704E-08
0.46098	 0.000000E+00	 7.961028E-01	 7.128664E-02	 8.089623E-03	 8.170974E-04	 6.863127E-05	 1.949013E-05	 1.375940E-05	 5.482785E-06	 1.293122E-06	 1.699503E-07	-7.865027E-08	-2.761102E-08	-7.421296E-08	-3.305575E-08	 8.242991E-08
0.46637	 0.000000E+00	 8.056118E-01	 7.286486E-02	 8.477979E-03	 8.626950E-04	 6.409280E-05	 1.705310E-05	 1.399604E-05	 5.880149E-06	 1.443772E-06	 1.954079E-07	-9.048918E-08	-3.676811E-08	-8.190330E-08	-3.826256E-08	 8.633305E-08
0.47170	 0.000000E+00	 8.150368E-01	 7.445925E-02	 8.889824E-03	 9.122681E-04	 5.901271E-05	 1.411230E-05	 1.409262E-05	 6.272177E-06	 1.608233E-06	 2.252354E-07	-1.033014E-07	-4.703493E-08	-9.049588E-08	-4.427649E-08	 9.014258E-08
0.47697	 0.000000E+00	 8.243826E-01	 7.607065E-02	 9.326165E-03	 9.661811E-04	 5.345762E-05	 1.063069E-05	 1.402081E-05	 6.652041E-06	 1.786705E-06	 2.600135E-07	-1.168915E-07	-5.846849E-08	-1.001324E-07	-5.120557E-08	 9.382756E-08
0.48218	 0.000000E+00	 8.336537E-01	 7.769945E-02	 9.788117E-03	 1.024846E-03	 4.749410E-05	 6.559907E-06	 1.374556E-05	 7.010272E-06	 1.978679E-06	 3.002524E-07	-1.310523E-07	-7.115150E-08	-1.109860E-07	-5.917611E-08	 9.735414E-08
0.48734	 0.000000E+00	 8.428543E-01	 7.934493E-02	 1.027625E-02	 1.088628E-03	 4.121262E-05	 1.856981E-06	 1.322905E-05	 7.335218E-06	 2.183289E-06	 3.465522E-07	-1.456500E-07	-8.522368E-08	-1.231951E-07	-6.831014E-08	 1.006611E-07
0.49244	 0.000000E+00	 8.519886E-01	 8.100511E-02	 1.079041E-02	 1.157801E-03	 3.472877E-05	-3.512008E-06	 1.243140E-05	 7.612792E-06	 2.399075E-06	 3.995255E-07	-1.605938E-07	-1.008293E-07	-1.368489E-07	-7.872861E-08	 1.036582E-07
0.49749	 0.000000E+00	 8.610602E-01	 8.267738E-02	 1.133002E-02	 1.232573E-03	 2.817372E-05	-9.571090E-06	 1.131350E-05	 7.827211E-06	 2.623606E-06	 4.597988E-07	-1.755615E-07	-1.180731E-07	-1.520851E-07	-9.055447E-08	 1.062761E-07
0.50249	 0.000000E+00	 8.700728E-01	 8.435973E-02	 1.189486E-02	 1.313204E-03	 2.168271E-05	-1.634707E-05	 9.832533E-06	 7.959368E-06	 2.852876E-06	 5.279280E-07	-1.899518E-07	-1.370424E-07	-1.691303E-07	-1.039141E-07	 1.084769E-07
0.50744	 0.000000E+00	 8.790296E-01	 8.605016E-02	 1.248450E-02	 1.399901E-03	 1.540069E-05	-2.385419E-05	 7.949159E-06	 7.989715E-06	 3.082287E-06	 6.042753E-07	-2.031352E-07	-1.577377E-07	-1.881846E-07	-1.189680E-07	 1.102023E-07
0.51235	 0.000000E+00	 8.879341E-01	 8.774707E-02	 1.309872E-02	 1.492893E-03	 9.482584E-06	-3.210438E-05	 5.621368E-06	 7.895549E-06	 3.305773E-06	 6.889005E-07	-2.144310E-07	-1.800966E-07	-2.094287E-07	-1.358915E-07	 1.113772E-07
0.51720	 0.000000E+00	 8.967889E-01	 8.944861E-02	 1.373669E-02	 1.592290E-03	 4.101794E-06	-4.108383E-05	 2.816927E-06	 7.655543E-06	 3.517002E-06	 7.817219E-07	-2.231183E-07	-2.039537E-07	-2.329724E-07	-1.548648E-07	 1.119024E-07
0.52202	 0.000000E+00	 9.055967E-01	 9.115356E-02	 1.439790E-02	 1.698235E-03	-5.621318E-07	-5.077678E-05	-4.976524E-07	 7.245791E-06	 3.707990E-06	 8.822057E-07	-2.283846E-07	-2.290354E-07	-2.589066E-07	-1.760773E-07	 1.116735E-07
0.52678	 0.000000E+00	 9.143596E-01	 9.286095E-02	 1.508168E-02	 1.810816E-03	-4.324981E-06	-6.114842E-05	-4.345506E-06	 6.644752E-06	 3.870518E-06	 9.895768E-07	-2.293287E-07	-2.549414E-07	-2.872835E-07	-1.997235E-07	 1.105812E-07
0.53151	 0.000000E+00	 9.230801E-01	 9.457083E-02	 1.578803E-02	 1.930229E-03	-7.003078E-06	-7.217179E-05	-8.754223E-06	 5.827824E-06	 3.994550E-06	 1.102363E-06	-2.250754E-07	-2.811483E-07	-3.181174E-07	-2.260187E-07	 1.085005E-07
0.53619	 0.000000E+00	 9.317601E-01	 9.628353E-02	 1.651676E-02	 2.056622E-03	-8.401479E-06	-8.379765E-05	-1.373910E-05	 4.773922E-06	 4.070389E-06	 1.218941E-06	-2.147880E-07	-3.070650E-07	-3.513303E-07	-2.551512E-07	 1.052857E-07
0.54083	 0.000000E+00	 9.404015E-01	 9.799976E-02	 1.726799E-02	 2.190196E-03	-8.320291E-06	-9.597940E-05	-1.931779E-05	 3.459919E-06	 4.086912E-06	 1.336911E-06	-1.978190E-07	-3.319939E-07	-3.867456E-07	-2.873127E-07	 1.007590E-07
0.54544	 0.000000E+00	 9.490060E-01	 9.972015E-02	 1.804161E-02	 2.331113E-03	-6.553002E-06	-1.086543E-04	-2.549817E-05	 1.865671E-06	 4.033127E-06	 1.453580E-06	-1.736038E-07	-3.551890E-07	-4.241140E-07	-3.226571E-07	 9.473826E-08
0.55000	 0.000000E+00	 9.575753E-01	 1.014454E-01	 1.883775E-02	 2.479580E-03	-2.893049E-06	-1.217652E-04	-3.229102E-05	-3.093071E-08	 3.896559E-06	 1.565402E-06	-1.418081E-07	-3.758413E-07	-4.631181E-07	-3.613307E-07	 8.702866E-08
0.55453	 0.000000E+00	 9.661110E-01	 1.031762E-01	 1.965649E-02	 2.635793E-03	 2.868118E-06	-1.352481E-04	-3.970239E-05	-2.250774E-06	 3.664373E-06	 1.668321E-06	-1.023149E-07	-3.931467E-07	-5.033659E-07	-4.034375E-07	 7.743018E-08
0.55902	 0.000000E+00	 9.746147E-01	 1.049129E-01	 2.049786E-02	 2.799954E-03	 1.094261E-05	-1.490350E-04	-4.773556E-05	-4.814342E-06	 3.323116E-06	 1.757705E-06	-5.524227E-08	-4.063138E-07	-5.444031E-07	-4.490404E-07	 6.574362E-08
0.56347	 0.000000E+00	 9.830880E-01	 1.066562E-01	 2.136206E-02	 2.972295E-03	 2.155036E-05	-1.630600E-04	-5.639599E-05	-7.744171E-06	 2.857651E-06	 1.827925E-06	-1.012533E-09	-4.145320E-07	-5.857055E-07	-4.981762E-07	 5.177420E-08
0.56789	 0.000000E+00	 9.915320E-01	 1.084061E-01	 2.224870E-02	 3.152937E-03	 3.491023E-05	-1.772329E-04	-6.567222E-05	-1.105592E-05	 2.254708E-06	 1.873472E-06	 5.965877E-08	-4.171254E-07	-6.266326E-07	-5.507696E-07	 3.532712E-08
0.57228	 0.000000E+00	 9.999484E-01	 1.101629E-01	 2.315793E-02	 3.342108E-03	 5.123947E-05	-1.914816E-04	-7.556332E-05	-1.477019E-05	 1.498310E-06	 1.887433E-06	 1.256828E-07	-4.134073E-07	-6.665627E-07	-6.067600E-07	 1.622914E-08
0.57663	 0.000000E+00	 1.008339E+00	 1.119268E-01	 2.409005E-02	 3.540076E-03	 7.075918E-05	-2.057378E-04	-8.607034E-05	-1.890924E-05	 5.709947E-07	 1.861897E-06	 1.955615E-07	-4.027898E-07	-7.048605E-07	-6.660612E-07	-5.674202E-09
0.58095	 0.000000E+00	 1.016704E+00	 1.136974E-01	 2.504474E-02	 3.746977E-03	 9.368462E-05	-2.199139E-04	-9.718123E-05	-2.349021E-05	-5.433368E-07	 1.788828E-06	 2.672655E-07	-3.849406E-07	-7.407646E-07	-7.284586E-07	-3.053833E-08
0.58523	 0.000000E+00	 1.025046E+00	 1.154737E-01	 2.602149E-02	 3.962899E-03	 1.202204E-04	-2.339217E-04	-1.088812E-04	-2.852927E-05	-1.861295E-06	 1.659393E-06	 3.383438E-07	-3.596469E-07	-7.735241E-07	-7.937005E-07	-5.847769E-08
0.58949	 0.000000E+00	 1.033367E+00	 1.172552E-01	 2.702029E-02	 4.188036E-03	 1.505790E-04	-2.476860E-04	-1.211646E-04	-3.404779E-05	-3.402562E-06	 1.463201E-06	 4.058449E-07	-3.268345E-07	-8.024597E-07	-8.615347E-07	-8.956085E-08
0.59372	 0.000000E+00	 1.041667E+00	 1.190408E-01	 2.804073E-02	 4.422477E-03	 1.849561E-04	-2.611207E-04	-1.340152E-04	-4.006244E-05	-5.185502E-06	 1.189647E-06	 4.662393E-07	-2.867297E-07	-8.268440E-07	-9.316228E-07	-1.238425E-07
0.59791	 0.000000E+00	 1.049948E+00	 1.208295E-01	 2.908235E-02	 4.666286E-03	 2.235426E-04	-2.741348E-04	-1.474118E-04	-4.658784E-05	-7.228397E-06	 8.275875E-07	 5.155481E-07	-2.397871E-07	-8.459855E-07	-1.003576E-06	-1.613313E-07
0.60208	 0.000000E+00	 1.058212E+00	 1.226205E-01	 3.014514E-02	 4.919638E-03	 2.665485E-04	-2.866440E-04	-1.613403E-04	-5.364342E-05	-9.552519E-06	 3.642477E-07	 5.491429E-07	-1.866813E-07	-8.592606E-07	-1.076993E-06	-2.019905E-07
0.60622	 0.000000E+00	 1.066459E+00	 1.244129E-01	 3.122860E-02	 5.182563E-03	 3.141589E-04	-2.985484E-04	-1.757705E-04	-6.124019E-05	-1.217595E-05	-2.126965E-07	 5.619551E-07	-1.284114E-07	-8.660546E-07	-1.151409E-06	-2.457590E-07
0.61033	 0.000000E+00	 1.074692E+00	 1.262058E-01	 3.233258E-02	 5.455175E-03	 3.665797E-04	-3.097517E-04	-1.906782E-04	-6.939363E-05	-1.511969E-05	-9.172334E-07	 5.481834E-07	-6.626212E-08	-8.658339E-07	-1.226335E-06	-2.925196E-07
0.61441	 0.000000E+00	 1.082912E+00	 1.279986E-01	 3.345663E-02	 5.737503E-03	 4.240022E-04	-3.201457E-04	-2.060270E-04	-7.811274E-05	-1.840241E-05	-1.763143E-06	 5.016062E-07	-1.852667E-09	-8.581424E-07	-1.301245E-06	-3.421137E-07
0.61847	 0.000000E+00	 1.091120E+00	 1.297903E-01	 3.460038E-02	 6.029580E-03	 4.866194E-04	-3.296217E-04	-2.217797E-04	-8.740648E-05	-2.204336E-05	-2.765074E-06	 4.153454E-07	 6.285148E-08	-8.426288E-07	-1.375602E-06	-3.943410E-07
0.62249	 0.000000E+00	 1.099316E+00	 1.315805E-01	 3.576362E-02	 6.331477E-03	 5.546397E-04	-3.380676E-04	-2.378987E-04	-9.728473E-05	-2.606317E-05	-3.938857E-06	 2.818053E-07	 1.255158E-07	-8.190705E-07	-1.448863E-06	-4.489445E-07
0.62650	 0.000000E+00	 1.107503E+00	 1.333683E-01	 3.694559E-02	 6.643101E-03	 6.282354E-04	-3.453569E-04	-2.543276E-04	-1.077459E-04	-3.047734E-05	-5.298990E-06	 9.320650E-08	 1.834290E-07	-7.873550E-07	-1.520457E-06	-5.056297E-07
0.63048	 0.000000E+00	 1.115680E+00	 1.351533E-01	 3.814594E-02	 6.964461E-03	 7.076036E-04	-3.513689E-04	-2.710175E-04	-1.187938E-04	-3.530502E-05	-6.862140E-06	-1.592250E-07	 2.334790E-07	-7.475370E-07	-1.589841E-06	-5.640484E-07
0.63443	 0.000000E+00	 1.123850E+00	 1.369348E-01	 3.936414E-02	 7.295504E-03	 7.929222E-04	-3.559720E-04	-2.879050E-04	-1.304232E-04	-4.056122E-05	-8.643929E-06	-4.844491E-07	 2.721591E-07	-6.998468E-07	-1.656485E-06	-6.238177E-07
0.63836	 0.000000E+00	 1.132011E+00	 1.387127E-01	 4.059980E-02	 7.636198E-03	 8.843654E-04	-3.590387E-04	-3.049269E-04	-1.426279E-04	-4.626101E-05	-1.066069E-05	-8.921626E-07	 2.954926E-07	-6.447151E-07	-1.719900E-06	-6.845298E-07
0.64226	 0.000000E+00	 1.140167E+00	 1.404867E-01	 4.185287E-02	 7.986599E-03	 9.821276E-04	-3.604435E-04	-3.220223E-04	-1.554042E-04	-5.242125E-05	-1.293022E-05	-1.393026E-06	 2.989604E-07	-5.828091E-07	-1.779660E-06	-7.457455E-07
0.64614	 0.000000E+00	 1.148317E+00	 1.422567E-01	 4.312300E-02	 8.346677E-03	 1.086376E-03	-3.600509E-04	-3.391156E-04	-1.687376E-04	-5.905328E-05	-1.546850E-05	-1.997671E-06	 2.775911E-07	-5.150452E-07	-1.835381E-06	-8.070071E-07
0.65000	 0.000000E+00	 1.156462E+00	 1.440225E-01	 4.441012E-02	 8.716457E-03	 1.197294E-03	-3.577332E-04	-3.561383E-04	-1.826181E-04	-6.617140E-05	-1.829353E-05	-2.717965E-06	 2.257868E-07	-4.426243E-07	-1.886779E-06	-8.678391E-07
0.65383	 0.000000E+00	 1.164604E+00	 1.457840E-01	 4.571397E-02	 9.095920E-03	 1.315056E-03	-3.533545E-04	-3.730116E-04	-1.970292E-04	-7.378660E-05	-2.142242E-05	-3.565992E-06	 1.374597E-07	-3.670317E-07	-1.933653E-06	-9.277430E-07
0.65765	 0.000000E+00	 1.172742E+00	 1.475412E-01	 4.703407E-02	 9.484986E-03	 1.439821E-03	-3.467704E-04	-3.896447E-04	-2.119453E-04	-8.190514E-05	-2.487067E-05	-4.553784E-06	 6.097421E-09	-2.900488E-07	-1.975889E-06	-9.862040E-07
0.66144	 0.000000E+00	 1.180877E+00	 1.492938E-01	 4.837006E-02	 9.883593E-03	 1.571745E-03	-3.378460E-04	-4.059504E-04	-2.273418E-04	-9.053403E-05	-2.865485E-05	-5.694325E-06	-1.754688E-07	-2.138305E-07	-2.013545E-06	-1.042722E-06
0.66521	 0.000000E+00	 1.189011E+00	 1.510415E-01	 4.972156E-02	 1.029167E-02	 1.710959E-03	-3.264554E-04	-4.218410E-04	-2.431911E-04	-9.967791E-05	-3.279082E-05	-7.000901E-06	-4.150161E-07	-1.409805E-07	-2.046890E-06	-1.096838E-06
0.66895	 0.000000E+00	 1.197144E+00	 1.527837E-01	 5.108852E-02	 1.070920E-02	 1.857608E-03	-3.124843E-04	-4.372374E-04	-2.594699E-04	-1.093438E-04	-3.729600E-05	-8.487965E-06	-7.211788E-07	-7.462756E-08	-2.076442E-06	-1.148148E-06
0.67268	 0.000000E+00	 1.205277E+00	 1.545200E-01	 5.247093E-02	 1.113620E-02	 2.011834E-03	-2.958231E-04	-4.520623E-04	-2.761562E-04	-1.195390E-04	-4.218843E-05	-1.017079E-05	-1.103393E-06	-1.840795E-08	-2.102963E-06	-1.196296E-06
0.67639	 0.000000E+00	 1.213412E+00	 1.562497E-01	 5.386848E-02	 1.157258E-02	 2.173754E-03	-2.763560E-04	-4.662266E-04	-2.932183E-04	-1.302652E-04	-4.748366E-05	-1.206417E-05	-1.571493E-06	 2.364157E-08	-2.127426E-06	-1.240972E-06
0.68007	 0.000000E+00	 1.221549E+00	 1.579723E-01	 5.528070E-02	 1.201820E-02	 2.343480E-03	-2.539600E-04	-4.796322E-04	-3.106178E-04	-1.415203E-04	-5.319559E-05	-1.418263E-05	-2.135671E-06	 4.708837E-08	-2.151029E-06	-1.281923E-06
0.68374	 0.000000E+00	 1.229688E+00	 1.596877E-01	 5.670720E-02	 1.247295E-02	 2.521124E-03	-2.285111E-04	-4.921785E-04	-3.283135E-04	-1.532999E-04	-5.933742E-05	-1.654082E-05	-2.806562E-06	 4.704557E-08	-2.175261E-06	-1.318996E-06
0.68739	 0.000000E+00	 1.237831E+00	 1.613954E-01	 5.814771E-02	 1.293673E-02	 2.706802E-03	-1.998906E-04	-5.037666E-04	-3.462643E-04	-1.655993E-04	-6.592227E-05	-1.915374E-05	-3.595391E-06	 1.811285E-08	-2.201946E-06	-1.352178E-06
0.69101	 0.000000E+00	 1.245978E+00	 1.630952E-01	 5.960212E-02	 1.340949E-02	 2.900636E-03	-1.679811E-04	-5.142983E-04	-3.644286E-04	-1.784128E-04	-7.296313E-05	-2.203680E-05	-4.514016E-06	-4.564923E-08	-2.233255E-06	-1.381599E-06
0.69462	 0.000000E+00	 1.254130E+00	 1.647872E-01	 6.107033E-02	 1.389118E-02	 3.102754E-03	-1.326613E-04	-5.236708E-04	-3.827611E-04	-1.917327E-04	-8.047200E-05	-2.520541E-05	-5.574813E-06	-1.506965E-07	-2.271705E-06	-1.407538E-06
0.69821	 0.000000E+00	 1.262287E+00	 1.664709E-01	 6.255201E-02	 1.438166E-02	 3.313249E-03	-9.381620E-05	-5.317766E-04	-4.012102E-04	-2.055460E-04	-8.845819E-05	-2.867416E-05	-6.790344E-06	-3.039156E-07	-2.320167E-06	-1.430447E-06
0.70178	 0.000000E+00	 1.270451E+00	 1.681461E-01	 6.404681E-02	 1.488080E-02	 3.532204E-03	-5.133453E-05	-5.385078E-04	-4.197222E-04	-2.198378E-04	-9.693002E-05	-3.245750E-05	-8.173539E-06	-5.126953E-07	-2.381909E-06	-1.450981E-06
0.70534	 0.000000E+00	 1.278622E+00	 1.698127E-01	 6.555460E-02	 1.538851E-02	 3.759732E-03	-5.101433E-06	-5.437564E-04	-4.382438E-04	-2.345935E-04	-1.058961E-04	-3.657036E-05	-9.737987E-06	-7.850304E-07	-2.460633E-06	-1.470001E-06
0.70887	 0.000000E+00	 1.286801E+00	 1.714704E-01	 6.707503E-02	 1.590465E-02	 3.995901E-03	 4.498706E-05	-5.474116E-04	-4.567155E-04	-2.497925E-04	-1.153618E-04	-4.102635E-05	-1.149721E-05	-1.129287E-06	-2.560449E-06	-1.488625E-06
0.71239	 0.000000E+00	 1.294988E+00	 1.731189E-01	 6.860796E-02	 1.642911E-02	 4.240797E-03	 9.903433E-05	-5.493646E-04	-4.750787E-04	-2.654147E-04	-1.253323E-04	-4.583937E-05	-1.346528E-05	-1.554421E-06	-2.685934E-06	-1.508233E-06
0.71589	 0.000000E+00	 1.303184E+00	 1.747582E-01	 7.015345E-02	 1.696187E-02	 4.494542E-03	 1.571501E-04	-5.495055E-04	-4.932761E-04	-2.814409E-04	-1.358139E-04	-5.102414E-05	-1.565711E-05	-2.070079E-06	-2.842174E-06	-1.530474E-06
0.71937	 0.000000E+00	 1.311390E+00	 1.763881E-01	 7.171118E-02	 1.750276E-02	 4.757182E-03	 2.194278E-04	-5.477198E-04	-5.112393E-04	-2.978419E-04	-1.468065E-04	-5.659239E-05	-1.808676E-05	-2.686008E-06	-3.034620E-06	-1.557304E-06
0.72284	 0.000000E+00	 1.319607E+00	 1.780083E-01	 7.328116E-02	 1.805173E-02	 5.028812E-03	 2.859683E-04	-5.438946E-04	-5.289040E-04	-3.145916E-04	-1.583116E-04	-6.255694E-05	-2.076918E-05	-3.412682E-06	-3.269272E-06	-1.590992E-06
0.72629	 0.000000E+00	 1.327835E+00	 1.796190E-01	 7.486362E-02	 1.860881E-02	 5.309568E-03	 3.568810E-04	-5.379160E-04	-5.462077E-04	-3.316651E-04	-1.703322E-04	-6.893163E-05	-2.372025E-05	-4.261360E-06	-3.552724E-06	-1.634157E-06
0.72973	 0.000000E+00	 1.336076E+00	 1.812199E-01	 7.645827E-02	 1.917383E-02	 5.599485E-03	 4.322517E-04	-5.296663E-04	-5.630745E-04	-3.490251E-04	-1.828625E-04	-7.572575E-05	-2.695419E-05	-5.243045E-06	-3.891851E-06	-1.689753E-06
0.73314	 0.000000E+00	 1.344330E+00	 1.828110E-01	 7.806529E-02	 1.974678E-02	 5.898680E-03	 5.121849E-04	-5.190274E-04	-5.794350E-04	-3.666396E-04	-1.959003E-04	-8.295081E-05	-3.048665E-05	-6.369729E-06	-4.294201E-06	-1.761123E-06
0.73655	 0.000000E+00	 1.352597E+00	 1.843923E-01	 7.968495E-02	 2.032771E-02	 6.207300E-03	 5.967916E-04	-5.058786E-04	-5.952192E-04	-3.844764E-04	-2.094435E-04	-9.061863E-05	-3.433388E-05	-7.654094E-06	-4.767944E-06	-1.852020E-06
0.73993	 0.000000E+00	 1.360879E+00	 1.859636E-01	 8.131694E-02	 2.091644E-02	 6.525360E-03	 6.861501E-04	-4.900983E-04	-6.103431E-04	-4.024888E-04	-2.234793E-04	-9.873502E-05	-3.850957E-05	-9.108119E-06	-5.321379E-06	-1.966546E-06
0.74330	 0.000000E+00	 1.369177E+00	 1.875251E-01	 8.296157E-02	 2.151300E-02	 6.853010E-03	 7.803712E-04	-4.715621E-04	-6.247321E-04	-4.206390E-04	-2.380018E-04	-1.073098E-04	-4.302974E-05	-1.074523E-05	-5.963689E-06	-2.109289E-06
0.74666	 0.000000E+00	 1.377491E+00	 1.890768E-01	 8.461917E-02	 2.211747E-02	 7.190403E-03	 8.795682E-04	-4.501417E-04	-6.383084E-04	-4.388867E-04	-2.530029E-04	-1.163521E-04	-4.791057E-05	-1.257933E-05	-6.704657E-06	-2.285304E-06
0.75000	 0.000000E+00	 1.385821E+00	 1.906184E-01	 8.628940E-02	 2.272964E-02	 7.537539E-03	 9.838105E-04	-4.257122E-04	-6.509797E-04	-4.571751E-04	-2.684623E-04	-1.258633E-04	-5.316450E-05	-1.462304E-05	-7.553960E-06	-2.499957E-06
0.75333	 0.000000E+00	 1.394170E+00	 1.921502E-01	 8.797285E-02	 2.334966E-02	 7.894613E-03	 1.093218E-03	-3.981418E-04	-6.626673E-04	-4.754619E-04	-2.843704E-04	-1.358518E-04	-5.880798E-05	-1.689128E-05	-8.522556E-06	-2.759278E-06
0.75664	 0.000000E+00	 1.402538E+00	 1.936723E-01	 8.967010E-02	 2.397768E-02	 8.261828E-03	 1.207917E-03	-3.672931E-04	-6.732877E-04	-4.937007E-04	-3.007154E-04	-1.463248E-04	-6.485749E-05	-1.939939E-05	-9.622051E-06	-3.069834E-06
0.75993	 0.000000E+00	 1.410926E+00	 1.951844E-01	 9.138087E-02	 2.461352E-02	 8.639180E-03	 1.327970E-03	-3.330364E-04	-6.827408E-04	-5.118250E-04	-3.174685E-04	-1.572790E-04	-7.132396E-05	-2.216048E-05	-1.086351E-05	-3.438385E-06
0.76322	 0.000000E+00	 1.419335E+00	 1.966866E-01	 9.310600E-02	 2.525742E-02	 9.026917E-03	 1.453511E-03	-2.952302E-04	-6.909423E-04	-5.297864E-04	-3.346160E-04	-1.687207E-04	-7.822402E-05	-2.519089E-05	-1.225978E-05	-3.872607E-06
0.76649	 0.000000E+00	 1.427767E+00	 1.981793E-01	 9.484640E-02	 2.590967E-02	 9.425323E-03	 1.584688E-03	-2.537232E-04	-6.978043E-04	-5.475342E-04	-3.521433E-04	-1.806561E-04	-8.557508E-05	-2.850784E-05	-1.382463E-05	-4.380852E-06
0.76974	 0.000000E+00	 1.436221E+00	 1.996619E-01	 9.660179E-02	 2.657009E-02	 9.834393E-03	 1.721563E-03	-2.083786E-04	-7.032177E-04	-5.649910E-04	-3.700126E-04	-1.930764E-04	-9.338596E-05	-3.212464E-05	-1.557046E-05	-4.971388E-06
0.77298	 0.000000E+00	 1.444701E+00	 2.011345E-01	 9.837297E-02	 2.723889E-02	 1.025438E-02	 1.864271E-03	-1.590446E-04	-7.070884E-04	-5.820972E-04	-3.882014E-04	-2.059826E-04	-1.016718E-04	-3.605832E-05	-1.751184E-05	-5.653624E-06
0.77621	 0.000000E+00	 1.453206E+00	 2.025974E-01	 1.001612E-01	 2.791652E-02	 1.068567E-02	 2.012993E-03	-1.055519E-04	-7.093242E-04	-5.987985E-04	-4.066931E-04	-2.193807E-04	-1.104512E-04	-4.032837E-05	-1.966504E-05	-6.438038E-06
0.77942	 0.000000E+00	 1.461739E+00	 2.040501E-01	 1.019665E-01	 2.860287E-02	 1.112831E-02	 2.167808E-03	-4.775294E-05	-7.098114E-04	-6.150103E-04	-4.254433E-04	-2.332575E-04	-1.197318E-04	-4.494879E-05	-2.204420E-05	-7.334707E-06
0.78262	 0.000000E+00	 1.470301E+00	 2.054924E-01	 1.037893E-01	 2.929809E-02	 1.158256E-02	 2.328852E-03	 1.451654E-05	-7.084443E-04	-6.306598E-04	-4.444189E-04	-2.476073E-04	-1.295260E-04	-4.993671E-05	-2.466540E-05	-8.354878E-06
0.78581	 0.000000E+00	 1.478893E+00	 2.069245E-01	 1.056309E-01	 3.000259E-02	 1.204881E-02	 2.496322E-03	 8.144407E-05	-7.051206E-04	-6.456819E-04	-4.635951E-04	-2.624312E-04	-1.398510E-04	-5.531266E-05	-2.754700E-05	-9.511214E-06
0.78899	 0.000000E+00	 1.487517E+00	 2.083458E-01	 1.074908E-01	 3.071613E-02	 1.252709E-02	 2.670284E-03	 1.531823E-04	-6.997162E-04	-6.599777E-04	-4.829146E-04	-2.777064E-04	-1.507093E-04	-6.108917E-05	-3.070379E-05	-1.081533E-05
0.79215	 0.000000E+00	 1.496173E+00	 2.097563E-01	 1.093698E-01	 3.143887E-02	 1.301765E-02	 2.850888E-03	 2.299111E-04	-6.921163E-04	-6.734634E-04	-5.023349E-04	-2.934205E-04	-1.621097E-04	-6.728293E-05	-3.415304E-05	-1.228038E-05
0.79530	 0.000000E+00	 1.504864E+00	 2.111562E-01	 1.112691E-01	 3.217133E-02	 1.352105E-02	 3.038380E-03	 3.118545E-04	-6.822075E-04	-6.860691E-04	-5.218311E-04	-3.095755E-04	-1.740715E-04	-7.391738E-05	-3.791624E-05	-1.392188E-05
0.79844	 0.000000E+00	 1.513589E+00	 2.125445E-01	 1.131872E-01	 3.291285E-02	 1.403699E-02	 3.232724E-03	 3.991475E-04	-6.698440E-04	-6.976638E-04	-5.413163E-04	-3.261265E-04	-1.865831E-04	-8.099800E-05	-4.200562E-05	-1.575159E-05
0.80156	 0.000000E+00	 1.522351E+00	 2.139207E-01	 1.151248E-01	 3.366356E-02	 1.456562E-02	 3.434017E-03	 4.919706E-04	-6.548882E-04	-7.081365E-04	-5.607246E-04	-3.430438E-04	-1.996423E-04	-8.853628E-05	-4.643693E-05	-1.778338E-05
0.80467	 0.000000E+00	 1.531154E+00	 2.152859E-01	 1.170869E-01	 3.442539E-02	 1.510834E-02	 3.642799E-03	 5.906861E-04	-6.372124E-04	-7.174359E-04	-5.800642E-04	-3.603592E-04	-2.132918E-04	-9.657187E-05	-5.124272E-05	-2.003973E-05
0.80777	 0.000000E+00	 1.540001E+00	 2.166397E-01	 1.190751E-01	 3.519891E-02	 1.566557E-02	 3.859273E-03	 6.955500E-04	-6.166466E-04	-7.254315E-04	-5.992615E-04	-3.780428E-04	-2.275339E-04	-1.051207E-04	-5.644320E-05	-2.253787E-05
0.81086	 0.000000E+00	 1.548894E+00	 2.179808E-01	 1.210907E-01	 3.598446E-02	 1.623754E-02	 4.083587E-03	 8.068010E-04	-5.930120E-04	-7.319751E-04	-6.182235E-04	-3.960498E-04	-2.423603E-04	-1.141929E-04	-6.205570E-05	-2.529418E-05
0.81394	 0.000000E+00	 1.557840E+00	 2.193103E-01	 1.231397E-01	 3.678434E-02	 1.682600E-02	 4.316429E-03	 9.249156E-04	-5.661308E-04	-7.369821E-04	-6.369441E-04	-4.144088E-04	-2.578183E-04	-1.238354E-04	-6.812016E-05	-2.833736E-05
0.81701	 0.000000E+00	 1.566842E+00	 2.206276E-01	 1.252248E-01	 3.759963E-02	 1.743187E-02	 4.558228E-03	 1.050283E-03	-5.357990E-04	-7.403089E-04	-6.553529E-04	-4.330993E-04	-2.739222E-04	-1.340754E-04	-7.466646E-05	-3.169196E-05
0.82006	 0.000000E+00	 1.575902E+00	 2.219310E-01	 1.273459E-01	 3.843012E-02	 1.805515E-02	 4.809074E-03	 1.183154E-03	-5.018068E-04	-7.417609E-04	-6.733157E-04	-4.520467E-04	-2.906470E-04	-1.449162E-04	-8.171028E-05	-3.537589E-05
0.82310	 0.000000E+00	 1.585025E+00	 2.232201E-01	 1.295063E-01	 3.927713E-02	 1.869703E-02	 5.069503E-03	 1.323985E-03	-4.639324E-04	-7.411830E-04	-6.907597E-04	-4.712304E-04	-3.080095E-04	-1.563894E-04	-8.928587E-05	-3.941796E-05
0.82614	 0.000000E+00	 1.594217E+00	 2.244950E-01	 1.317111E-01	 4.014255E-02	 1.935922E-02	 5.340263E-03	 1.473348E-03	-4.219259E-04	-7.384137E-04	-7.076209E-04	-4.906421E-04	-3.260395E-04	-1.685378E-04	-9.743613E-05	-4.385307E-05
0.82916	 0.000000E+00	 1.603482E+00	 2.257544E-01	 1.339620E-01	 4.102697E-02	 2.004250E-02	 5.621778E-03	 1.631685E-03	-3.755300E-04	-7.332384E-04	-7.237682E-04	-5.102163E-04	-3.447250E-04	-1.813780E-04	-1.061889E-04	-4.870908E-05
0.83217	 0.000000E+00	 1.612822E+00	 2.269973E-01	 1.362605E-01	 4.193086E-02	 2.074766E-02	 5.914486E-03	 1.799457E-03	-3.244780E-04	-7.254304E-04	-7.390627E-04	-5.298813E-04	-3.640508E-04	-1.949256E-04	-1.155721E-04	-5.401524E-05
0.83516	 0.000000E+00	 1.622243E+00	 2.282230E-01	 1.386092E-01	 4.285517E-02	 2.147595E-02	 6.219035E-03	 1.977240E-03	-2.684777E-04	-7.147605E-04	-7.533788E-04	-5.495795E-04	-3.840145E-04	-2.092075E-04	-1.256221E-04	-5.980710E-05
0.83815	 0.000000E+00	 1.631748E+00	 2.294306E-01	 1.410097E-01	 4.380041E-02	 2.222837E-02	 6.535971E-03	 2.165581E-03	-2.072304E-04	-7.009745E-04	-7.665636E-04	-5.692285E-04	-4.045956E-04	-2.242389E-04	-1.363692E-04	-6.611830E-05
0.84113	 0.000000E+00	 1.641339E+00	 2.306190E-01	 1.434626E-01	 4.476670E-02	 2.300568E-02	 6.865753E-03	 2.364997E-03	-1.404314E-04	-6.837962E-04	-7.784407E-04	-5.887249E-04	-4.257582E-04	-2.400258E-04	-1.478381E-04	-7.298079E-05
0.84410	 0.000000E+00	 1.651021E+00	 2.317871E-01	 1.459691E-01	 4.575432E-02	 2.380874E-02	 7.208903E-03	 2.576057E-03	-6.775251E-05	-6.629298E-04	-7.888242E-04	-6.079576E-04	-4.474617E-04	-2.565724E-04	-1.600536E-04	-8.042821E-05
0.84705	 0.000000E+00	 1.660797E+00	 2.329338E-01	 1.485313E-01	 4.676400E-02	 2.463880E-02	 7.566088E-03	 2.799429E-03	 1.116801E-05	-6.380602E-04	-7.975250E-04	-6.268162E-04	-4.696696E-04	-2.738875E-04	-1.730449E-04	-8.849889E-05
0.85000	 0.000000E+00	 1.670674E+00	 2.340579E-01	 1.511525E-01	 4.779670E-02	 2.549736E-02	 7.938083E-03	 3.035868E-03	 9.672735E-05	-6.088441E-04	-8.043415E-04	-6.451822E-04	-4.923429E-04	-2.919802E-04	-1.868440E-04	-9.723478E-05
0.85294	 0.000000E+00	 1.680655E+00	 2.351582E-01	 1.538355E-01	 4.885331E-02	 2.638591E-02	 8.325696E-03	 3.286178E-03	 1.893551E-04	-5.749026E-04	-8.090470E-04	-6.629173E-04	-5.154308E-04	-3.108531E-04	-2.014799E-04	-1.066785E-04
0.85586	 0.000000E+00	 1.690748E+00	 2.362333E-01	 1.565829E-01	 4.993454E-02	 2.730589E-02	 8.729719E-03	 3.551178E-03	 2.895017E-04	-5.358248E-04	-8.113886E-04	-6.798596E-04	-5.388660E-04	-3.304983E-04	-2.169763E-04	-1.168717E-04
0.85878	 0.000000E+00	 1.700956E+00	 2.372817E-01	 1.593969E-01	 5.104091E-02	 2.825871E-02	 9.150950E-03	 3.831717E-03	 3.976347E-04	-4.911721E-04	-8.110932E-04	-6.958275E-04	-5.625683E-04	-3.508995E-04	-2.333520E-04	-1.278556E-04
0.86168	 0.000000E+00	 1.711284E+00	 2.383022E-01	 1.622795E-01	 5.217276E-02	 2.924577E-02	 9.590205E-03	 4.128678E-03	 5.142423E-04	-4.404775E-04	-8.078682E-04	-7.106200E-04	-5.864444E-04	-3.720313E-04	-2.506216E-04	-1.396710E-04
0.86458	 0.000000E+00	 1.721736E+00	 2.392933E-01	 1.652316E-01	 5.333012E-02	 3.026831E-02	 1.004824E-02	 4.442931E-03	 6.398175E-04	-3.832481E-04	-8.013969E-04	-7.240099E-04	-6.103814E-04	-3.938532E-04	-2.687896E-04	-1.523546E-04
0.86747	 0.000000E+00	 1.732317E+00	 2.402532E-01	 1.682535E-01	 5.451258E-02	 3.132728E-02	 1.052567E-02	 4.775289E-03	 7.748401E-04	-3.189744E-04	-7.913402E-04	-7.357413E-04	-6.342428E-04	-4.163055E-04	-2.878478E-04	-1.659372E-04
0.87034	 0.000000E+00	 1.743031E+00	 2.411802E-01	 1.713460E-01	 5.571980E-02	 3.242378E-02	 1.102321E-02	 5.126625E-03	 9.198155E-04	-2.471163E-04	-7.773416E-04	-7.455393E-04	-6.578799E-04	-4.393176E-04	-3.077818E-04	-1.804475E-04
0.87321	 0.000000E+00	 1.753881E+00	 2.420732E-01	 1.745108E-01	 5.695186E-02	 3.355941E-02	 1.154178E-02	 5.497991E-03	 1.075324E-03	-1.670807E-04	-7.590253E-04	-7.531150E-04	-6.811402E-04	-4.628167E-04	-3.285793E-04	-1.959181E-04
0.87607	 0.000000E+00	 1.764873E+00	 2.429311E-01	 1.777490E-01	 5.820844E-02	 3.473555E-02	 1.208224E-02	 5.890418E-03	 1.241951E-03	-7.824412E-05	-7.359852E-04	-7.581437E-04	-7.038436E-04	-4.867049E-04	-3.502108E-04	-2.123720E-04
0.87892	 0.000000E+00	 1.776008E+00	 2.437530E-01	 1.810593E-01	 5.948829E-02	 3.595285E-02	 1.264512E-02	 6.304756E-03	 1.420221E-03	 2.000696E-05	-7.077993E-04	-7.602671E-04	-7.257774E-04	-5.108519E-04	-3.726227E-04	-2.298159E-04
0.88176	 0.000000E+00	 1.787288E+00	 2.445373E-01	 1.844381E-01	 6.078918E-02	 3.721110E-02	 1.323057E-02	 6.741598E-03	 1.610545E-03	 1.282466E-04	-6.740449E-04	-7.591017E-04	-7.466990E-04	-5.350932E-04	-3.957341E-04	-2.482368E-04
0.88459	 0.000000E+00	 1.798713E+00	 2.452829E-01	 1.878833E-01	 6.210905E-02	 3.851027E-02	 1.383877E-02	 7.201575E-03	 1.813357E-03	 2.470696E-04	-6.342791E-04	-7.542356E-04	-7.663406E-04	-5.592366E-04	-4.194445E-04	-2.676060E-04
0.88741	 0.000000E+00	 1.810287E+00	 2.459913E-01	 1.913980E-01	 6.344803E-02	 3.985265E-02	 1.447106E-02	 7.686150E-03	 2.029451E-03	 3.772708E-04	-5.880122E-04	-7.452548E-04	-7.844667E-04	-5.831233E-04	-4.436908E-04	-2.879241E-04
0.89022	 0.000000E+00	 1.822010E+00	 2.466662E-01	 1.949819E-01	 6.480512E-02	 4.123955E-02	 1.512845E-02	 8.196614E-03	 2.259608E-03	 5.196716E-04	-5.347066E-04	-7.316855E-04	-8.007922E-04	-6.065472E-04	-4.683754E-04	-3.091644E-04
0.89303	 0.000000E+00	 1.833872E+00	 2.473102E-01	 1.986228E-01	 6.617471E-02	 4.266713E-02	 1.580958E-02	 8.732526E-03	 2.503917E-03	 6.747299E-04	-4.738604E-04	-7.129714E-04	-8.148803E-04	-6.291369E-04	-4.932475E-04	-3.311748E-04
0.89582	 0.000000E+00	 1.845868E+00	 2.479248E-01	 2.023132E-01	 6.755230E-02	 4.413286E-02	 1.651364E-02	 9.293796E-03	 2.762546E-03	 8.428972E-04	-4.050463E-04	-6.886321E-04	-8.263619E-04	-6.505660E-04	-5.180908E-04	-3.538200E-04
0.89861	 0.000000E+00	 1.858001E+00	 2.485139E-01	 2.060604E-01	 6.893756E-02	 4.563982E-02	 1.724220E-02	 9.882336E-03	 3.036486E-03	 1.025114E-03	-3.277593E-04	-6.582284E-04	-8.350015E-04	-6.706519E-04	-5.428360E-04	-3.770771E-04
0.90139	 0.000000E+00	 1.870258E+00	 2.490989E-01	 2.098674E-01	 7.033154E-02	 4.719010E-02	 1.799732E-02	 1.050027E-02	 3.327392E-03	 1.222851E-03	-2.409510E-04	-6.208673E-04	-8.402027E-04	-6.889503E-04	-5.672200E-04	-4.007801E-04
0.90416	 0.000000E+00	 1.882615E+00	 2.497098E-01	 2.137247E-01	 7.173367E-02	 4.878090E-02	 1.877957E-02	 1.114814E-02	 3.636655E-03	 1.437446E-03	-1.432993E-04	-5.753292E-04	-8.409917E-04	-7.046864E-04	-5.906859E-04	-4.245246E-04
0.90692	 0.000000E+00	 1.895066E+00	 2.503507E-01	 2.176304E-01	 7.314130E-02	 5.041162E-02	 1.958881E-02	 1.182640E-02	 3.964799E-03	 1.669620E-03	-3.422669E-05	-5.210129E-04	-8.369086E-04	-7.174560E-04	-6.129724E-04	-4.481107E-04
0.90967	 0.000000E+00	 1.907622E+00	 2.510094E-01	 2.215887E-01	 7.455046E-02	 5.208366E-02	 2.042457E-02	 1.253577E-02	 4.311870E-03	 1.919789E-03	 8.638628E-05	-4.577008E-04	-8.278300E-04	-7.271065E-04	-6.340314E-04	-4.714872E-04
0.91241	 0.000000E+00	 1.920271E+00	 2.516941E-01	 2.255912E-01	 7.595774E-02	 5.379433E-02	 2.128588E-02	 1.327594E-02	 4.678134E-03	 2.188500E-03	 2.191311E-04	-3.847098E-04	-8.131663E-04	-7.331130E-04	-6.534892E-04	-4.943432E-04
0.91515	 0.000000E+00	 1.932986E+00	 2.524257E-01	 2.296196E-01	 7.735910E-02	 5.553729E-02	 2.217070E-02	 1.404535E-02	 5.063654E-03	 2.476087E-03	 3.647247E-04	-3.011782E-04	-7.920855E-04	-7.347390E-04	-6.707552E-04	-5.161799E-04
0.91788	 0.000000E+00	 1.945755E+00	 2.532100E-01	 2.336642E-01	 7.874946E-02	 5.730869E-02	 2.307687E-02	 1.484284E-02	 5.468096E-03	 2.782587E-03	 5.233750E-04	-2.066876E-04	-7.641632E-04	-7.315669E-04	-6.854983E-04	-5.366879E-04
0.92060	 0.000000E+00	 1.958573E+00	 2.540486E-01	 2.377223E-01	 8.012515E-02	 5.910691E-02	 2.400287E-02	 1.566792E-02	 5.891311E-03	 3.108138E-03	 6.952340E-04	-1.008810E-04	-7.290551E-04	-7.232558E-04	-6.974578E-04	-5.556099E-04
0.92331	 0.000000E+00	 1.971426E+00	 2.549569E-01	 2.417903E-01	 8.148599E-02	 6.093055E-02	 2.494826E-02	 1.652053E-02	 6.333913E-03	 3.453304E-03	 8.809194E-04	 1.698843E-05	-6.860907E-04	-7.092360E-04	-7.061798E-04	-5.725467E-04
0.92601	 0.000000E+00	 1.984296E+00	 2.559516E-01	 2.458595E-01	 8.283070E-02	 6.277598E-02	 2.591126E-02	 1.739969E-02	 6.796085E-03	 3.818294E-03	 1.080874E-03	 1.475851E-04	-6.346296E-04	-6.889378E-04	-7.111758E-04	-5.870645E-04
0.92871	 0.000000E+00	 1.997170E+00	 2.570385E-01	 2.499165E-01	 8.415607E-02	 6.463668E-02	 2.688807E-02	 1.830286E-02	 7.277008E-03	 4.202551E-03	 1.295013E-03	 2.911874E-04	-5.742934E-04	-6.619417E-04	-7.120394E-04	-5.987822E-04
0.93140	 0.000000E+00	 2.010050E+00	 2.582083E-01	 2.539553E-01	 8.545996E-02	 6.650684E-02	 2.787442E-02	 1.922737E-02	 7.775512E-03	 4.605306E-03	 1.522975E-03	 4.478288E-04	-5.049201E-04	-6.279636E-04	-7.084902E-04	-6.074231E-04
0.93408	 0.000000E+00	 2.022969E+00	 2.594449E-01	 2.580040E-01	 8.675058E-02	 6.839329E-02	 2.887161E-02	 2.017593E-02	 8.293157E-03	 5.028075E-03	 1.765531E-03	 6.183017E-04	-4.260379E-04	-5.865789E-04	-7.003383E-04	-6.128577E-04
0.93675	 0.000000E+00	 2.035981E+00	 2.607467E-01	 2.621312E-01	 8.805325E-02	 7.032109E-02	 2.989066E-02	 2.115995E-02	 8.836752E-03	 5.476616E-03	 2.026105E-03	 8.053825E-04	-3.359576E-04	-5.365738E-04	-6.870438E-04	-6.147958E-04
0.93941	 0.000000E+00	 2.049150E+00	 2.621159E-01	 2.664154E-01	 8.939939E-02	 7.232259E-02	 3.094664E-02	 2.219465E-02	 9.415482E-03	 5.958871E-03	 2.309630E-03	 1.013069E-03	-2.321677E-04	-4.760886E-04	-6.676959E-04	-6.127045E-04
0.94207	 0.000000E+00	 2.062531E+00	 2.635166E-01	 2.708895E-01	 9.079903E-02	 7.441186E-02	 3.204298E-02	 2.328593E-02	 1.003232E-02	 6.478516E-03	 2.618330E-03	 1.243454E-03	-1.133407E-04	-4.038306E-04	-6.416336E-04	-6.061142E-04
0.94472	 0.000000E+00	 2.076166E+00	 2.648872E-01	 2.755356E-01	 9.224108E-02	 7.658149E-02	 3.317069E-02	 2.442886E-02	 1.068325E-02	 7.033993E-03	 2.951153E-03	 1.496211E-03	 2.034159E-05	-3.193467E-04	-6.085804E-04	-5.946843E-04
0.94736	 0.000000E+00	 2.090085E+00	 2.661928E-01	 2.803385E-01	 9.372306E-02	 7.882730E-02	 3.432474E-02	 2.562094E-02	 1.136637E-02	 7.625125E-03	 3.308249E-03	 1.771920E-03	 1.693700E-04	-2.217032E-04	-5.679337E-04	-5.778245E-04
0.95000	 0.000000E+00	 2.104347E+00	 2.674097E-01	 2.853356E-01	 9.525909E-02	 8.116523E-02	 3.551048E-02	 2.686915E-02	 1.208534E-02	 8.256403E-03	 3.692814E-03	 2.073587E-03	 3.359002E-04	-1.087503E-04	-5.184081E-04	-5.544483E-04
0.95263	 0.000000E+00	 2.119077E+00	 2.685072E-01	 2.906494E-01	 9.688558E-02	 8.365254E-02	 3.675216E-02	 2.820099E-02	 1.285440E-02	 8.942186E-03	 4.113563E-03	 2.408642E-03	 5.245875E-04	 2.343201E-05	-4.580596E-04	-5.231092E-04
0.95525	 0.000000E+00	 2.134377E+00	 2.694522E-01	 2.963717E-01	 9.862684E-02	 8.633698E-02	 3.806924E-02	 2.964051E-02	 1.368541E-02	 9.695738E-03	 4.578824E-03	 2.784632E-03	 7.404242E-04	 1.793169E-04	-3.844144E-04	-4.817659E-04
0.95786	 0.000000E+00	 2.150268E+00	 2.702168E-01	 3.024632E-01	 1.004678E-01	 8.920724E-02	 3.945376E-02	 3.118296E-02	 1.457415E-02	 1.051645E-02	 5.089223E-03	 3.203277E-03	 9.854078E-04	 3.615924E-04	-2.953553E-04	-4.281661E-04
0.96047	 0.000000E+00	 2.166760E+00	 2.707641E-01	 3.088637E-01	 1.023864E-01	 9.224598E-02	 4.089471E-02	 3.282040E-02	 1.551362E-02	 1.140125E-02	 5.643328E-03	 3.664492E-03	 1.260270E-03	 5.720193E-04	-1.893252E-04	-3.603390E-04
0.96307	 0.000000E+00	 2.183931E+00	 2.710322E-01	 3.155893E-01	 1.043752E-01	 9.547283E-02	 4.239627E-02	 3.456348E-02	 1.650545E-02	 1.235568E-02	 6.243712E-03	 4.171534E-03	 1.567411E-03	 8.135851E-04	-6.444158E-05	-2.760765E-04
0.96566	 0.000000E+00	 2.201861E+00	 2.709775E-01	 3.226769E-01	 1.064326E-01	 9.891428E-02	 4.396706E-02	 3.642787E-02	 1.755450E-02	 1.338841E-02	 6.895018E-03	 4.729737E-03	 1.911027E-03	 1.090760E-03	 8.235368E-05	-1.720638E-04
0.96825	 0.000000E+00	 2.220589E+00	 2.706003E-01	 3.301385E-01	 1.085563E-01	 1.025847E-01	 4.561303E-02	 3.842567E-02	 1.866502E-02	 1.450725E-02	 7.601852E-03	 5.344746E-03	 2.296130E-03	 1.408691E-03	 2.550730E-04	-4.402022E-05
0.97082	 0.000000E+00	 2.240143E+00	 2.698953E-01	 3.379624E-01	 1.107346E-01	 1.064872E-01	 4.733390E-02	 4.056419E-02	 1.983796E-02	 1.571777E-02	 8.366716E-03	 6.020653E-03	 2.726681E-03	 1.771735E-03	 4.574372E-04	 1.123162E-04
0.97340	 0.000000E+00	 2.260586E+00	 2.688165E-01	 3.461453E-01	 1.129486E-01	 1.106238E-01	 4.912601E-02	 4.285024E-02	 2.107223E-02	 1.702533E-02	 9.190547E-03	 6.760579E-03	 3.205664E-03	 2.183536E-03	 6.926647E-04	 3.010229E-04
0.97596	 0.000000E+00	 2.282031E+00	 2.673068E-01	 3.547505E-01	 1.151950E-01	 1.150261E-01	 5.099940E-02	 4.530726E-02	 2.237560E-02	 1.844543E-02	 1.007956E-02	 7.573062E-03	 3.739747E-03	 2.650730E-03	 9.660988E-04	 5.280371E-04
0.97852	 0.000000E+00	 2.304629E+00	 2.653165E-01	 3.639081E-01	 1.174812E-01	 1.197598E-01	 5.297874E-02	 4.797926E-02	 2.376657E-02	 2.000653E-02	 1.104670E-02	 8.474353E-03	 4.340761E-03	 3.184351E-03	 1.286506E-03	 8.022951E-04
0.98107	 0.000000E+00	 2.328465E+00	 2.628292E-01	 3.736816E-01	 1.197922E-01	 1.248633E-01	 5.507567E-02	 5.089789E-02	 2.525719E-02	 2.173251E-02	 1.210085E-02	 9.479138E-03	 5.018940E-03	 3.794334E-03	 1.662832E-03	 1.132975E-03
0.98362	 0.000000E+00	 2.353513E+00	 2.598724E-01	 3.839838E-01	 1.220788E-01	 1.302978E-01	 5.726857E-02	 5.405131E-02	 2.683810E-02	 2.362371E-02	 1.323591E-02	 1.058972E-02	 5.775163E-03	 4.482815E-03	 2.099732E-03	 1.525320E-03
0.98615	 0.000000E+00	 2.379775E+00	 2.564683E-01	 3.947642E-01	 1.242999E-01	 1.360485E-01	 5.954324E-02	 5.744011E-02	 2.850734E-02	 2.568795E-02	 1.444906E-02	 1.181331E-02	 6.611211E-03	 5.253555E-03	 2.602437E-03	 1.984605E-03
0.98869	 0.000000E+00	 2.407331E+00	 2.526038E-01	 4.060588E-01	 1.264240E-01	 1.421443E-01	 6.189744E-02	 6.108794E-02	 3.027431E-02	 2.794653E-02	 1.574472E-02	 1.316646E-02	 7.532545E-03	 6.115435E-03	 3.178631E-03	 2.518324E-03
0.99121	 0.000000E+00	 2.436250E+00	 2.482801E-01	 4.178703E-01	 1.284165E-01	 1.485946E-01	 6.431690E-02	 6.500832E-02	 3.214326E-02	 3.041515E-02	 1.712534E-02	 1.466501E-02	 8.542280E-03	 7.077479E-03	 3.834794E-03	 3.133325E-03
0.99373	 0.000000E+00	 2.466581E+00	 2.435261E-01	 4.301504E-01	 1.302444E-01	 1.553787E-01	 6.677022E-02	 6.919851E-02	 3.411070E-02	 3.309856E-02	 1.859073E-02	 1.632068E-02	 9.639201E-03	 8.147482E-03	 4.573496E-03	 3.834480E-03
0.99624	 0.000000E+00	 2.498495E+00	 2.383200E-01	 4.429286E-01	 1.318822E-01	 1.625225E-01	 6.922950E-02	 7.368096E-02	 3.619564E-02	 3.602109E-02	 2.014501E-02	 1.815966E-02	 1.082421E-02	 9.339774E-03	 5.401269E-03	 4.627816E-03
0.99875	 0.000000E+00	 2.532267E+00	 2.326172E-01	 4.562804E-01	 1.333041E-01	 1.700697E-01	 7.166510E-02	 7.848792E-02	 3.842612E-02	 3.921040E-02	 2.178947E-02	 2.021888E-02	 1.209392E-02	 1.067493E-02	 6.327666E-03	 5.519840E-03
